"SETTLEMENT_DATE","SETTLEMENT_PERIOD","ND","TSD","ENGLAND_WALES_DEMAND","EMBEDDED_WIND_GENERATION","EMBEDDED_WIND_CAPACITY","EMBEDDED_SOLAR_GENERATION","EMBEDDED_SOLAR_CAPACITY","NON_BM_STOR","PUMP_STORAGE_PUMPING","SCOTTISH_TRANSFER","IFA_FLOW","IFA2_FLOW","BRITNED_FLOW","MOYLE_FLOW","EAST_WEST_FLOW","NEMO_FLOW","NSL_FLOW","ELECLINK_FLOW","VIKING_FLOW"
"2024-01-01",1,21783,23466,19539,2804,6488,0,16726,0,808,-71,417,-4,666,-179,-92,905,62,998,572
"2024-01-01",2,22521,24103,20286,2834,6488,0,16726,0,895,288,430,-4,661,-60,-8,901,-15,998,575
"2024-01-01",3,22194,24754,20070,2868,6488,0,16726,0,1441,466,834,-4,661,-118,-1,807,-396,997,422
"2024-01-01",4,21510,24505,19424,2901,6488,0,16726,0,1564,262,839,-4,661,-270,-84,803,-473,997,401
"2024-01-01",5,20619,23977,18674,2933,6488,0,16726,0,1454,595,53,-5,661,-340,-103,537,-856,998,28
"2024-01-01",6,20099,23775,18184,2965,6488,0,16726,0,1555,888,18,-5,661,-340,-241,526,-935,999,-4
"2024-01-01",7,19345,23474,17561,2987,6488,0,16726,0,1530,988,361,-5,546,-340,-326,414,-1328,995,-341
"2024-01-01",8,18743,23061,16968,3008,6488,0,16726,0,1521,793,381,-5,541,-340,-470,411,-1382,995,-367
"2024-01-01",9,18365,22732,16612,3000,6488,0,16726,0,1526,1087,225,-5,271,-340,-452,596,-1444,994,-432
"2024-01-01",10,18128,22501,16442,2992,6488,0,16726,0,1500,1217,235,-5,259,-340,-477,602,-1451,969,-438
"2024-01-01",11,18079,22495,16430,2929,6488,0,16726,0,1491,1290,1057,-5,293,-340,-528,584,-1452,113,-503
"2024-01-01",12,18189,22596,16565,2865,6488,0,16726,0,1480,1152,1113,-5,294,-340,-529,583,-1453,62,-507
"2024-01-01",13,18847,23238,17203,2769,6488,0,16726,0,1464,1280,1404,-5,129,-340,-529,796,-1453,169,-486
"2024-01-01",14,19287,23660,17616,2673,6488,0,16726,0,1446,1539,1425,-5,117,-340,-529,803,-1453,183,-484
"2024-01-01",15,19917,23878,18213,2603,6488,0,16726,0,1035,1619,1602,-4,103,-340,-529,691,-1453,394,-573
"2024-01-01",16,20395,23998,18677,2532,6488,0,16726,0,630,1435,1618,-4,102,-405,-528,687,-1436,416,-571
"2024-01-01",17,21582,24790,19824,2448,6488,0,16726,0,407,1145,1892,-4,151,-450,-529,988,-1218,686,-192
"2024-01-01",18,22082,25030,20306,2363,6488,150,16726,0,205,1320,1909,-4,163,-450,-529,999,-1160,698,-149
"2024-01-01",19,23168,25578,21239,2248,6488,733,16726,0,58,1257,1995,-4,417,-450,-529,999,-769,525,449
"2024-01-01",20,23753,26052,21758,2133,6488,1533,16726,0,26,1280,2000,-4,424,-450,-529,999,-690,526,498
"2024-01-01",21,24471,26631,22359,2030,6488,2266,16726,0,330,929,1999,-4,975,-388,-530,999,-308,969,761
"2024-01-01",22,24864,26606,22683,1927,6488,2629,16726,0,18,649,2000,-4,1003,-350,-530,999,-240,998,780
"2024-01-01",23,25947,27435,23632,1844,6488,2876,16726,0,17,634,2000,-4,1003,-337,-530,999,33,998,780
"2024-01-01",24,26664,28121,24317,1761,6488,2535,16726,0,15,799,2000,-4,1003,-308,-530,999,97,998,780
"2024-01-01",25,27852,29324,25408,1643,6488,2162,16726,0,13,897,2001,-4,1003,-325,-530,999,469,998,780
"2024-01-01",26,28748,30225,26240,1525,6488,1971,16726,0,10,671,2000,-4,1004,-332,-531,999,545,998,780
"2024-01-01",27,29377,30790,26831,1408,6488,1523,16726,0,7,541,2001,-4,1003,-271,-531,999,919,998,780
"2024-01-01",28,30067,31369,27443,1291,6488,909,16726,0,7,364,2001,-4,1003,-220,-471,999,993,998,780
"2024-01-01",29,30374,31735,27668,1242,6488,542,16726,0,8,216,2000,-4,1003,-235,-514,999,1353,998,780
"2024-01-01",30,30972,32271,28180,1192,6488,222,16726,0,9,222,2000,-4,1003,-272,-414,999,1398,998,780
"2024-01-01",31,31758,32988,28907,1231,6488,40,16726,0,11,300,2001,-4,1003,-235,-380,999,1399,998,780
"2024-01-01",32,32493,33532,29557,1269,6488,0,16726,0,4,131,2000,-4,975,-196,-235,999,1398,998,780
"2024-01-01",33,33787,34542,30682,1365,6488,0,16726,0,5,466,2000,-4,544,-64,-82,1018,1399,998,780
"2024-01-01",34,34792,35546,31679,1461,6488,0,16726,0,3,676,2000,-4,544,-147,0,1019,1399,997,780
"2024-01-01",35,34845,35637,31786,1590,6488,0,16726,0,4,900,2000,-4,950,-184,0,1019,1399,998,780
"2024-01-01",36,34479,35281,31533,1719,6488,0,16726,0,5,1254,2000,-4,973,-193,0,1020,1399,997,780
"2024-01-01",37,33608,34319,30891,1924,6488,0,16726,0,5,1512,2000,-4,530,-102,25,1019,1399,997,780
"2024-01-01",38,32724,33573,30128,2128,6488,0,16726,0,6,1700,1999,-4,529,-188,-51,1019,1369,997,780
"2024-01-01",39,31674,32416,29302,2338,6488,0,16726,0,11,2355,1999,-4,697,-118,-9,1019,995,997,780
"2024-01-01",40,30525,31348,28321,2547,6488,0,16726,0,12,2846,1999,-4,709,-207,0,1019,919,997,767
"2024-01-01",41,28786,29550,26661,2764,6488,0,16726,0,11,3450,1999,-4,569,-149,0,1019,545,997,251
"2024-01-01",42,27781,28651,25740,2980,6488,0,16726,0,111,3865,1997,-4,539,-155,0,1019,470,997,208
"2024-01-01",43,26182,27632,24362,3126,6488,0,16726,0,283,4545,1921,-4,-415,-148,0,948,96,997,5
"2024-01-01",44,24879,26429,23296,3272,6488,0,16726,0,231,4370,1901,-4,-455,-203,-57,944,19,993,-23
"2024-01-01",45,23495,24747,22053,3384,6488,0,16726,0,219,4980,1244,-4,112,-67,-4,589,-358,864,-747
"2024-01-01",46,22352,24070,20978,3496,6488,0,16726,0,576,4661,1201,-4,122,-102,0,527,-436,855,-793
"2024-01-01",47,20807,24390,19640,3668,6488,0,16726,0,740,5284,1090,-4,-532,-206,-64,-617,-820,822,-738
"2024-01-01",48,20060,24309,18907,3840,6488,0,16727,0,974,4580,1060,-4,-621,-252,-210,-689,-899,822,-727
"2024-01-02",1,20056,24045,18924,3781,6488,0,16727,0,977,4651,316,-4,-628,-322,-166,137,-1292,913,-485
"2024-01-02",2,20391,24303,19310,3721,6488,0,16727,0,960,4698,274,-4,-627,-330,-43,181,-1348,920,-475
"2024-01-02",3,20055,24401,19000,3630,6488,0,16727,0,699,4718,490,-4,-732,-330,-144,-397,-1440,994,-768
"2024-01-02",4,19350,24288,18393,3539,6488,0,16727,0,1140,4380,512,-4,-735,-293,-295,-420,-1451,996,-794
"2024-01-02",5,19219,23840,18219,3420,6488,0,16727,0,1212,4158,799,-4,-580,-328,-446,79,-1451,923,-794
"2024-01-02",6,19001,23306,17888,3300,6488,0,16727,0,842,3587,816,-4,-579,-301,-528,102,-1451,918,-794
"2024-01-02",7,18649,22999,17505,3110,6488,0,16727,0,919,3252,892,-4,-550,-330,-495,96,-1452,918,-794
"2024-01-02",8,18530,23166,17315,2919,6488,0,16727,0,1184,3354,892,-5,-549,-330,-516,96,-1452,920,-794
"2024-01-02",9,18450,23099,17226,2753,6488,0,16727,0,1189,3374,722,-5,-512,-330,-530,-31,-1452,994,-794
"2024-01-02",10,18467,23025,17241,2587,6488,0,16727,0,1125,3269,714,-5,-511,-330,-530,-36,-1421,992,-783
"2024-01-02",11,18986,23203,17625,2438,6488,0,16727,0,1178,3250,802,-5,-547,-330,-530,15,-1027,791,-326
"2024-01-02",12,19601,23724,18228,2288,6488,0,16727,0,1162,3466,828,-4,-549,-330,-530,17,-948,783,-289
"2024-01-02",13,21950,25216,20389,2185,6488,0,16727,0,405,3469,1552,-4,-837,-330,-530,0,-560,985,-135
"2024-01-02",14,23605,26429,22045,2082,6488,0,16727,0,22,3779,1610,-4,-849,-336,-531,7,-482,998,-111
"2024-01-02",15,26131,28582,24449,2012,6488,0,16727,0,21,3525,1959,-4,-762,-431,-530,580,-103,998,261
"2024-01-02",16,27603,29999,25897,1942,6488,0,16727,0,95,3751,1981,-4,-691,-450,-530,610,-26,998,300
"2024-01-02",17,29817,31589,28033,1877,6488,0,16727,0,188,3745,2001,-4,399,-450,-530,928,349,998,744
"2024-01-02",18,31783,33387,29923,1812,6488,0,16727,0,19,3699,2002,-4,453,-450,-531,941,425,998,773
"2024-01-02",19,33278,34876,31316,1786,6488,14,16727,0,14,3632,2001,-4,481,-450,-530,901,797,998,759
"2024-01-02",20,34146,35743,32089,1759,6488,74,16727,0,12,3466,2001,-4,483,-450,-531,900,850,998,749
"2024-01-02",21,34541,36142,32324,1756,6488,125,16727,0,16,3083,2001,-4,418,-450,-531,967,938,998,749
"2024-01-02",22,34830,36425,32517,1753,6488,215,16727,0,11,2639,2001,-4,422,-450,-530,969,979,998,750
"2024-01-02",23,34943,36539,32503,1766,6488,300,16727,0,12,2318,1198,-4,928,-450,-530,998,1352,999,773
"2024-01-02",24,35516,37112,33005,1779,6488,406,16727,0,15,2341,1814,-4,942,-450,-527,1000,1399,998,773
"2024-01-02",25,36134,37622,33577,1841,6488,438,16727,0,13,2333,2000,-4,601,-450,-421,999,1398,997,773
"2024-01-02",26,36280,37628,33632,1903,6488,461,16727,0,11,2230,2000,-4,599,-450,-283,999,1399,997,773
"2024-01-02",27,36082,37278,33379,1965,6488,520,16727,0,11,1941,2000,-4,473,-449,-132,999,1399,997,773
"2024-01-02",28,35681,36792,33041,2027,6488,713,16727,0,14,1688,2000,-4,467,-422,-71,999,1398,997,768
"2024-01-02",29,35320,36347,32669,2086,6488,540,16727,0,13,1505,2000,-4,131,-401,-9,999,1398,998,615
"2024-01-02",30,35326,36361,32648,2145,6488,359,16727,0,13,1241,2001,-4,119,-326,-92,999,1395,997,605
"2024-01-02",31,35716,36783,32983,2201,6488,205,16727,0,11,1051,2002,-4,670,-332,-120,999,1361,998,627
"2024-01-02",32,35966,37194,33175,2257,6488,38,16727,0,9,854,2002,-4,700,-345,-270,999,1359,998,633
"2024-01-02",33,36546,37911,33601,2330,6488,0,16727,0,6,720,2001,-4,327,-444,-311,1016,1393,998,742
"2024-01-02",34,37536,38922,34487,2403,6488,0,16727,0,4,716,2001,-4,333,-407,-371,1017,1397,998,436
"2024-01-02",35,38382,39946,35312,2417,6488,0,16727,0,4,616,2000,-4,967,-449,-507,1019,1397,997,0
"2024-01-02",36,38399,39987,35362,2431,6488,0,16727,0,4,746,2001,-4,1003,-450,-530,1019,1397,997,0
"2024-01-02",37,37716,39306,34775,2426,6488,0,16727,0,6,775,2001,-4,945,-450,-530,1019,1393,998,0
"2024-01-02",38,36581,38173,33718,2421,6488,0,16727,0,8,1011,2000,-4,944,-450,-530,1019,1392,997,0
"2024-01-02",39,35256,36854,32489,2412,6488,0,16727,0,14,1194,2000,-4,1001,-450,-530,1019,1390,998,0
"2024-01-02",40,33905,35501,31298,2403,6488,0,16727,0,12,1264,2000,-4,993,-450,-530,1019,1369,997,0
"2024-01-02",41,32805,34401,30315,2395,6488,0,16727,0,11,1337,2000,-4,735,-450,-531,1014,1113,997,0
"2024-01-02",42,32022,33615,29651,2386,6488,0,16727,0,9,1460,2000,-4,734,-450,-530,1013,1051,997,0
"2024-01-02",43,30514,32107,28281,2367,6488,0,16727,0,10,1679,2000,-4,728,-450,-529,1000,678,997,0
"2024-01-02",44,29159,30755,26995,2347,6488,0,16727,0,12,1547,2000,-4,728,-450,-530,999,602,997,0
"2024-01-02",45,27828,29424,25717,2345,6488,0,16727,0,11,1621,2000,-4,712,-450,-531,999,228,997,645
"2024-01-02",46,26171,27772,24229,2343,6488,0,16727,0,16,1626,1997,-4,704,-450,-531,999,179,997,777
"2024-01-02",47,24093,26209,22276,2305,6488,0,16727,0,588,1806,1746,-4,478,-450,-474,905,138,997,777
"2024-01-02",48,23226,25654,21495,2267,6488,0,16729,0,870,1746,1733,-4,478,-435,-519,901,162,997,777
"2024-01-03",1,23097,25678,21471,2250,6488,0,16729,0,1122,1611,1769,-4,544,-339,-516,901,534,997,777
"2024-01-03",2,23277,25865,21682,2232,6488,0,16729,0,1252,1786,1772,-4,554,-330,-402,901,585,997,777
"2024-01-03",3,23085,25665,21522,2210,6488,0,16729,0,1250,1846,1844,-4,758,-330,-396,906,641,985,777
"2024-01-03",4,22707,25488,21155,2187,6488,0,16729,0,1328,1910,1848,-4,757,-330,-519,906,618,997,773
"2024-01-03",5,22296,24908,20869,2140,6488,0,16729,0,1147,2132,1898,-4,381,-330,-531,906,244,997,576
"2024-01-03",6,22044,24703,20646,2093,6488,0,16729,0,1193,2142,1900,-4,364,-331,-531,906,185,997,556
"2024-01-03",7,21820,24513,20414,2085,6488,0,16729,0,1227,2177,1900,-4,321,-331,-531,906,17,997,325
"2024-01-03",8,21486,24166,20059,2076,6488,0,16729,0,1214,2249,1895,-4,319,-331,-531,906,22,997,306
"2024-01-03",9,21363,23954,19953,2050,6488,0,16729,0,1125,2341,1713,-4,291,-331,-531,902,339,997,154
"2024-01-03",10,21484,24160,20092,2024,6488,0,16729,0,1210,2489,1697,-4,290,-331,-531,901,408,998,150
"2024-01-03",11,21865,24312,20415,1992,6488,0,16729,0,980,2506,1447,-5,317,-331,-531,807,780,998,437
"2024-01-03",12,22701,24892,21167,1959,6488,0,16729,0,726,2510,1445,-4,318,-330,-531,803,856,996,460
"2024-01-03",13,25087,26769,23392,1899,6488,0,16729,0,175,2425,1824,-4,610,-372,-531,757,1229,944,531
"2024-01-03",14,27083,28660,25304,1839,6488,0,16729,0,22,2266,1851,-4,611,-438,-513,756,1284,942,546
"2024-01-03",15,29473,30854,27504,1800,6488,0,16729,0,19,2458,1898,-4,301,-343,-415,839,1386,994,766
"2024-01-03",16,30770,32323,28726,1761,6488,0,16729,0,13,2087,1903,-4,305,-429,-507,843,1399,998,780
"2024-01-03",17,32399,33995,30253,1721,6488,3,16729,0,12,1982,1994,-4,825,-450,-530,933,1398,998,780
"2024-01-03",18,33463,35058,31185,1680,6488,186,16729,0,11,2349,2000,-4,851,-450,-530,936,1398,997,780
"2024-01-03",19,33798,35392,31380,1679,6488,537,16729,0,9,2514,2000,-4,948,-450,-531,959,1397,998,780
"2024-01-03",20,33880,35473,31420,1678,6488,895,16729,0,8,2569,2000,-4,954,-450,-531,960,1397,997,780
"2024-01-03",21,33965,35559,31434,1685,6488,1331,16729,0,9,2533,2000,-4,1001,-450,-531,998,1398,997,780
"2024-01-03",22,34154,35730,31559,1692,6488,1705,16729,0,9,2406,2000,-4,1003,-450,-513,999,1398,997,780
"2024-01-03",23,34057,35467,31433,1699,6488,1778,16729,0,12,2106,2000,-4,1003,-409,-385,999,1399,996,780
"2024-01-03",24,34036,35322,31417,1706,6488,1942,16729,0,9,2205,1999,-4,1003,-371,-302,999,1399,996,780
"2024-01-03",25,34751,36021,32051,1704,6488,2140,16729,0,9,2029,2000,-4,1003,-447,-210,999,1399,997,780
"2024-01-03",26,35116,36377,32406,1702,6488,1888,16729,0,9,1985,2000,-4,1003,-433,-215,999,1399,997,780
"2024-01-03",27,34955,36010,32255,1697,6488,1875,16729,0,8,1987,2000,-4,1003,-370,-73,999,1399,997,780
"2024-01-03",28,35090,36081,32385,1692,6488,1575,16729,0,6,1864,2000,-4,998,-381,0,999,1399,997,780
"2024-01-03",29,35488,36347,32855,1704,6488,1069,16729,0,6,2514,2000,-4,451,-249,0,999,1399,998,780
"2024-01-03",30,35654,36535,33041,1716,6488,658,16729,0,14,2587,2000,-4,407,-263,0,999,1398,998,780
"2024-01-03",31,35789,36978,33150,1776,6488,256,16729,0,12,2496,2000,-4,-400,-173,0,999,1398,997,780
"2024-01-03",32,36633,37785,33977,1835,6488,40,16729,0,8,2628,2000,-4,-459,-81,0,999,1397,997,780
"2024-01-03",33,37642,39240,34768,1856,6488,0,16729,0,6,2997,2001,-4,-988,32,56,1018,1397,997,780
"2024-01-03",34,38661,40285,35512,1876,6488,0,16729,0,6,3060,2000,-4,-1014,133,11,1019,1397,997,780
"2024-01-03",35,39360,40561,36147,1899,6488,0,16729,0,6,2733,2000,-4,-591,29,0,1019,1397,997,780
"2024-01-03",36,39562,40706,36347,1921,6488,0,16729,0,6,2758,1999,-4,-534,29,0,1019,1397,997,780
"2024-01-03",37,39380,40526,36257,1935,6488,0,16729,0,8,3008,1999,-4,-534,155,0,934,1397,997,780
"2024-01-03",38,38312,39437,35295,1949,6488,0,16729,0,16,2905,2000,-4,-505,83,0,930,1397,997,780
"2024-01-03",39,37641,38277,34727,1961,6488,0,16729,0,16,2696,1999,-4,448,-16,0,1016,1397,997,780
"2024-01-03",40,36378,37142,33660,1973,6488,0,16729,0,13,2672,2000,-4,519,-147,0,1019,1397,997,780
"2024-01-03",41,35027,36006,32383,1989,6488,0,16729,0,13,2596,1999,-4,981,-298,-64,1019,1397,997,780
"2024-01-03",42,33488,34748,30991,2005,6488,0,16729,0,13,2608,1999,-4,1002,-431,-212,1019,1397,997,780
"2024-01-03",43,32094,33359,29732,2013,6488,0,16729,0,11,2697,2000,-4,1003,-451,-199,1000,1397,997,780
"2024-01-03",44,30431,31718,28202,2020,6488,0,16729,0,11,2734,1986,-4,1003,-451,-221,999,1397,998,778
"2024-01-03",45,28309,29677,26200,2014,6488,0,16729,0,10,2810,1583,-4,813,-451,-303,953,1398,997,658
"2024-01-03",46,26784,28020,24794,2007,6488,0,16729,0,14,2855,1533,-4,801,-450,-168,941,1398,997,649
"2024-01-03",47,25182,26270,23277,1962,6488,0,16729,0,14,2949,927,-4,285,-437,-33,290,1398,998,649
"2024-01-03",48,24088,25389,22241,1917,6488,0,16731,0,280,2922,883,-4,260,-417,0,256,1399,998,649
"2024-01-04",1,23915,25600,22122,1896,6488,0,16731,0,747,3063,874,-4,157,-334,0,255,1399,997,649
"2024-01-04",2,24456,26358,22697,1875,6488,0,16731,0,1081,3265,888,-4,152,-217,0,256,1398,998,649
"2024-01-04",3,24144,26186,22383,1854,6488,0,16731,0,1196,2873,1288,-4,2,-242,0,441,1399,997,582
"2024-01-04",4,23622,25866,21887,1832,6488,0,16731,0,1262,2474,1318,-4,0,-378,0,453,1398,997,575
"2024-01-04",5,23318,26024,21596,1811,6488,0,16731,0,1515,2341,1330,-4,-98,-450,-39,975,1399,997,510
"2024-01-04",6,22908,25603,21198,1789,6488,0,16731,0,1505,2343,1330,-4,-104,-450,-32,999,1387,997,506
"2024-01-04",7,22456,25149,20736,1766,6488,0,16731,0,1486,2365,1282,-5,-104,-450,-48,953,1251,997,572
"2024-01-04",8,22055,24733,20309,1742,6488,0,16731,0,1460,2174,1276,-5,-104,-450,-59,951,1211,997,577
"2024-01-04",9,21733,24393,20034,1708,6488,0,16731,0,1463,2334,1167,-5,95,-450,-142,903,912,998,577
"2024-01-04",10,21923,24707,20160,1673,6488,0,16731,0,1474,2321,1165,-5,102,-450,-255,901,886,991,577
"2024-01-04",11,22201,25033,20500,1612,6488,0,16731,0,1452,2498,1361,-5,-185,-450,-140,787,1022,796,577
"2024-01-04",12,23162,25670,21395,1551,6488,0,16731,0,1316,2474,1376,-5,-201,-373,-13,783,1052,783,577
"2024-01-04",13,25595,27473,23637,1469,6488,0,16731,0,530,2879,1376,-4,-474,-270,0,642,1219,754,544
"2024-01-04",14,27902,29681,25799,1387,6488,0,16731,0,315,2539,1358,-4,-489,-371,0,626,1210,747,525
"2024-01-04",15,30670,32731,28381,1325,6488,0,16731,0,35,2314,678,-4,-989,-320,0,-57,837,544,-56
"2024-01-04",16,32566,34819,30091,1263,6488,0,16731,0,17,2057,653,-4,-1015,-423,-8,-95,820,530,-91
"2024-01-04",17,34051,36546,31431,1207,6488,3,16731,0,16,1828,1355,-4,-1014,-435,-125,-301,1193,487,0
"2024-01-04",18,34973,37501,32270,1151,6488,230,16731,0,15,2028,1394,-4,-1014,-338,-277,-280,1250,488,1
"2024-01-04",19,35773,38078,32920,1102,6488,911,16731,0,10,1771,1197,-4,-835,-428,-428,649,1381,620,162
"2024-01-04",20,36018,38346,33077,1053,6488,1482,16731,0,7,1548,1187,-4,-740,-450,-527,710,1377,628,181
"2024-01-04",21,35808,37399,32815,1002,6488,1879,16731,0,6,1376,1443,-4,-3,-450,-528,693,1131,624,214
"2024-01-04",22,35590,37179,32579,951,6488,2144,16731,0,6,1358,1468,-4,0,-450,-529,692,1115,630,220
"2024-01-04",23,35986,37573,32969,906,6488,2134,16731,0,4,932,1970,-4,0,-450,-529,698,1300,831,349
"2024-01-04",24,36250,37839,33172,860,6488,2041,16731,0,6,882,2002,-4,0,-450,-529,698,1327,844,358
"2024-01-04",25,36775,38364,33666,819,6488,1838,16731,0,6,767,2000,-4,111,-450,-529,902,1390,842,316
"2024-01-04",26,37192,38778,34074,778,6488,1491,16731,0,4,798,1999,-4,117,-450,-528,909,1398,845,311
"2024-01-04",27,37632,39220,34517,737,6488,1222,16731,0,5,836,1952,-4,409,-450,-529,942,1399,965,289
"2024-01-04",28,37463,39053,34335,695,6488,848,16731,0,8,877,1951,-4,421,-450,-528,943,1394,973,287
"2024-01-04",29,37784,39379,34642,683,6488,538,16731,0,12,1024,1998,-4,239,-450,-529,883,1333,957,287
"2024-01-04",30,38332,39926,35145,670,6488,300,16731,0,11,1135,2000,-4,236,-450,-529,880,1298,957,274
"2024-01-04",31,38282,40035,35069,682,6488,120,16731,0,5,1288,2000,-4,212,-450,-529,994,960,995,-165
"2024-01-04",32,38487,40269,35228,694,6488,13,16731,0,5,1454,2000,-4,209,-450,-529,998,947,997,-194
"2024-01-04",33,38978,41477,35624,714,6488,0,16731,0,5,1621,1999,-4,-803,-450,-529,1018,1320,997,-108
"2024-01-04",34,40144,42869,36665,734,6488,0,16731,0,5,2045,1999,-4,-1007,-451,-529,1019,1368,997,-94
"2024-01-04",35,40434,42520,36895,759,6488,0,16731,0,4,1761,1999,-4,-398,-451,-529,1019,1394,997,0
"2024-01-04",36,40364,42358,36794,783,6488,0,16731,0,5,1634,1998,-4,-365,-452,-529,1019,1386,997,-21
"2024-01-04",37,40394,42903,36898,791,6488,0,16731,0,5,1536,1998,-4,-210,-451,-529,1019,1237,997,-710
"2024-01-04",38,39784,42314,36360,799,6488,0,16731,0,6,1369,1999,-4,-198,-452,-528,1019,1206,997,-742
"2024-01-04",39,39368,41146,36049,804,6488,0,16731,0,13,1274,1998,-4,791,-451,-529,1019,1033,997,-181
"2024-01-04",40,37830,39572,34650,808,6488,0,16731,0,12,1198,1998,-4,996,-452,-529,1019,1004,994,-145
"2024-01-04",41,36300,38033,33186,828,6488,0,16731,0,12,1253,1998,-4,600,-452,-530,1019,907,893,-135
"2024-01-04",42,35188,36917,32206,848,6488,0,16731,0,12,1328,1998,-4,581,-451,-531,1019,898,883,-131
"2024-01-04",43,33630,35161,30750,863,6488,0,16731,0,12,1473,1940,-4,734,-374,-530,1000,925,768,-11
"2024-01-04",44,31935,33404,29195,877,6488,0,16731,0,10,1662,1935,-4,741,-324,-531,999,904,759,0
"2024-01-04",45,30025,31419,27477,896,6488,0,16731,0,8,1602,1775,-4,820,-252,-530,975,594,678,0
"2024-01-04",46,28418,29761,26002,914,6488,0,16731,0,12,1351,1765,-4,825,-243,-484,974,585,681,0
"2024-01-04",47,26754,28164,24470,910,6488,0,16731,0,10,922,1732,-4,766,-307,-489,809,957,978,0
"2024-01-04",48,25622,27070,23389,905,6488,0,16734,0,42,529,1725,-4,763,-423,-379,803,1029,997,0
"2024-01-05",1,25277,27062,23138,915,6488,0,16734,0,505,657,1609,-4,700,-442,-234,921,1358,997,130
"2024-01-05",2,25724,27302,23589,925,6488,0,16734,0,528,723,1595,-4,695,-363,-83,925,1399,997,144
"2024-01-05",3,25208,27166,23103,954,6488,0,16734,0,908,708,1418,-4,220,-411,-35,899,1399,997,164
"2024-01-05",4,24640,27166,22615,983,6488,0,16734,0,1506,824,1403,-4,198,-414,-2,897,1369,997,167
"2024-01-05",5,24113,26706,22149,1002,6488,0,16734,0,1505,894,1244,-4,239,-414,-70,768,995,997,102
"2024-01-05",6,23843,26386,21863,1021,6488,0,16734,0,1520,803,1235,-4,239,-414,-5,764,921,997,97
"2024-01-05",7,23208,25723,21231,1071,6488,0,16734,0,1492,820,1264,-4,169,-408,-11,780,564,997,97
"2024-01-05",8,22624,25151,20644,1120,6488,0,16734,0,1486,869,1269,-4,166,-333,-104,780,491,997,86
"2024-01-05",9,22149,24560,20213,1137,6488,0,16734,0,1476,955,1437,-4,135,-185,-19,841,118,997,-127
"2024-01-05",10,21767,24078,19833,1153,6488,0,16734,0,1474,982,1447,-4,134,-81,0,843,67,988,-152
"2024-01-05",11,21895,23810,19984,1153,6488,0,16734,0,874,1206,1496,-4,154,0,0,756,3,691,-437
"2024-01-05",12,23676,24800,21678,1152,6488,0,16734,0,34,1052,1489,-4,155,-35,0,735,-6,676,-445
"2024-01-05",13,26376,27096,24229,1124,6488,0,16734,0,15,872,1268,-4,130,-15,40,-53,-5,834,-28
"2024-01-05",14,28562,29457,26217,1095,6488,0,16734,0,16,436,1235,-4,130,-143,0,-99,-32,833,-1
"2024-01-05",15,31158,32668,28676,1092,6488,0,16734,0,52,324,690,-4,117,-290,-16,140,-368,435,-180
"2024-01-05",16,32859,34367,30271,1089,6488,0,16734,0,16,220,676,-4,117,-315,-2,150,-383,414,-188
"2024-01-05",17,34615,35789,31858,1093,6488,0,16734,0,14,-81,1415,-4,128,-433,-76,478,-47,565,57
"2024-01-05",18,35692,36761,32803,1097,6488,76,16734,0,16,-6,1465,-4,129,-410,-34,492,-5,583,75
"2024-01-05",19,36629,37861,33657,1118,6488,341,16734,0,13,-39,1463,-4,178,-450,-160,845,-5,896,186
"2024-01-05",20,36692,37987,33686,1138,6488,662,16734,0,12,-242,1471,-4,180,-451,-223,859,-5,916,198
"2024-01-05",21,36748,38098,33691,1138,6488,1009,16734,0,12,-346,1684,-4,-96,-450,-183,685,-5,935,439
"2024-01-05",22,36674,38034,33621,1138,6488,1365,16734,0,12,-329,1704,-4,-104,-451,-184,679,-5,936,454
"2024-01-05",23,37130,38321,34022,1149,6488,1809,16734,0,12,-222,1957,-4,127,-394,-176,921,-5,944,476
"2024-01-05",24,37240,38371,34054,1160,6488,2095,16734,0,12,-180,1970,-4,118,-378,-137,930,7,943,477
"2024-01-05",25,37173,38520,34000,1182,6488,2217,16734,0,9,-147,1971,-4,-244,-387,-103,955,136,902,477
"2024-01-05",26,37087,38483,33922,1203,6488,2050,16734,0,7,-85,1968,-4,-255,-379,-151,956,163,901,474
"2024-01-05",27,36996,38619,33856,1198,6488,1819,16734,0,8,-72,1808,-4,-548,-407,-56,825,300,945,232
"2024-01-05",28,36904,38590,33810,1193,6488,1528,16734,0,8,-28,1777,-4,-549,-408,-117,819,314,947,210
"2024-01-05",29,36333,37442,33230,1179,6488,1079,16734,0,7,319,1169,-4,-198,-278,-22,475,277,909,13
"2024-01-05",30,36274,37402,33215,1165,6488,608,16734,0,10,568,1143,-4,-156,-340,-18,466,254,905,0
"2024-01-05",31,37043,38096,33937,1175,6488,266,16734,0,12,430,1833,-4,480,-332,-105,961,25,885,59
"2024-01-05",32,37497,38454,34373,1185,6488,51,16734,0,12,569,1867,-4,548,-201,-140,984,16,887,85
"2024-01-05",33,38136,39310,34883,1176,6488,0,16734,0,10,557,1499,-4,325,-278,-282,970,266,968,531
"2024-01-05",34,39330,40500,35944,1167,6488,0,16734,0,5,338,1477,-4,325,-273,-288,969,322,974,560
"2024-01-05",35,40025,41457,36467,1156,6488,0,16734,0,4,45,1628,-4,660,-403,-421,779,640,996,560
"2024-01-05",36,39764,41287,36227,1145,6488,0,16734,0,5,193,1642,-4,699,-388,-526,772,663,997,560
"2024-01-05",37,39352,40836,35900,1131,6488,0,16734,0,5,178,1818,-4,981,-399,-476,868,457,997,583
"2024-01-05",38,38893,40387,35463,1116,6488,0,16734,0,6,312,1833,-4,993,-360,-524,871,461,996,589
"2024-01-05",39,38048,39428,34765,1103,6488,0,16734,0,15,480,1991,-4,1003,-325,-436,1014,833,953,742
"2024-01-05",40,36835,38268,33663,1089,6488,0,16734,0,12,379,2000,-4,1002,-411,-406,1019,885,948,744
"2024-01-05",41,35475,36754,32374,1073,6488,0,16734,0,11,299,2000,-4,631,-398,-266,1019,952,862,367
"2024-01-05",42,34214,35476,31247,1057,6488,0,16734,0,9,359,2000,-4,616,-451,-198,1019,981,859,338
"2024-01-05",43,32909,34089,30014,1039,6488,0,16734,0,10,434,1996,-4,902,-450,-116,799,1243,952,338
"2024-01-05",44,31446,32741,28708,1021,6488,0,16734,0,6,683,1996,-4,915,-450,-235,790,1246,959,336
"2024-01-05",45,29858,31138,27273,1014,6488,0,16734,0,6,587,1958,-4,689,-450,-220,835,872,960,183
"2024-01-05",46,28379,29767,25929,1007,6488,0,16734,0,6,486,1957,-4,681,-450,-328,836,855,962,184
"2024-01-05",47,27017,28473,24635,995,6488,0,16734,0,6,492,1997,-4,990,-428,-418,994,1229,994,745
"2024-01-05",48,25925,27179,23643,982,6488,0,16734,0,4,595,1999,-4,1003,-344,-302,999,1283,996,786
"2024-01-06",1,25543,26532,23364,970,6488,0,16734,0,2,910,1999,-4,1003,-233,-150,999,1386,997,785
"2024-01-06",2,25869,26605,23736,957,6488,0,16734,0,2,1041,1999,-4,1003,-112,-18,999,1399,996,786
"2024-01-06",3,25517,26337,23433,947,6488,0,16734,0,2,882,1975,-4,1003,-214,0,999,1399,996,786
"2024-01-06",4,24882,25834,22838,937,6488,0,16734,0,22,790,1974,-4,1003,-279,-47,999,1399,996,786
"2024-01-06",5,24197,25825,22198,928,6488,0,16734,0,725,901,1998,-4,953,-260,-39,999,1399,996,785
"2024-01-06",6,23685,25671,21749,918,6488,0,16734,0,1113,892,1999,-4,953,-260,-9,999,1399,996,786
"2024-01-06",7,23400,25487,21451,939,6488,0,16734,0,1156,916,1956,-4,912,-260,-67,999,1399,996,786
"2024-01-06",8,22820,24915,20893,960,6488,0,16734,0,1160,1007,1955,-4,888,-260,-71,999,1399,996,786
"2024-01-06",9,22479,24534,20592,960,6488,0,16734,0,1158,1013,1998,-4,507,-260,-33,999,1399,996,785
"2024-01-06",10,22311,24456,20445,960,6488,0,16734,0,1149,1058,1995,-4,507,-260,-132,999,1372,996,783
"2024-01-06",11,22448,24174,20563,954,6488,0,16734,0,835,1015,1726,-4,492,-260,-27,956,1036,997,664
"2024-01-06",12,22661,24201,20772,947,6488,0,16734,0,618,1010,1715,-4,491,-281,-37,954,999,997,650
"2024-01-06",13,23815,24891,21811,918,6488,0,16734,0,133,1172,1860,-4,455,-339,0,913,1059,996,599
"2024-01-06",14,24692,25739,22599,889,6488,0,16734,0,7,1224,1858,-4,453,-430,-6,911,1036,995,583
"2024-01-06",15,25876,26937,23677,884,6488,0,16734,0,7,1438,1501,-4,373,-450,0,809,663,935,124
"2024-01-06",16,26975,28087,24676,878,6488,0,16734,0,7,1611,1481,-4,361,-450,-51,805,622,930,87
"2024-01-06",17,28475,30070,26059,878,6488,1,16734,0,5,1718,1636,-4,-381,-435,-170,623,693,892,0
"2024-01-06",18,29642,31250,27129,878,6488,155,16734,0,6,1575,1636,-4,-430,-338,-230,616,731,892,1
"2024-01-06",19,30820,32608,28156,888,6488,803,16734,0,6,1313,1418,-4,-392,-428,-358,746,1103,991,137
"2024-01-06",20,31278,33022,28492,898,6488,1697,16734,0,6,1147,1404,-4,-390,-431,-313,751,1166,998,144
"2024-01-06",21,31296,32999,28447,891,6488,2661,16734,0,6,1057,1328,-4,-214,-450,-429,674,1372,998,144
"2024-01-06",22,31006,32733,28124,883,6488,3302,16734,0,6,1000,993,-4,-199,-450,-468,671,1398,997,142
"2024-01-06",23,30992,32575,28050,890,6488,3518,16734,0,8,685,995,-4,289,-450,-521,484,1398,998,12
"2024-01-06",24,31102,32659,28096,897,6488,3811,16734,0,10,663,967,-4,320,-450,-493,477,1382,998,4
"2024-01-06",25,31187,32777,28175,905,6488,3719,16734,0,5,784,674,-4,446,-450,-531,558,1183,998,136
"2024-01-06",26,31220,32817,28216,912,6488,3511,16734,0,12,575,1499,-4,454,-450,-531,560,1164,997,143
"2024-01-06",27,31657,33250,28668,904,6488,3100,16734,0,8,630,1499,-4,511,-450,-531,713,1226,997,8
"2024-01-06",28,31959,33554,28991,895,6488,2378,16734,0,10,589,1499,-4,513,-450,-531,719,1205,997,0
"2024-01-06",29,32000,33656,29002,877,6488,1952,16734,0,10,566,1498,-4,394,-450,-531,960,854,996,-61
"2024-01-06",30,32359,34026,29365,859,6488,1391,16734,0,16,698,1499,-4,392,-450,-531,969,819,996,-66
"2024-01-06",31,33011,34589,29967,879,6488,605,16734,0,16,573,1499,-4,504,-450,-508,949,935,998,0
"2024-01-06",32,33938,35512,30845,898,6488,102,16734,0,12,774,1499,-4,511,-443,-515,948,979,997,20
"2024-01-06",33,35685,37280,32392,914,6488,0,16734,0,10,475,1498,-4,939,-450,-531,992,1352,997,624
"2024-01-06",34,37175,38769,33810,930,6488,0,16734,0,9,724,1499,-4,959,-450,-531,994,1399,997,666
"2024-01-06",35,38215,39806,34691,940,6488,0,16734,0,6,816,1498,-4,956,-450,-531,1018,1399,997,775
"2024-01-06",36,38526,40115,35008,950,6488,0,16734,0,4,972,1499,-4,958,-450,-531,1019,1399,998,784
"2024-01-06",37,38188,39778,34724,945,6488,0,16734,0,5,929,1499,-4,958,-450,-531,980,1399,998,741
"2024-01-06",38,37321,38915,33862,939,6488,0,16734,0,9,501,1499,-4,957,-450,-531,979,1399,997,734
"2024-01-06",39,36264,37861,32895,927,6488,0,16734,0,12,252,1495,-4,991,-450,-531,1018,1399,997,625
"2024-01-06",40,35425,37024,32206,914,6488,0,16734,0,14,265,1487,-4,994,-450,-531,1019,1375,997,613
"2024-01-06",41,34511,36104,31372,910,6488,0,16734,0,8,332,1487,-4,921,-450,-531,1019,1085,997,439
"2024-01-06",42,33295,34868,30282,905,6488,0,16734,0,6,427,1498,-4,916,-432,-531,1019,1055,995,426
"2024-01-06",43,31761,33175,28902,893,6488,0,16734,0,5,471,1499,-4,574,-319,-486,1000,1140,907,458
"2024-01-06",44,30578,32101,27812,880,6488,0,16734,0,2,427,1499,-4,560,-403,-514,999,1121,897,459
"2024-01-06",45,29526,30988,26825,874,6488,0,16734,0,2,283,1499,-4,691,-438,-418,904,748,747,250
"2024-01-06",46,28281,29831,25618,868,6488,0,16734,0,2,298,1498,-4,696,-436,-508,900,718,743,243
"2024-01-06",47,26801,28387,24311,832,6488,0,16734,0,2,216,1498,-4,839,-449,-531,921,924,968,597
"2024-01-06",48,25758,27343,23310,795,6488,0,16734,0,2,-80,1498,-4,849,-450,-529,921,978,982,621
"2024-01-07",1,25833,27420,23457,785,6488,0,16734,0,2,-278,1498,-4,982,-450,-531,997,1352,995,577
"2024-01-07",2,26162,27864,23835,775,6488,0,16734,0,132,-579,1498,-4,988,-450,-516,999,1399,997,574
"2024-01-07",3,25654,27689,23385,783,6488,0,16734,0,562,-606,1498,-4,1003,-450,-419,952,1399,996,704
"2024-01-07",4,24945,27338,22749,791,6488,0,16734,0,831,-595,1498,-4,1003,-450,-508,950,1396,996,716
"2024-01-07",5,24404,26843,22246,790,6488,0,16734,0,854,-635,1498,-4,882,-450,-531,926,1360,997,694
"2024-01-07",6,24148,26589,21972,789,6488,0,16734,0,856,-597,1498,-4,881,-450,-531,925,1334,996,690
"2024-01-07",7,23565,26322,21392,828,6488,0,16734,0,1172,-530,1498,-4,702,-450,-531,877,1060,996,669
"2024-01-07",8,23124,25893,20944,866,6488,0,16734,0,1184,-695,1498,-4,695,-450,-531,875,1015,996,669
"2024-01-07",9,22808,25862,20615,874,6488,0,16734,0,1469,-679,1498,-4,865,-450,-531,947,878,997,756
"2024-01-07",10,22525,25591,20321,881,6488,0,16734,0,1481,-760,1498,-4,871,-450,-531,949,861,996,758
"2024-01-07",11,22764,25630,20489,881,6488,0,16734,0,1281,-762,1498,-4,817,-450,-531,938,857,996,520
"2024-01-07",12,22759,25568,20493,880,6488,0,16734,0,1224,-538,1498,-4,816,-450,-531,937,850,996,500
"2024-01-07",13,23540,26206,21253,844,6488,0,16734,0,1151,-362,1498,-4,887,-450,-461,937,762,996,435
"2024-01-07",14,24153,26722,21843,808,6488,0,16734,0,1055,-309,1498,-4,890,-450,-460,937,721,994,423
"2024-01-07",15,25018,26849,22606,800,6488,0,16734,0,348,186,1499,-4,779,-450,-429,738,348,932,160
"2024-01-07",16,25810,27303,23330,791,6488,0,16734,0,174,310,1499,-4,771,-434,-281,732,309,930,147
"2024-01-07",17,27411,28764,24795,780,6488,1,16734,0,10,26,1497,-4,721,-441,-298,950,402,992,388
"2024-01-07",18,28673,29911,25966,768,6488,124,16734,0,7,-11,1498,-4,720,-360,-267,958,419,996,410
"2024-01-07",19,29973,31416,27137,774,6488,703,16734,0,7,-211,1497,-4,949,-441,-391,998,490,997,582
"2024-01-07",20,30830,32288,27893,779,6488,1370,16734,0,7,-257,1498,-4,957,-450,-397,999,529,997,597
"2024-01-07",21,31644,33217,28573,784,6488,2133,16734,0,7,-162,1498,-4,822,-450,-512,999,902,997,661
"2024-01-07",22,31876,33468,28736,789,6488,2537,16734,0,7,-370,1497,-4,817,-450,-531,999,978,997,669
"2024-01-07",23,32237,33829,29013,795,6488,2995,16734,0,7,-533,1497,-4,915,-450,-531,931,1351,997,736
"2024-01-07",24,32565,34157,29277,801,6488,3114,16734,0,7,-654,1497,-4,921,-450,-531,928,1399,997,741
"2024-01-07",25,33096,34691,29745,802,6488,3130,16734,0,10,-690,1497,-4,1000,-450,-531,997,1399,997,782
"2024-01-07",26,33529,35124,30137,802,6488,2757,16734,0,10,-405,1471,-4,1004,-450,-531,999,1398,997,786
"2024-01-07",27,33617,35211,30271,797,6488,2309,16734,0,9,-196,481,-4,1003,-450,-531,999,1399,998,786
"2024-01-07",28,33665,35258,30328,791,6488,1924,16734,0,8,-115,566,-4,1003,-450,-531,999,1376,998,783
"2024-01-07",29,34205,35800,30887,765,6488,1494,16734,0,10,-170,1946,-4,983,-450,-531,999,1098,996,630
"2024-01-07",30,35053,36648,31674,738,6488,1051,16734,0,10,-188,1999,-4,982,-450,-531,999,1069,997,609
"2024-01-07",31,35839,37435,32397,727,6488,409,16734,0,11,-330,1999,-4,1003,-450,-531,999,1128,996,261
"2024-01-07",32,36726,38328,33225,715,6488,77,16734,0,17,-356,1999,-4,1002,-450,-531,999,1153,997,239
"2024-01-07",33,38233,39833,34526,719,6488,0,16734,0,14,-592,1999,-4,1003,-451,-531,876,1370,997,437
"2024-01-07",34,40090,41686,36231,723,6488,0,16734,0,9,-230,1999,-4,1003,-452,-531,871,1397,997,459
"2024-01-07",35,41102,42699,37187,733,6488,0,16734,0,10,-173,1999,-4,1003,-452,-531,1014,1398,997,754
"2024-01-07",36,41154,42751,37217,742,6488,0,16734,0,10,-131,1999,-4,1003,-452,-531,1019,1398,997,775
"2024-01-07",37,40475,42073,36694,744,6488,0,16734,0,11,22,1998,-4,1004,-452,-531,1019,1397,997,783
"2024-01-07",38,39806,41405,36076,745,6488,0,16734,0,13,-439,1998,-4,1003,-451,-531,1019,1397,997,786
"2024-01-07",39,38676,40274,35034,737,6488,0,16734,0,11,-730,1998,-4,1003,-452,-531,1018,1398,997,773
"2024-01-07",40,37315,38908,33828,728,6488,0,16734,0,7,-626,1998,-4,1004,-451,-531,1018,1391,997,763
"2024-01-07",41,36166,37759,32732,731,6488,0,16734,0,7,-563,1998,-4,1003,-451,-531,1019,1302,997,763
"2024-01-07",42,34837,36402,31551,733,6488,0,16734,0,7,-410,1998,-4,1003,-451,-503,1019,1262,995,759
"2024-01-07",43,33126,34553,29978,733,6488,0,16734,0,3,-310,1951,-4,740,-443,-377,819,890,936,585
"2024-01-07",44,31720,33178,28718,732,6488,0,16734,0,2,-213,1946,-4,729,-450,-402,812,814,928,572
"2024-01-07",45,30206,31558,27303,741,6488,0,16734,0,2,-131,1795,-4,821,-451,-295,872,440,771,528
"2024-01-07",46,28416,29846,25674,749,6488,0,16734,0,2,1,1791,-4,825,-451,-373,874,423,767,528
"2024-01-07",47,26741,28132,24150,757,6488,0,16734,0,2,-29,1905,-4,872,-406,-379,995,797,967,681
"2024-01-07",48,25843,27115,23360,765,6488,0,16737,0,48,145,1916,-4,876,-360,-260,999,873,979,693
"2024-01-08",1,25765,27690,23345,770,6488,0,16737,0,615,214,1975,-4,1002,-371,-335,977,1246,970,735
"2024-01-08",2,26291,28227,23869,775,6488,0,16737,0,711,217,1976,-4,1003,-371,-250,976,1299,968,739
"2024-01-08",3,25999,28246,23619,782,6488,0,16737,0,968,314,1929,-4,1003,-371,-304,998,1388,911,719
"2024-01-08",4,25375,27708,23034,789,6488,0,16737,0,1165,248,1928,-4,1003,-371,-193,999,1398,907,715
"2024-01-08",5,24984,27616,22700,811,6488,0,16737,0,1479,73,1995,-4,1002,-371,-178,999,1393,958,716
"2024-01-08",6,24791,27483,22497,832,6488,0,16737,0,1481,50,1998,-4,1003,-371,-236,999,1364,960,715
"2024-01-08",7,24507,27053,22138,875,6488,0,16737,0,1463,-216,1987,-4,1004,-371,-108,999,1005,905,716
"2024-01-08",8,24327,26911,21936,917,6488,0,16737,0,1461,-206,1975,-4,1001,-371,-148,999,931,900,708
"2024-01-08",9,24109,26526,21744,956,6488,0,16737,0,1440,78,1488,-4,640,-315,-58,945,557,859,400
"2024-01-08",10,24099,26322,21759,995,6488,0,16737,0,1305,215,1376,-4,581,-193,-121,919,504,842,369
"2024-01-08",11,24475,25547,22150,1031,6488,0,16737,0,302,687,18,-4,-96,-46,-24,32,423,329,24
"2024-01-08",12,25698,26646,23242,1067,6488,0,16737,0,7,531,-172,-4,-104,-28,0,-28,384,290,-5
"2024-01-08",13,28529,31484,25860,1086,6488,0,16737,0,8,644,-982,-4,-630,37,56,-438,7,67,-293
"2024-01-08",14,31599,34798,28655,1105,6488,0,16737,0,7,303,-1037,-4,-718,-28,11,-455,-38,42,-312
"2024-01-08",15,34909,37932,31683,1143,6488,0,16737,0,7,235,-880,-4,-287,-169,-52,-399,-9,-369,-247
"2024-01-08",16,36704,39715,33332,1180,6488,0,16737,0,6,96,-852,-4,-226,-294,-9,-397,25,-388,-235
"2024-01-08",17,38617,40200,35031,1219,6488,0,16737,0,7,-214,-150,-4,95,-428,-49,-205,400,-125,-15
"2024-01-08",18,39385,40816,35715,1258,6488,59,16737,0,6,-184,-80,-4,102,-412,-47,-186,435,-96,0
"2024-01-08",19,40581,41831,36855,1335,6488,322,16737,0,8,-357,678,-4,332,-450,-188,501,294,329,0
"2024-01-08",20,41047,42321,37247,1411,6488,744,16737,0,8,-579,736,-4,353,-451,-211,537,258,352,0
"2024-01-08",21,40859,42171,37072,1512,6488,966,16737,0,8,-517,329,-4,355,-451,-249,316,25,198,0
"2024-01-08",22,41015,42327,37202,1612,6488,1123,16737,0,8,-505,299,-4,355,-451,-246,306,-3,188,0
"2024-01-08",23,41092,42530,37208,1707,6488,1203,16737,0,7,-528,297,-4,683,-451,-347,-29,8,240,0
"2024-01-08",24,41342,42828,37467,1801,6488,1104,16737,0,8,-605,314,-4,719,-451,-376,-43,8,237,-4
"2024-01-08",25,41508,43194,37610,1840,6488,1211,16737,0,8,-865,873,-4,992,-451,-297,-231,-3,31,-92
"2024-01-08",26,41652,43324,37728,1879,6488,1123,16737,0,7,-859,904,-4,1004,-451,-273,-235,-5,19,-97
"2024-01-08",27,41996,43347,38094,1855,6488,912,16737,0,7,-793,591,-4,1004,-450,-122,136,-5,19,-163
"2024-01-08",28,41783,43063,37907,1831,6488,890,16737,0,7,-782,507,-4,1003,-450,-64,150,-5,15,-150
"2024-01-08",29,41501,43398,37734,1783,6488,566,16737,0,7,-504,-776,-4,1004,-428,-1,-52,-5,-24,581
"2024-01-08",30,41468,43541,37720,1734,6488,272,16737,0,8,-363,-924,-4,1003,-422,-29,-60,13,-26,614
"2024-01-08",31,41318,43648,37571,1714,6488,107,16737,0,10,18,-995,-4,1003,-286,12,-315,223,-27,-93
"2024-01-08",32,42207,44634,38414,1693,6488,22,16737,0,13,328,-978,-4,1004,-327,0,-324,254,-30,-151
"2024-01-08",33,43397,45190,39534,1737,6488,0,16737,0,10,333,-129,-4,855,-432,-59,-75,304,-114,-370
"2024-01-08",34,43764,45482,39818,1780,6488,0,16737,0,6,269,-97,-4,844,-357,-80,-66,312,-123,-385
"2024-01-08",35,43272,45850,39280,1819,6488,0,16737,0,6,444,-691,-4,851,-441,-218,121,333,-276,-342
"2024-01-08",36,43517,46261,39563,1858,6488,0,16737,0,6,798,-750,-4,852,-450,-330,128,318,-282,-322
"2024-01-08",37,43146,45736,39326,1879,6488,0,16737,0,4,841,-1186,-4,998,-450,-226,317,101,-120,228
"2024-01-08",38,42869,45482,39090,1899,6488,0,16737,0,6,637,-1196,-4,1003,-450,-241,324,69,-116,273
"2024-01-08",39,42138,43926,38498,1912,6488,0,16737,0,12,435,-319,-4,927,-412,-141,193,4,-300,579
"2024-01-08",40,40852,42740,37400,1925,6488,0,16737,0,16,461,-277,-4,924,-450,-225,186,-5,-311,600
"2024-01-08",41,39341,41778,35946,1919,6488,0,16737,0,12,444,-693,-4,779,-450,-195,-237,-5,-241,578
"2024-01-08",42,37535,39870,34319,1912,6488,0,16737,0,11,645,-726,-4,773,-450,-52,-254,24,-238,566
"2024-01-08",43,35807,38113,32781,1899,6488,0,16737,0,8,837,-812,-4,795,-450,0,-140,369,-292,207
"2024-01-08",44,33972,36352,31016,1886,6488,0,16737,0,8,884,-859,-4,795,-450,-24,-138,384,-297,179
"2024-01-08",45,31606,35644,28865,1867,6488,0,16737,0,8,1086,-1961,-4,512,-450,-136,-525,39,-354,17
"2024-01-08",46,29710,33819,27083,1847,6488,0,16737,0,11,847,-2035,-4,475,-450,-90,-540,-5,-370,-4
"2024-01-08",47,27858,32756,25399,1904,6488,0,16737,0,319,885,-1665,-4,-183,-450,-15,-499,-6,-774,-383
"2024-01-08",48,26696,31765,24292,1961,6488,0,16740,0,487,898,-1647,-4,-198,-415,0,-498,-6,-799,-415
"2024-01-09",1,26515,31853,24152,1942,6488,0,16740,0,613,902,-1846,-4,-157,-393,0,-418,-7,-775,-525
"2024-01-09",2,26953,32249,24604,1922,6488,0,16740,0,614,1053,-1855,-4,-167,-332,0,-415,-6,-771,-532
"2024-01-09",3,26522,31778,24190,1913,6488,0,16740,0,608,901,-1665,-4,-493,-315,-61,-306,-6,-644,-554
"2024-01-09",4,25954,31156,23623,1904,6488,0,16740,0,611,811,-1645,-4,-504,-315,-34,-302,-6,-627,-554
"2024-01-09",5,25617,30730,23290,1889,6488,0,16740,0,785,826,-1308,-4,-784,-315,-156,-264,-7,-336,-554
"2024-01-09",6,25276,30409,22951,1873,6488,0,16740,0,864,798,-1285,-4,-785,-315,-123,-263,-20,-318,-556
"2024-01-09",7,24988,30124,22654,1892,6488,0,16740,0,858,825,-1242,-4,-662,-315,-8,-321,-183,-365,-578
"2024-01-09",8,24636,29907,22324,1911,6488,0,16740,0,859,757,-1258,-4,-669,-315,-48,-327,-233,-376,-582
"2024-01-09",9,24272,31526,22062,1924,6488,0,16740,0,677,929,-1843,-4,-1005,-315,-3,-838,-614,-643,-712
"2024-01-09",10,24279,31610,22103,1937,6488,0,16740,0,560,1131,-1887,-4,-1003,-315,-18,-861,-692,-669,-722
"2024-01-09",11,24801,32454,22644,1974,6488,0,16740,0,429,1253,-2042,-4,-524,-286,0,-915,-1079,-988,-786
"2024-01-09",12,26105,33383,23760,2010,6488,0,16740,0,71,1101,-2049,-4,-500,-147,-41,-917,-1149,-1008,-792
"2024-01-09",13,29024,36263,26536,2038,6488,0,16740,0,19,1435,-1979,-4,-449,3,55,-971,-1417,-1008,-792
"2024-01-09",14,32000,39218,29278,2065,6488,0,16740,0,61,1759,-1963,-4,-430,145,11,-973,-1420,-992,-775
"2024-01-09",15,35454,40172,32406,2087,6488,0,16740,0,13,1855,-1558,-4,207,82,0,-1019,-1027,-445,-52
"2024-01-09",16,37210,41818,34027,2109,6488,0,16740,0,100,2028,-1530,-4,232,-21,0,-1003,-948,-401,-1
"2024-01-09",17,38870,42226,35467,2148,6488,8,16740,0,13,1498,-1504,-4,727,-157,-50,-207,-561,-102,-158
"2024-01-09",18,39459,42775,36077,2187,6488,256,16740,0,9,1491,-1501,-4,751,-275,-22,-160,-483,-90,-172
"2024-01-09",19,40161,43380,36748,2279,6488,949,16740,0,8,1135,-1343,-4,921,-416,-127,233,-105,-338,-278
"2024-01-09",20,39919,43143,36438,2371,6488,1936,16740,0,8,974,-1336,-4,935,-450,-108,248,-77,-356,-285
"2024-01-09",21,39223,42795,35735,2452,6488,2891,16740,0,8,971,-1427,-4,1003,-450,-154,247,-319,-457,-153
"2024-01-09",22,38510,42041,35014,2532,6488,3724,16740,0,8,832,-1443,-4,1003,-450,-67,247,-349,-457,-153
"2024-01-09",23,38097,42213,34550,2591,6488,4254,16740,0,7,553,-1798,-4,1003,-450,-107,273,-353,-265,-532
"2024-01-09",24,37635,41816,34089,2649,6488,4682,16740,0,7,490,-1814,-4,1002,-450,-136,275,-357,-255,-558
"2024-01-09",25,37556,41673,34046,2642,6488,5003,16740,0,7,362,-1605,-4,1003,-450,-145,105,-405,-365,-536
"2024-01-09",26,37248,41275,33769,2635,6488,5013,16740,0,7,495,-1589,-4,1003,-428,-65,99,-415,-381,-538
"2024-01-09",27,37172,41563,33726,2549,6488,4728,16740,0,5,559,-1582,-4,1003,-300,0,4,-453,-668,-779
"2024-01-09",28,37329,41688,33867,2462,6488,4177,16740,0,3,454,-1583,-4,1002,-257,0,0,-429,-686,-797
"2024-01-09",29,37839,41906,34392,2360,6488,3398,16740,0,7,519,-1661,-4,928,-245,0,-41,-52,-660,-797
"2024-01-09",30,38168,42326,34688,2258,6488,2390,16740,0,16,380,-1665,-4,926,-366,0,-43,-5,-662,-797
"2024-01-09",31,38927,43240,35412,2213,6488,1143,16740,0,11,164,-1630,-4,1003,-450,-18,45,-5,-798,-797
"2024-01-09",32,40422,44654,36806,2167,6488,227,16740,0,7,317,-1609,-4,1002,-415,-2,49,-5,-796,-794
"2024-01-09",33,41102,44222,37322,2169,6488,2,16740,0,9,355,-891,-4,817,-450,-101,2,-5,-441,-619
"2024-01-09",34,42388,45564,38514,2171,6488,0,16740,0,6,464,-849,-4,814,-450,-241,1,-5,-419,-602
"2024-01-09",35,43114,46402,39051,2178,6488,0,16740,0,6,374,-955,-4,991,-450,-393,275,-5,-402,-473
"2024-01-09",36,43561,46854,39502,2185,6488,0,16740,0,6,211,-972,-4,1004,-450,-393,286,-5,-400,-463
"2024-01-09",37,43213,46718,39288,2173,6488,0,16740,0,6,128,-1332,-4,976,-450,-242,414,-5,-383,-483
"2024-01-09",38,42743,46099,38908,2160,6488,0,16740,0,6,266,-1346,-4,974,-436,-91,419,-5,-383,-485
"2024-01-09",39,42441,45146,38744,2119,6488,0,16740,0,10,725,-976,-4,1004,-339,-1,626,-5,-393,-377
"2024-01-09",40,41221,44009,37660,2077,6488,0,16740,0,18,716,-968,-4,1003,-419,0,626,-5,-397,-377
"2024-01-09",41,39863,43592,36297,2050,6488,0,16740,0,12,679,-1524,-4,987,-327,0,30,-5,-483,-774
"2024-01-09",42,38347,42084,34893,2022,6488,0,16740,0,12,751,-1565,-4,986,-232,-10,-10,-5,-496,-803
"2024-01-09",43,36463,41192,33178,1984,6488,0,16740,0,12,919,-1836,-4,594,-82,0,-656,-6,-730,-803
"2024-01-09",44,34378,39082,31313,1945,6488,0,16740,0,12,1144,-1846,-4,554,4,0,-688,-7,-744,-803
"2024-01-09",45,32265,36914,29301,1917,6488,0,16740,0,11,1424,-1684,-4,105,103,0,-822,-6,-719,-803
"2024-01-09",46,29876,34607,27118,1889,6488,0,16740,0,61,1613,-1684,-4,103,109,0,-827,-36,-716,-803
"2024-01-09",47,28156,34838,25662,1905,6488,0,16740,0,561,1510,-1918,-4,-621,40,-63,-1005,-412,-695,-803
"2024-01-09",48,26668,33982,24272,1921,6488,0,16746,0,742,1092,-1936,-4,-744,-110,-197,-1011,-472,-695,-803
"2024-01-10",1,26359,34116,24057,1891,6488,0,16746,0,898,1034,-1880,-4,-857,-249,-111,-968,-640,-747,-803
"2024-01-10",2,27118,34800,24862,1861,6488,0,16746,0,892,1211,-1875,-4,-859,-275,-4,-966,-654,-750,-803
"2024-01-10",3,26983,34596,24743,1813,6488,0,16746,0,899,1479,-1797,-4,-1014,-275,0,-966,-566,-710,-782
"2024-01-10",4,26350,34174,24206,1764,6488,0,16746,0,1143,1648,-1790,-4,-1015,-275,0,-966,-549,-703,-779
"2024-01-10",5,26028,33465,23948,1740,6488,0,16746,0,1141,1623,-1616,-4,-1016,-275,0,-957,-463,-586,-779
"2024-01-10",6,25880,33297,23697,1715,6488,0,16746,0,1143,1313,-1607,-4,-1016,-274,0,-956,-455,-583,-779
"2024-01-10",7,25222,32859,23024,1698,6488,0,16746,0,1128,1271,-1679,-4,-1016,-220,0,-956,-493,-762,-779
"2024-01-10",8,25112,32851,22870,1681,6488,0,16746,0,1082,1306,-1688,-4,-1015,-309,0,-956,-526,-780,-779
"2024-01-10",9,24997,33162,22767,1677,6488,0,16746,0,900,1411,-1985,-4,-779,-224,0,-1009,-894,-991,-779
"2024-01-10",10,24834,32771,22630,1673,6488,0,16746,0,564,1309,-2003,-4,-762,-197,-40,-1011,-971,-1006,-779
"2024-01-10",11,25499,32994,23241,1680,6488,0,16746,0,406,1453,-2051,-4,-187,-56,-1,-1021,-1364,-1007,-798
"2024-01-10",12,26741,33777,24404,1686,6488,0,16746,0,39,1490,-2054,-4,-149,67,29,-1018,-1383,-994,-795
"2024-01-10",13,29628,34887,27102,1667,6488,0,16746,0,15,1828,-2050,-4,355,217,172,-569,-989,-545,-487
"2024-01-10",14,32123,37219,29412,1648,6488,0,16746,0,12,1919,-2051,-4,398,346,301,-549,-910,-516,-454
"2024-01-10",15,34757,38740,31714,1627,6488,0,16746,0,85,2001,-2054,-4,575,293,208,-172,-524,-514,-30
"2024-01-10",16,36331,40071,33089,1606,6488,0,16746,0,11,2027,-2012,-4,582,154,101,-158,-446,-509,0
"2024-01-10",17,38018,40275,34675,1589,6488,9,16746,0,11,1764,-883,-4,934,21,3,-330,-69,-360,0
"2024-01-10",18,38559,40630,35066,1571,6488,324,16746,0,8,1581,-789,-4,976,0,0,-315,8,-344,-11
"2024-01-10",19,39398,41139,35891,1595,6488,1226,16746,0,5,1388,-581,-4,868,-68,-64,534,385,-80,-339
"2024-01-10",20,39459,41337,35894,1618,6488,2225,16746,0,7,1091,-556,-4,866,-219,-69,586,419,-59,-364
"2024-01-10",21,39052,40910,35521,1670,6488,3148,16746,0,8,1012,-323,-4,975,-370,-35,649,267,54,-518
"2024-01-10",22,38483,40364,34928,1721,6488,3708,16746,0,8,751,-299,-4,982,-450,-3,647,231,63,-517
"2024-01-10",23,38395,39776,34836,1784,6488,4127,16746,0,7,793,-181,-4,1004,-450,-100,150,22,119,-39
"2024-01-10",24,38114,39476,34561,1847,6488,4410,16746,0,7,807,-174,-4,1004,-450,-118,127,-5,121,-4
"2024-01-10",25,37971,39763,34432,1889,6488,4456,16746,0,7,777,-288,-4,1003,-450,-257,186,-5,45,-181
"2024-01-10",26,37854,39797,34310,1930,6488,4373,16746,0,7,932,-313,-4,1003,-450,-363,188,17,28,-206
"2024-01-10",27,37829,41370,34358,1920,6488,3909,16746,0,5,1265,-995,-4,973,-450,-327,6,278,-400,-760
"2024-01-10",28,37841,41498,34334,1909,6488,3428,16746,0,7,1411,-1050,-4,972,-450,-320,0,317,-428,-798
"2024-01-10",29,37696,41799,34257,1870,6488,2825,16746,0,11,1672,-1452,-4,805,-447,-345,0,395,-446,-798
"2024-01-10",30,38211,42320,34933,1830,6488,2011,16746,0,17,1944,-1471,-4,791,-450,-321,0,378,-448,-798
"2024-01-10",31,38854,42660,35499,1812,6488,1003,16746,0,7,1975,-1234,-4,374,-450,-172,-75,38,-466,-798
"2024-01-10",32,39701,43482,36387,1793,6488,216,16746,0,6,2388,-1207,-4,316,-425,-209,-78,-1,-460,-791
"2024-01-10",33,40653,43700,37198,1801,6488,3,16746,0,5,2935,-872,-4,204,-429,-361,81,28,-250,-526
"2024-01-10",34,42019,45173,38523,1808,6488,0,16746,0,4,3016,-842,-4,202,-450,-501,87,61,-244,-509
"2024-01-10",35,42742,45797,39189,1817,6488,0,16746,0,4,3068,-484,-4,276,-450,-531,3,434,-473,-509
"2024-01-10",36,42791,45817,39186,1826,6488,0,16746,0,4,2809,-450,-4,280,-450,-531,0,502,-487,-500
"2024-01-10",37,42628,44969,39108,1820,6488,0,16746,0,5,2894,-82,-4,361,-450,-531,0,784,-487,-182
"2024-01-10",38,42133,44400,38654,1814,6488,0,16746,0,5,2973,-59,-4,370,-450,-518,0,804,-472,-159
"2024-01-10",39,41723,43287,38390,1798,6488,0,16746,0,8,2714,10,-4,866,-450,-397,37,621,51,-105
"2024-01-10",40,40321,41849,37133,1782,6488,0,16746,0,12,2708,-7,-4,890,-450,-360,40,578,76,-95
"2024-01-10",41,39171,41329,36061,1750,6488,0,16746,0,11,2900,-595,-4,818,-450,-276,2,317,-222,0
"2024-01-10",42,37738,39910,34825,1717,6488,0,16746,0,8,2956,-674,-4,816,-432,-206,-1,266,-247,0
"2024-01-10",43,36149,39421,33420,1662,6488,0,16746,0,10,3246,-1384,-4,765,-332,-57,-351,26,-421,-113
"2024-01-10",44,34439,37831,31817,1607,6488,0,16746,0,12,2895,-1429,-4,764,-423,-1,-365,-5,-431,-122
"2024-01-10",45,31927,35748,29422,1547,6488,0,16746,0,12,2717,-1445,-4,784,-450,-40,-655,-5,-381,-229
"2024-01-10",46,29860,33617,27542,1487,6488,0,16746,0,15,2709,-1453,-4,711,-382,0,-665,3,-388,-250
"2024-01-10",47,28185,33526,25965,1524,6488,0,16746,0,65,2914,-1665,-4,-443,-307,-64,-702,118,-774,-717
"2024-01-10",48,27057,33291,24928,1561,6488,0,16749,0,681,2834,-1676,-4,-509,-300,-215,-702,127,-800,-747
"2024-01-11",1,26858,33339,24774,1539,6488,0,16749,0,1253,2752,-1495,-4,-683,-300,-344,-377,72,-852,-573
"2024-01-11",2,27318,33710,25231,1517,6488,0,16749,0,1256,2971,-1484,-4,-685,-300,-295,-365,73,-852,-551
"2024-01-11",3,27091,33137,25019,1514,6488,0,16749,0,1239,2927,-1555,-4,-405,-300,-409,-565,170,-725,-244
"2024-01-11",4,26610,32660,24602,1510,6488,0,16749,0,1234,2726,-1553,-4,-393,-300,-454,-572,170,-717,-223
"2024-01-11",5,26135,32263,24197,1497,6488,0,16749,0,1232,2404,-1432,-4,-528,-300,-418,-599,14,-727,-288
"2024-01-11",6,25812,31986,23848,1483,6488,0,16749,0,1224,2367,-1427,-4,-534,-301,-455,-600,-7,-727,-295
"2024-01-11",7,25510,32115,23475,1501,6488,0,16749,0,1217,2215,-1604,-4,-568,-301,-425,-821,-7,-719,-339
"2024-01-11",8,25305,31975,23262,1519,6488,0,16749,0,1219,1777,-1616,-4,-578,-300,-444,-828,-7,-722,-352
"2024-01-11",9,24928,32373,22924,1480,6488,0,16749,0,1127,1973,-1647,-4,-851,-300,-358,-958,-7,-881,-712
"2024-01-11",10,24712,31995,22740,1440,6488,0,16749,0,990,1613,-1649,-4,-849,-300,-281,-962,-16,-895,-737
"2024-01-11",11,25333,32063,23276,1431,6488,0,16749,0,456,1621,-2022,-4,-377,-283,-138,-918,-126,-1015,-791
"2024-01-11",12,26671,33066,24483,1422,6488,0,16749,0,227,1694,-2056,-4,-353,-161,-151,-899,-125,-1023,-796
"2024-01-11",13,29723,34540,27322,1366,6488,0,16749,0,19,1915,-2017,-4,-193,-24,-33,-107,64,-1024,-796
"2024-01-11",14,32598,37252,29950,1309,6488,0,16749,0,12,1760,-1977,-4,-185,56,0,-68,117,-1012,-796
"2024-01-11",15,35355,39584,32432,1266,6488,0,16749,0,9,1646,-905,-4,-703,11,0,-627,491,-585,-796
"2024-01-11",16,36862,41034,33777,1222,6488,0,16749,0,11,2081,-804,-4,-668,-68,-15,-652,558,-557,-793
"2024-01-11",17,38424,41152,35137,1199,6488,4,16749,0,12,1465,-198,-4,-3,-218,-141,-315,824,-519,-718
"2024-01-11",18,38767,41509,35510,1175,6488,181,16749,0,8,1471,-122,-4,0,-296,-213,-296,833,-509,-694
"2024-01-11",19,40122,41823,36787,1211,6488,643,16749,0,5,964,839,-4,209,-427,-358,269,539,-266,-41
"2024-01-11",20,40130,41950,36688,1246,6488,1229,16749,0,13,603,909,-4,230,-450,-499,295,499,-254,0
"2024-01-11",21,39621,41564,36174,1294,6488,1736,16749,0,13,365,312,-4,302,-450,-531,431,453,-345,0
"2024-01-11",22,39465,41415,35955,1341,6488,2202,16749,0,10,-8,273,-4,308,-450,-531,436,418,-355,0
"2024-01-11",23,39285,41374,35687,1391,6488,2375,16749,0,11,129,376,-4,500,-450,-531,412,43,-493,0
"2024-01-11",24,39241,41351,35513,1441,6488,2462,16749,0,9,-168,373,-4,502,-451,-531,411,-5,-502,-8
"2024-01-11",25,39153,41501,35564,1450,6488,2438,16749,0,8,6,138,-4,502,-450,-531,304,-5,-502,-248
"2024-01-11",26,39200,41548,35625,1458,6488,2270,16749,0,8,85,127,-4,502,-450,-531,300,-5,-489,-261
"2024-01-11",27,39367,41127,35784,1445,6488,2095,16749,0,7,198,464,-4,488,-450,-531,170,-5,-55,-108
"2024-01-11",28,39273,40998,35719,1432,6488,1766,16749,0,8,199,506,-4,458,-450,-531,165,-5,-28,-99
"2024-01-11",29,39223,41099,35697,1406,6488,1417,16749,0,8,199,1234,-4,2,-450,-531,140,-5,-2,-276
"2024-01-11",30,39213,41109,35686,1379,6488,927,16749,0,14,301,1290,-4,0,-450,-531,139,-5,-2,-290
"2024-01-11",31,39230,41847,35715,1409,6488,380,16749,0,8,628,1503,-4,-577,-450,-531,-65,-5,55,-377
"2024-01-11",32,40169,42845,36535,1438,6488,76,16749,0,5,1014,1479,-4,-628,-450,-531,-73,-5,57,-380
"2024-01-11",33,40748,42608,36943,1434,6488,1,16749,0,6,950,395,-4,413,-450,-531,115,-5,-17,-247
"2024-01-11",34,41752,43600,37860,1429,6488,0,16749,0,6,750,322,-4,471,-450,-531,121,4,-24,-233
"2024-01-11",35,42076,43813,37985,1420,6488,0,16749,0,6,544,691,-4,464,-450,-531,4,109,-42,-104
"2024-01-11",36,42069,43787,38003,1411,6488,0,16749,0,6,517,707,-4,464,-450,-531,0,119,-43,-84
"2024-01-11",37,41842,43476,37824,1394,6488,0,16749,0,6,335,367,-4,652,-450,-531,47,87,-43,59
"2024-01-11",38,41288,42924,37321,1376,6488,0,16749,0,6,220,349,-4,666,-450,-531,58,78,-45,69
"2024-01-11",39,40622,42356,36741,1333,6488,0,16749,0,10,86,450,-4,704,-450,-531,682,5,-139,8
"2024-01-11",40,39340,41096,35611,1289,6488,0,16749,0,15,-256,438,-4,706,-450,-531,713,-5,-147,-4
"2024-01-11",41,38237,40462,34561,1261,6488,0,16749,0,11,-594,-133,-4,719,-451,-531,451,-5,-220,-270
"2024-01-11",42,36866,39201,33347,1232,6488,0,16749,0,8,-578,-210,-4,720,-451,-531,430,-5,-229,-297
"2024-01-11",43,35300,39038,31934,1189,6488,0,16749,0,12,-575,-895,-4,566,-451,-531,-246,-5,-367,-627
"2024-01-11",44,33489,37346,30323,1145,6488,0,16749,0,13,-473,-941,-4,560,-451,-531,-283,-5,-375,-654
"2024-01-11",45,31683,36076,28622,1122,6488,0,16749,0,13,-503,-1095,-4,525,-451,-531,-534,-5,-376,-784
"2024-01-11",46,29965,34420,26991,1099,6488,0,16749,0,20,-703,-1120,-4,497,-451,-531,-544,-11,-381,-793
"2024-01-11",47,27866,33663,25053,1053,6488,0,16749,0,96,-447,-1561,-4,-220,-451,-531,-890,-71,-580,-793
"2024-01-11",48,26718,32793,24002,1007,6488,0,16752,0,300,-525,-1584,-4,-246,-451,-531,-903,-74,-592,-790
"2024-01-12",1,26508,32830,23855,982,6488,0,16752,0,822,-788,-1088,-4,-740,-451,-531,-845,-14,-611,-616
"2024-01-12",2,26853,33586,24201,957,6488,0,16752,0,1264,-548,-1056,-4,-765,-451,-531,-843,-7,-611,-601
"2024-01-12",3,26861,33405,24222,934,6488,0,16752,0,1254,-518,-979,-4,-766,-451,-531,-800,-7,-594,-558
"2024-01-12",4,26686,33208,24094,910,6488,0,16752,0,1254,-381,-973,-4,-759,-451,-531,-799,-7,-593,-551
"2024-01-12",5,26413,32254,23847,882,6488,0,16752,0,1150,-587,-883,-4,-540,-451,-531,-684,-7,-593,-398
"2024-01-12",6,26063,31972,23485,854,6488,0,16752,0,1235,-810,-878,-4,-540,-451,-531,-680,-7,-594,-389
"2024-01-12",7,25819,31694,23231,857,6488,0,16752,0,1105,-921,-883,-4,-592,-452,-531,-573,-7,-632,-496
"2024-01-12",8,25338,31365,22778,860,6488,0,16752,0,1224,-655,-900,-4,-594,-451,-531,-570,-7,-636,-510
"2024-01-12",9,24864,31978,22383,832,6488,0,16752,0,968,-410,-1472,-4,-932,-451,-531,-797,-7,-690,-662
"2024-01-12",10,25013,32239,22511,804,6488,0,16752,0,973,-550,-1521,-4,-946,-451,-531,-805,-16,-703,-676
"2024-01-12",11,25647,33135,23131,793,6488,0,16752,0,323,-393,-1987,-4,-720,-451,-516,-996,-125,-1003,-763
"2024-01-12",12,26555,33778,24002,781,6488,0,16752,0,203,-192,-1964,-4,-710,-431,-389,-1002,-129,-1023,-768
"2024-01-12",13,29151,34428,26373,748,6488,0,16752,0,23,123,-781,-4,-675,-304,-237,-870,-21,-1014,-748
"2024-01-12",14,31478,36408,28557,715,6488,0,16752,0,22,457,-677,-4,-622,-248,-146,-860,-5,-1008,-738
"2024-01-12",15,34354,37748,31104,696,6488,0,16752,0,20,494,-467,-4,-3,-391,-278,-313,2,-799,-519
"2024-01-12",16,36192,39666,32783,676,6488,0,16752,0,14,560,-425,-4,0,-451,-429,-288,27,-765,-498
"2024-01-12",17,37913,40220,34262,661,6488,0,16752,0,13,236,471,-4,322,-451,-528,-400,337,-54,-257
"2024-01-12",18,38649,40867,34965,646,6488,33,16752,0,10,437,561,-4,364,-451,-531,-383,405,-6,-233
"2024-01-12",19,39881,41481,36186,658,6488,182,16752,0,9,-120,1196,-4,601,-452,-530,460,779,33,-5
"2024-01-12",20,40117,41710,36386,669,6488,402,16752,0,7,-120,1248,-4,611,-451,-531,512,845,48,5
"2024-01-12",21,40719,42313,36985,667,6488,613,16752,0,7,-466,1765,-4,722,-452,-531,587,1094,517,115
"2024-01-12",22,40814,42406,37127,664,6488,798,16752,0,6,-289,1801,-4,726,-451,-531,589,1105,555,123
"2024-01-12",23,40959,42551,37278,662,6488,886,16752,0,6,-310,1910,-4,841,-451,-531,756,853,856,231
"2024-01-12",24,41113,42706,37409,659,6488,826,16752,0,6,-246,1922,-4,845,-452,-531,763,822,877,236
"2024-01-12",25,40755,42348,37160,655,6488,819,16752,0,6,29,2004,-4,839,-452,-531,702,831,900,24
"2024-01-12",26,40901,42492,37297,651,6488,770,16752,0,5,159,2006,-4,840,-451,-531,699,837,889,0
"2024-01-12",27,40634,42226,37046,660,6488,699,16752,0,6,443,1917,-4,915,-451,-531,876,895,472,0
"2024-01-12",28,40464,42057,36947,668,6488,603,16752,0,7,542,1911,-4,913,-452,-530,882,914,442,0
"2024-01-12",29,40109,41704,36648,686,6488,453,16752,0,8,1107,1852,-4,396,-452,-531,642,1073,340,0
"2024-01-12",30,39747,41348,36457,704,6488,299,16752,0,16,1434,1833,-4,358,-451,-530,632,1070,333,0
"2024-01-12",31,39558,41150,36258,745,6488,131,16752,0,5,1778,1276,-4,3,-452,-531,308,775,319,0
"2024-01-12",32,40232,41823,36889,786,6488,28,16752,0,5,2142,1237,-4,0,-451,-531,295,737,313,0
"2024-01-12",33,41130,42720,37617,822,6488,0,16752,0,4,2711,1154,-4,299,-452,-530,183,724,146,87
"2024-01-12",34,41909,43497,38295,858,6488,0,16752,0,1,3011,1155,-4,330,-452,-531,181,699,136,96
"2024-01-12",35,42371,43963,38748,878,6488,0,16752,0,5,3056,1437,-4,708,-452,-531,495,409,147,96
"2024-01-12",36,42282,43873,38687,898,6488,0,16752,0,5,3132,1444,-4,755,-451,-531,507,375,147,100
"2024-01-12",37,41671,43262,38170,915,6488,0,16752,0,4,3244,1094,-4,799,-452,-531,398,399,83,230
"2024-01-12",38,40982,42571,37525,932,6488,0,16752,0,3,3446,1081,-4,802,-451,-531,393,402,92,242
"2024-01-12",39,40126,41722,36820,964,6488,0,16752,0,9,3354,1444,-4,837,-452,-531,176,398,540,373
"2024-01-12",40,38954,40552,35861,996,6488,0,16752,0,12,3046,1400,-4,841,-451,-531,169,390,553,388
"2024-01-12",41,37462,39065,34440,1033,6488,0,16752,0,16,3208,80,-4,1001,-452,-531,144,293,30,627
"2024-01-12",42,36214,37842,33352,1069,6488,0,16752,0,11,3126,-31,-4,1002,-451,-531,142,282,0,645
"2024-01-12",43,34509,36617,31826,1105,6488,0,16752,0,12,3404,-509,-4,1002,-452,-531,85,288,25,558
"2024-01-12",44,32980,35123,30480,1140,6488,0,16752,0,13,3596,-544,-4,1001,-451,-531,83,276,21,552
"2024-01-12",45,31180,33871,28767,1195,6488,0,16752,0,17,3780,-730,-4,884,-451,-530,-129,123,-230,551
"2024-01-12",46,29423,32121,27216,1250,6488,0,16752,0,18,3759,-718,-4,875,-452,-531,-136,133,-239,552
"2024-01-12",47,27658,29413,25560,1325,6488,0,16752,0,18,4135,171,-4,358,-452,-530,-151,507,4,639
"2024-01-12",48,26137,27891,24319,1399,6488,0,16752,0,15,4025,249,-4,332,-452,-531,-152,583,20,647
"2024-01-13",1,25661,27306,23991,1444,6488,0,16752,0,54,3858,251,-4,290,-451,-531,-5,955,19,667
"2024-01-13",2,26057,27728,24345,1488,6488,0,16752,0,85,3720,251,-4,289,-452,-530,0,1027,16,671
"2024-01-13",3,25447,27906,23840,1496,6488,0,16752,0,907,3821,249,-4,301,-389,-530,16,1357,-29,715
"2024-01-13",4,24652,27179,23128,1503,6488,0,16752,0,1011,3790,249,-4,302,-351,-530,17,1399,-31,718
"2024-01-13",5,23967,27005,22596,1506,6488,0,16752,0,1475,3741,298,-4,296,-351,-531,-43,1399,-34,718
"2024-01-13",6,23647,26726,22345,1508,6488,0,16752,0,1514,3472,291,-4,296,-351,-530,-45,1399,-35,721
"2024-01-13",7,23692,26738,22242,1485,6488,0,16752,0,1354,3703,-55,-4,383,-351,-531,-119,1399,-32,764
"2024-01-13",8,23398,26540,21817,1462,6488,0,16752,0,1433,3735,-70,-4,378,-351,-531,-122,1399,-31,766
"2024-01-13",9,23313,26333,21786,1423,6488,0,16752,0,1502,3784,26,-4,116,-351,-531,-32,1399,13,766
"2024-01-13",10,23205,26164,21605,1384,6488,0,16752,0,1445,3674,29,-4,115,-351,-531,-28,1380,19,766
"2024-01-13",11,23495,26316,21776,1330,6488,0,16752,0,1293,3611,-43,-4,264,-351,-530,66,1150,19,766
"2024-01-13",12,23882,26760,22043,1275,6488,0,16752,0,1347,3421,-45,-4,270,-351,-531,69,1140,19,765
"2024-01-13",13,25144,27357,23099,1208,6488,0,16752,0,608,3153,204,-4,436,-414,-530,-57,1370,19,723
"2024-01-13",14,26322,28272,24192,1140,6488,0,16752,0,300,3151,253,-4,442,-451,-530,-61,1399,-4,718
"2024-01-13",15,27771,30664,25504,1119,6488,0,16752,0,14,3590,-758,-4,159,-452,-504,-266,1399,-295,762
"2024-01-13",16,28988,31932,26608,1098,6488,0,16752,0,12,3838,-836,-4,151,-452,-460,-273,1398,-307,766
"2024-01-13",17,31014,32959,28436,1096,6488,3,16752,0,9,3534,-121,-4,633,-452,-311,-344,1398,-104,766
"2024-01-13",18,32069,33876,29392,1093,6488,136,16752,0,8,3337,-48,-4,656,-442,-284,-346,1398,-75,766
"2024-01-13",19,33958,35574,31131,1105,6488,654,16752,0,6,3151,1290,-4,773,-452,-433,-121,1398,505,766
"2024-01-13",20,34260,35910,31377,1117,6488,1238,16752,0,8,3012,1545,-4,778,-452,-486,-100,1399,547,766
"2024-01-13",21,34498,36091,31566,1100,6488,1858,16752,0,7,2706,1335,-4,689,-452,-530,607,1398,725,766
"2024-01-13",22,34420,36013,31437,1082,6488,2357,16752,0,6,2516,1325,-4,686,-452,-531,646,1398,737,766
"2024-01-13",23,34664,36255,31624,1090,6488,2891,16752,0,6,2423,1627,-4,794,-451,-530,822,1399,737,765
"2024-01-13",24,34614,36205,31604,1097,6488,3086,16752,0,6,2443,1643,-4,795,-451,-530,828,1398,737,766
"2024-01-13",25,34465,36057,31497,1106,6488,3013,16752,0,6,2521,1579,-4,590,-451,-531,508,1398,736,766
"2024-01-13",26,34407,35998,31473,1114,6488,2677,16752,0,5,2417,1573,-4,590,-451,-531,496,1399,736,766
"2024-01-13",27,34327,35919,31472,1099,6488,2382,16752,0,6,2481,1490,-4,721,-451,-531,433,1399,736,766
"2024-01-13",28,34228,35820,31418,1084,6488,2002,16752,0,6,2702,1485,-4,726,-451,-531,431,1399,736,765
"2024-01-13",29,34817,36408,32010,1081,6488,1588,16752,0,5,2798,1532,-4,594,-451,-531,481,1399,710,766
"2024-01-13",30,35319,36915,32379,1077,6488,1086,16752,0,11,2648,1533,-4,564,-451,-530,471,1399,712,766
"2024-01-13",31,35359,37165,32403,1089,6488,499,16752,0,7,2587,1470,-4,178,-451,-531,-213,1399,823,766
"2024-01-13",32,35873,37713,32869,1101,6488,124,16752,0,7,2565,1453,-4,177,-451,-531,-247,1399,833,766
"2024-01-13",33,36712,38303,33587,1115,6488,3,16752,0,6,2749,936,-4,105,-451,-530,135,1399,908,766
"2024-01-13",34,38168,39757,34965,1128,6488,0,16752,0,3,2942,890,-4,104,-451,-531,149,1399,915,777
"2024-01-13",35,39427,41018,35974,1133,6488,0,16752,0,4,2589,390,-4,706,-452,-531,271,1399,991,778
"2024-01-13",36,39854,41445,36289,1137,6488,0,16752,0,4,2538,378,-4,791,-452,-531,275,1399,997,778
"2024-01-13",37,39440,41055,35950,1123,6488,0,16752,0,2,2253,1086,-4,995,-452,-531,-26,1399,999,778
"2024-01-13",38,38486,40115,35063,1109,6488,0,16752,0,5,2069,1133,-4,1004,-451,-531,-38,1399,986,778
"2024-01-13",39,37457,39056,34153,1083,6488,0,16752,0,12,1974,1160,-4,1003,-452,-531,23,1399,550,778
"2024-01-13",40,36542,38138,33407,1057,6488,0,16752,0,9,1975,1154,-4,1004,-452,-531,26,1399,515,778
"2024-01-13",41,35251,36981,32207,1036,6488,0,16752,0,8,1924,839,-4,1004,-451,-530,-137,1399,278,778
"2024-01-13",42,34270,36009,31295,1014,6488,0,16752,0,11,2156,813,-4,1004,-451,-531,-142,1399,262,778
"2024-01-13",43,33047,34807,30156,999,6488,0,16752,0,11,2347,603,-4,939,-452,-531,-162,1399,233,778
"2024-01-13",44,31857,33612,29027,983,6488,0,16752,0,7,2331,571,-4,937,-451,-530,-163,1399,231,778
"2024-01-13",45,30514,32507,27782,958,6488,0,16752,0,4,2378,22,-4,943,-452,-530,-403,1399,233,778
"2024-01-13",46,28798,30796,26324,933,6488,0,16752,0,11,2095,78,-4,944,-452,-529,-402,1399,249,778
"2024-01-13",47,27601,29134,25145,904,6488,0,16752,0,15,2010,1504,-4,1001,-452,-462,222,1399,798,778
"2024-01-13",48,26369,27891,23981,874,6488,0,16753,0,21,2178,1696,-4,1003,-451,-446,260,1399,836,778
"2024-01-14",1,26400,27974,24100,877,6488,0,16753,0,19,2056,1912,-4,1003,-451,-500,822,1399,989,778
"2024-01-14",2,27103,28566,24814,879,6488,0,16753,0,18,2207,1925,-4,1003,-452,-389,849,1399,994,778
"2024-01-14",3,26442,27958,24195,881,6488,0,16753,0,20,2342,1753,-4,1004,-452,-440,751,1399,839,778
"2024-01-14",4,25824,27469,23582,882,6488,0,16753,0,65,2438,1752,-4,1004,-451,-525,748,1399,831,778
"2024-01-14",5,25081,27390,22961,893,6488,0,16753,0,816,2320,1975,-4,1003,-452,-437,935,1399,897,778
"2024-01-14",6,24733,27468,22605,904,6488,0,16753,0,1232,2191,1992,-4,1004,-452,-447,942,1399,897,778
"2024-01-14",7,24324,27131,22245,919,6488,0,16753,0,1221,2474,1863,-4,860,-451,-531,878,1399,759,778
"2024-01-14",8,23889,26628,21845,933,6488,0,16753,0,1152,2135,1853,-4,855,-452,-531,876,1399,746,778
"2024-01-14",9,23609,26409,21627,956,6488,0,16753,0,1213,2040,1700,-4,854,-452,-531,793,1399,614,778
"2024-01-14",10,23107,25891,21087,979,6488,0,16753,0,1219,2033,1691,-4,855,-452,-509,789,1399,609,778
"2024-01-14",11,22912,25617,20926,1006,6488,0,16753,0,1269,1793,1714,-4,769,-452,-380,765,1399,751,778
"2024-01-14",12,23138,25790,21121,1032,6488,0,16753,0,1263,1819,1711,-4,766,-452,-333,765,1399,750,778
"2024-01-14",13,23756,25896,21702,1050,6488,0,16753,0,802,1898,1611,-4,947,-451,-283,717,1399,407,778
"2024-01-14",14,24314,26300,22255,1068,6488,0,16753,0,647,2002,1605,-4,954,-452,-283,712,1399,378,778
"2024-01-14",15,25446,26905,23292,1099,6488,0,16753,0,146,2550,1627,-4,577,-452,-257,262,1399,118,778
"2024-01-14",16,26191,27581,23988,1130,6488,0,16753,0,74,2550,1625,-4,528,-452,-260,242,1399,102,778
"2024-01-14",17,27482,28650,25210,1172,6488,4,16753,0,16,2626,1479,-4,351,-436,-112,169,1399,91,789
"2024-01-14",18,29538,30596,27159,1213,6488,200,16753,0,10,2721,1474,-4,356,-337,-107,167,1399,108,789
"2024-01-14",19,30948,32238,28337,1256,6488,663,16753,0,13,2760,1579,-4,553,-415,-258,26,1399,714,733
"2024-01-14",20,31737,33075,29054,1298,6488,1226,16753,0,13,2710,1591,-4,562,-357,-364,28,1399,754,719
"2024-01-14",21,32697,34257,29921,1361,6488,1734,16753,0,13,2597,1753,-4,909,-442,-501,567,1399,777,741
"2024-01-14",22,33136,34726,30319,1424,6488,2285,16753,0,13,2574,1761,-4,924,-452,-521,592,1399,778,744
"2024-01-14",23,32981,34574,30166,1524,6488,2479,16753,0,13,2528,1680,-4,999,-446,-530,579,1399,812,766
"2024-01-14",24,33314,34913,30464,1624,6488,2635,16753,0,13,2602,1671,-4,1003,-452,-530,578,1399,817,766
"2024-01-14",25,33550,35150,30677,1734,6488,2947,16753,0,13,2534,1563,-4,902,-452,-531,654,1399,910,773
"2024-01-14",26,33954,35544,31046,1844,6488,2976,16753,0,4,2608,1555,-4,901,-452,-530,656,1398,915,778
"2024-01-14",27,33934,35504,31061,1889,6488,2587,16753,0,8,2593,1534,-4,747,-427,-531,584,1397,849,768
"2024-01-14",28,34095,35624,31279,1933,6488,2209,16753,0,8,2609,1533,-4,738,-393,-524,582,1398,843,766
"2024-01-14",29,34193,35575,31446,1934,6488,1703,16753,0,8,3061,1562,-4,312,-346,-424,633,1398,778,743
"2024-01-14",30,34718,36086,31941,1934,6488,1183,16753,0,7,3191,1552,-4,292,-315,-442,634,1398,763,727
"2024-01-14",31,35577,36961,32795,1918,6488,586,16753,0,7,3315,1182,-4,350,-322,-451,342,1398,371,719
"2024-01-14",32,36584,37872,33770,1902,6488,165,16753,0,9,3128,1158,-4,353,-327,-348,331,1399,353,719
"2024-01-14",33,37988,39445,35029,1940,6488,5,16753,0,6,3120,1247,-4,416,-402,-445,356,1398,591,719
"2024-01-14",34,39237,40730,36092,1977,6488,0,16753,0,6,3151,1269,-4,420,-415,-468,357,1398,611,719
"2024-01-14",35,40529,42120,37158,2005,6488,0,16753,0,5,2797,1944,-4,843,-452,-530,538,1399,781,764
"2024-01-14",36,40817,42411,37401,2033,6488,0,16753,0,7,2880,1968,-4,901,-452,-531,543,1399,781,766
"2024-01-14",37,39849,41441,36553,2057,6488,0,16753,0,5,2841,1392,-4,999,-452,-531,234,1399,394,766
"2024-01-14",38,38934,40505,35716,2081,6488,0,16753,0,5,2719,1332,-4,1004,-452,-510,221,1399,364,767
"2024-01-14",39,37587,39110,34499,2104,6488,0,16753,0,8,2775,502,-4,1003,-451,-378,-82,1398,184,766
"2024-01-14",40,36415,37895,33437,2126,6488,0,16753,0,9,2768,458,-4,1004,-452,-321,-94,1399,169,766
"2024-01-14",41,35234,36478,32377,2164,6488,0,16753,0,8,2787,791,-4,1002,-451,-181,9,1399,40,766
"2024-01-14",42,34122,35268,31418,2201,6488,0,16753,0,8,3012,817,-4,1002,-386,-148,12,1399,33,766
"2024-01-14",43,32600,33646,30058,2225,6488,0,16753,0,11,3184,1098,-4,1002,-407,-24,0,1399,94,766
"2024-01-14",44,31217,32283,28807,2248,6488,0,16753,0,11,3084,1123,-4,1002,-426,-25,0,1399,94,766
"2024-01-14",45,29664,30923,27370,2288,6488,0,16753,0,17,3151,1348,-4,931,-427,-156,127,1399,-55,766
"2024-01-14",46,27722,29394,25574,2327,6488,0,16753,0,419,3370,1367,-4,927,-419,-176,140,1399,-54,774
"2024-01-14",47,25768,28359,23810,2297,6488,0,16753,0,1326,3292,1418,-4,1000,-445,-216,756,1399,344,778
"2024-01-14",48,24776,27486,22980,2267,6488,0,16755,0,1561,3575,1421,-4,1003,-435,-110,788,1399,368,778
"2024-01-15",1,24975,27505,23296,2331,6488,0,16755,0,1476,3865,1494,-4,1004,-388,-62,866,1399,350,769
"2024-01-15",2,25507,28033,23856,2395,6488,0,16755,0,1538,4063,1512,-4,1003,-381,-3,869,1399,346,766
"2024-01-15",3,25484,28061,23827,2437,6488,0,16755,0,1520,4029,1924,-4,1003,-381,-72,995,1399,231,773
"2024-01-15",4,25064,27589,23323,2479,6488,0,16755,0,1502,3847,1956,-4,1004,-381,-38,999,1370,225,779
"2024-01-15",5,24807,27447,23118,2526,6488,0,16755,0,1499,3855,1993,-4,1004,-381,-156,962,1015,290,778
"2024-01-15",6,24673,27331,22925,2572,6488,0,16755,0,1509,3584,1981,-4,1004,-381,-164,961,942,295,779
"2024-01-15",7,24206,26825,22431,2549,6488,0,16755,0,1494,3474,1568,-4,1004,-381,-140,948,568,306,778
"2024-01-15",8,23879,26571,22036,2525,6488,0,16755,0,1491,3504,1519,-4,1003,-381,-216,939,534,298,779
"2024-01-15",9,23443,25994,21714,2573,6488,0,16755,0,1461,3529,822,-4,964,-381,-105,315,687,9,779
"2024-01-15",10,23600,26151,21884,2620,6488,0,16755,0,1459,3829,751,-4,961,-328,-139,282,698,-21,770
"2024-01-15",11,24200,26372,22446,2629,6488,0,16755,0,958,4213,-162,-4,708,-209,-29,-56,598,-154,378
"2024-01-15",12,25655,28145,23737,2638,6488,0,16755,0,1012,4043,-329,-4,697,-280,0,-88,555,-177,345
"2024-01-15",13,28319,32626,26169,2632,6488,0,16755,0,144,4190,-1772,-4,653,-207,0,-892,183,-688,128
"2024-01-15",14,31567,36101,29203,2625,6488,0,16755,0,20,3737,-1909,-4,651,-295,-47,-938,127,-721,112
"2024-01-15",15,35083,38627,32437,2601,6488,0,16755,0,20,3841,-1420,-4,391,-203,-32,-553,11,-712,6
"2024-01-15",16,37350,40675,34473,2576,6488,0,16755,0,8,3668,-1382,-4,389,-81,-15,-537,2,-698,6
"2024-01-15",17,39198,41502,35988,2582,6488,23,16755,0,15,3185,-1028,-4,313,-187,-116,-127,80,-227,182
"2024-01-15",18,39638,41913,36371,2588,6488,483,16755,0,19,3062,-1000,-4,312,-295,-51,-111,84,-195,192
"2024-01-15",19,39832,41976,36492,2578,6488,1799,16755,0,18,2766,-705,-4,284,-429,-158,-103,6,-127,192
"2024-01-15",20,39348,41635,35934,2568,6488,3237,16755,0,17,2608,-692,-4,285,-450,-289,-103,-5,-127,192
"2024-01-15",21,38922,41706,35479,2663,6488,4362,16755,0,19,2264,-955,-4,638,-450,-382,-84,-5,-285,236
"2024-01-15",22,38171,41111,34709,2757,6488,5226,16755,0,14,2178,-974,-4,653,-451,-512,-83,-10,-292,235
"2024-01-15",23,37631,40734,34206,2840,6488,5887,16755,0,10,2119,-1171,-4,891,-451,-531,-97,-69,-170,10
"2024-01-15",24,37137,40258,33742,2923,6488,6247,16755,0,11,2070,-1186,-4,905,-451,-531,-98,-72,-164,-4
"2024-01-15",25,36745,40255,33368,2898,6488,6335,16755,0,10,2151,-1253,-4,675,-451,-531,-263,-12,-227,-159
"2024-01-15",26,36814,40329,33467,2873,6488,6157,16755,0,12,2286,-1245,-4,652,-451,-530,-269,-5,-225,-174
"2024-01-15",27,37125,40126,33772,2725,6488,5621,16755,0,11,2324,-755,-4,269,-451,-530,-214,-5,14,-431
"2024-01-15",28,37262,40261,33877,2577,6488,4919,16755,0,11,2313,-729,-4,268,-451,-531,-212,-5,21,-456
"2024-01-15",29,37483,41147,34152,2345,6488,4044,16755,0,9,2480,-898,-4,105,-451,-531,-340,-5,-303,-523
"2024-01-15",30,38220,41904,34832,2113,6488,2883,16755,0,8,2544,-899,-4,102,-451,-531,-344,-5,-320,-522
"2024-01-15",31,39752,42653,36235,1935,6488,1693,16755,0,4,2143,-658,-4,380,-451,-530,-255,-5,-171,-223
"2024-01-15",32,41201,44015,37566,1757,6488,477,16755,0,3,2110,-623,-4,407,-451,-531,-251,-5,-160,-186
"2024-01-15",33,42677,44411,38898,1704,6488,19,16755,0,11,1844,-64,-4,622,-451,-531,110,-5,-68,376
"2024-01-15",34,44042,45744,40067,1651,6488,0,16755,0,10,1763,-47,-4,641,-450,-531,124,26,-60,417
"2024-01-15",35,44989,46760,40929,1607,6488,0,16755,0,9,1372,-175,-4,913,-450,-530,4,400,-3,439
"2024-01-15",36,45202,46976,41074,1562,6488,0,16755,0,9,1377,-178,-4,941,-450,-530,0,451,-3,447
"2024-01-15",37,44761,46482,40682,1509,6488,0,16755,0,9,1290,107,-4,1000,-450,-531,50,502,-127,665
"2024-01-15",38,44207,45930,40204,1455,6488,0,16755,0,9,1326,156,-4,1004,-450,-531,51,529,-129,692
"2024-01-15",39,44055,45650,40251,1399,6488,0,16755,0,10,1351,727,-4,1003,-450,-531,136,783,70,1111
"2024-01-15",40,42885,44480,39123,1342,6488,0,16755,0,10,821,748,-4,1004,-450,-531,140,785,82,1130
"2024-01-15",41,41321,42913,37655,1290,6488,0,16755,0,7,611,157,-4,1003,-450,-531,123,411,55,710
"2024-01-15",42,40084,41677,36494,1237,6488,0,16755,0,8,644,107,-4,1003,-450,-531,123,341,52,682
"2024-01-15",43,38490,40116,35116,1186,6488,0,16755,0,7,845,10,-4,956,-450,-531,-15,33,-19,746
"2024-01-15",44,36586,38233,33388,1135,6488,0,16755,0,7,718,-6,-4,947,-450,-528,-20,-7,-25,744
"2024-01-15",45,34347,36293,31241,1087,6488,0,16755,0,7,926,-262,-4,750,-450,-457,-144,-7,-15,413
"2024-01-15",46,32518,34585,29599,1038,6488,0,16755,0,12,939,-292,-4,739,-450,-524,-155,-9,-21,383
"2024-01-15",47,30694,34315,27931,958,6488,0,16755,0,75,1072,-899,-4,426,-450,-531,-716,-44,-302,209
"2024-01-15",48,29536,33659,26851,878,6488,0,16758,0,545,1442,-922,-4,409,-418,-531,-741,-45,-317,205
"2024-01-16",1,29370,32802,26753,851,6488,0,16758,0,936,1426,-174,-4,2,-379,-531,-563,-11,-234,537
"2024-01-16",2,29989,33413,27366,824,6488,0,16758,0,998,1836,-126,-4,0,-379,-531,-557,24,-229,562
"2024-01-16",3,29582,33346,26997,810,6488,0,16758,0,1394,1827,-205,-4,262,-379,-531,-406,400,-245,583
"2024-01-16",4,29291,33162,26787,795,6488,0,16758,0,1501,1695,-210,-4,287,-379,-531,-400,427,-246,580
"2024-01-16",5,28607,32182,26177,796,6488,0,16758,0,1495,1428,-180,-4,426,-379,-531,-132,173,-254,313
"2024-01-16",6,28404,31973,25945,797,6488,0,16758,0,1497,1243,-181,-4,431,-379,-531,-123,132,-254,289
"2024-01-16",7,28026,31800,25574,806,6488,0,16758,0,1482,1273,-266,-4,251,-379,-531,-258,10,-254,106
"2024-01-16",8,27696,31494,25237,815,6488,0,16758,0,1470,1434,-272,-4,241,-379,-531,-263,-25,-254,85
"2024-01-16",9,27275,31649,24924,832,6488,0,16758,0,1459,1326,-329,-4,-182,-379,-531,-360,-257,-273,0
"2024-01-16",10,27135,31376,24801,849,6488,0,16758,0,1227,1315,-360,-4,-197,-375,-505,-364,-311,-283,-15
"2024-01-16",11,27610,32792,25227,859,6488,0,16758,0,240,1635,-1174,-4,239,-303,-367,-650,-629,-574,-641
"2024-01-16",12,28740,33548,26251,868,6488,0,16758,0,9,1831,-1233,-4,258,-168,-215,-660,-648,-585,-686
"2024-01-16",13,31596,35969,28901,877,6488,0,16758,0,7,2117,-1213,-4,3,-29,-64,-934,-390,-317,-815
"2024-01-16",14,34464,38687,31562,886,6488,0,16758,0,11,2233,-1209,-4,0,68,0,-944,-330,-301,-824
"2024-01-16",15,37202,40581,33972,908,6488,0,16758,0,10,2228,-941,-4,421,187,53,-707,21,-347,-770
"2024-01-16",16,38784,42130,35351,929,6488,0,16758,0,15,2249,-927,-4,476,81,7,-698,86,-346,-756
"2024-01-16",17,40617,43277,37012,977,6488,23,16758,0,11,2293,-992,-4,416,0,0,-411,357,-226,-416
"2024-01-16",18,41125,43777,37479,1024,6488,371,16758,0,15,2177,-985,-4,415,-40,0,-401,418,-218,-389
"2024-01-16",19,42214,44393,38457,1081,6488,1123,16758,0,12,1603,-618,-4,810,-183,-37,-268,769,-200,-257
"2024-01-16",20,42122,44264,38290,1138,6488,1981,16758,0,12,1085,-601,-4,849,-212,-1,-264,792,-203,-245
"2024-01-16",21,41198,43641,37374,1194,6488,2774,16758,0,14,945,-805,-4,514,-204,0,-322,536,-338,-156
"2024-01-16",22,40460,42950,36637,1250,6488,3848,16758,0,12,615,-796,-4,512,-255,0,-324,474,-346,-153
"2024-01-16",23,39970,41992,36137,1326,6488,4255,16758,0,6,463,70,-4,362,-209,17,-551,102,-346,-306
"2024-01-16",24,39539,41474,35702,1402,6488,4652,16758,0,7,284,132,-4,361,-101,0,-559,52,-346,-318
"2024-01-16",25,39461,41426,35610,1482,6488,4948,16758,0,7,48,-68,-4,627,-137,0,-480,2,-351,-318
"2024-01-16",26,39462,41538,35638,1562,6488,4917,16758,0,6,-2,-121,-4,638,-187,0,-478,-5,-353,-322
"2024-01-16",27,39149,41760,35443,1605,6488,4199,16758,0,6,325,-624,-4,628,-112,0,-299,-5,-417,-544
"2024-01-16",28,39115,41733,35465,1648,6488,3412,16758,0,6,647,-642,-4,585,-80,0,-294,-5,-419,-568
"2024-01-16",29,38995,41609,35488,1669,6488,2543,16758,0,6,1029,-165,-4,3,37,15,-588,-5,-370,-876
"2024-01-16",30,39094,41782,35678,1690,6488,1931,16758,0,8,1155,-128,-4,0,-68,9,-598,-35,-367,-880
"2024-01-16",31,39382,41554,36032,1729,6488,1086,16758,0,10,1094,66,-4,142,-207,-64,-282,-412,-348,-245
"2024-01-16",32,40492,42753,37254,1767,6488,307,16758,0,4,1672,78,-4,151,-197,-215,-269,-436,-349,-187
"2024-01-16",33,41598,43473,38258,1828,6488,14,16758,0,4,1786,14,-4,470,-323,-366,46,-152,-426,211
"2024-01-16",34,43007,45008,39516,1889,6488,0,16758,0,4,1997,18,-4,504,-347,-504,58,-110,-432,238
"2024-01-16",35,43741,45787,40097,1933,6488,0,16758,0,4,2356,280,-4,565,-441,-531,2,-16,-450,20
"2024-01-16",36,43800,45847,40117,1977,6488,0,16758,0,4,2233,290,-4,568,-450,-531,1,-5,-453,20
"2024-01-16",37,43665,45782,40071,1977,6488,0,16758,0,4,1994,175,-4,953,-450,-531,252,-5,-523,607
"2024-01-16",38,43110,45221,39528,1977,6488,0,16758,0,5,2107,150,-4,1003,-450,-531,261,-5,-516,660
"2024-01-16",39,42831,44964,39299,1975,6488,0,16758,0,12,1975,-403,-4,1004,-450,-531,138,-5,-128,1245
"2024-01-16",40,41732,43892,38303,1973,6488,0,16758,0,10,2001,-450,-4,1004,-450,-530,134,-5,-111,1254
"2024-01-16",41,40200,42183,36769,1961,6488,0,16758,0,7,1620,28,-4,1004,-450,-531,102,-5,-386,401
"2024-01-16",42,38890,40902,35541,1949,6488,0,16758,0,6,1616,19,-4,1003,-450,-531,90,-15,-406,330
"2024-01-16",43,36960,40792,33835,1907,6488,0,16758,0,5,1757,-972,-4,1003,-450,-531,-586,-142,-542,233
"2024-01-16",44,35054,39013,32095,1864,6488,0,16758,0,7,1987,-1050,-4,1003,-450,-531,-621,-147,-549,222
"2024-01-16",45,32954,36703,30130,1808,6488,0,16758,0,9,2163,-1070,-4,1008,-450,-531,-560,-21,-504,25
"2024-01-16",46,31361,35071,28600,1751,6488,0,16758,0,9,2105,-1055,-4,982,-450,-531,-558,-5,-498,16
"2024-01-16",47,29581,32426,26915,1624,6488,0,16758,0,12,1860,-393,-4,273,-450,-531,-452,-6,-397,368
"2024-01-16",48,28729,31724,26129,1496,6488,0,16761,0,211,1629,-355,-4,230,-450,-531,-448,-6,-390,388
"2024-01-17",1,28521,32081,26067,1414,6488,0,16761,0,907,1647,-460,-4,344,-450,-531,-200,-6,-402,398
"2024-01-17",2,28764,32583,26383,1332,6488,0,16761,0,1187,1768,-456,-4,349,-450,-531,-191,3,-400,404
"2024-01-17",3,28840,31913,26492,1252,6488,0,16761,0,1157,1780,55,-4,589,-450,-531,-7,103,-324,567
"2024-01-17",4,28281,31414,25962,1172,6488,0,16761,0,1240,1674,72,-4,599,-450,-531,0,134,-308,578
"2024-01-17",5,28043,30892,25714,1119,6488,0,16761,0,1223,1843,196,-4,577,-450,-531,-41,371,68,599
"2024-01-17",6,27869,30638,25512,1066,6488,0,16761,0,1141,1886,217,-4,576,-450,-531,-43,397,94,603
"2024-01-17",7,27574,30392,25179,1014,6488,0,16761,0,1211,1751,716,-4,652,-450,-487,-66,352,219,670
"2024-01-17",8,27258,30066,24850,962,6488,0,16761,0,1210,1596,752,-4,655,-450,-477,-67,323,227,673
"2024-01-17",9,26741,29447,24364,947,6488,0,16761,0,1197,1560,934,-4,478,-450,-455,76,32,220,618
"2024-01-17",10,26638,28955,24305,932,6488,0,16761,0,794,1172,931,-4,471,-445,-474,80,3,217,602
"2024-01-17",11,27073,28666,24682,938,6488,0,16761,0,27,1276,271,-4,199,-369,-327,-266,99,129,583
"2024-01-17",12,28223,29829,25704,943,6488,0,16761,0,12,1167,222,-4,187,-443,-267,-280,140,126,579
"2024-01-17",13,31089,33115,28340,933,6488,0,16761,0,48,1677,-84,-4,349,-434,-211,-645,512,206,643
"2024-01-17",14,34181,35956,31185,923,6488,0,16761,0,12,1853,-83,-4,355,-337,-87,-652,588,218,651
"2024-01-17",15,37708,39014,34343,936,6488,0,16761,0,10,1684,926,-4,273,-429,-188,-75,962,419,737
"2024-01-17",16,39861,41309,36311,948,6488,0,16761,0,9,1231,1020,-4,270,-451,-340,-44,1033,443,744
"2024-01-17",17,41081,42634,37373,963,6488,1,16761,0,11,1143,767,-4,591,-451,-487,424,1357,841,744
"2024-01-17",18,41578,43172,37836,978,6488,120,16761,0,8,1127,778,-4,626,-451,-531,449,1397,870,740
"2024-01-17",19,42975,44567,39145,966,6488,577,16761,0,7,1192,1547,-4,624,-450,-531,946,1396,992,610
"2024-01-17",20,43254,44845,39393,953,6488,1225,16761,0,6,942,1607,-4,624,-450,-531,964,1397,996,601
"2024-01-17",21,42471,44062,38927,975,6488,1781,16761,0,6,1018,1804,-4,645,-450,-531,450,1397,860,601
"2024-01-17",22,41901,43491,38492,996,6488,2261,16761,0,6,972,1819,-4,600,-450,-530,428,1389,854,591
"2024-01-17",23,41498,43089,38057,1041,6488,2743,16761,0,6,1118,1891,-4,3,-450,-531,797,1295,944,171
"2024-01-17",24,41196,42791,37757,1085,6488,3109,16761,0,11,1203,1895,-4,0,-450,-530,810,1253,952,131
"2024-01-17",25,40860,42627,37130,1140,6488,3302,16761,0,12,1298,1848,-4,97,-450,-531,442,881,994,-170
"2024-01-17",26,41089,42869,37276,1195,6488,3346,16761,0,9,1187,1847,-4,102,-450,-530,425,807,996,-187
"2024-01-17",27,40892,42702,37063,1223,6488,3103,16761,0,7,1185,1979,-4,-219,-450,-530,59,457,999,57
"2024-01-17",28,40689,42523,36905,1250,6488,2783,16761,0,7,1457,1986,-4,-243,-450,-530,45,416,999,64
"2024-01-17",29,40371,42893,36769,1239,6488,2222,16761,0,8,1687,2006,-4,-741,-450,-531,-129,442,999,-59
"2024-01-17",30,40497,43066,36913,1228,6488,1716,16761,0,10,1507,2006,-4,-766,-450,-531,-135,416,999,-73
"2024-01-17",31,41099,43372,37505,1229,6488,1040,16761,0,5,1289,2006,-4,-604,-450,-531,42,42,999,-79
"2024-01-17",32,41940,44202,38357,1230,6488,369,16761,0,5,1333,2006,-4,-593,-450,-531,49,-5,999,-74
"2024-01-17",33,42595,44655,38843,1269,6488,28,16761,0,8,1577,2005,-4,-462,-450,-531,235,-5,999,0
"2024-01-17",34,43930,45958,40018,1308,6488,0,16761,0,4,1703,2005,-4,-434,-450,-531,242,-5,999,7
"2024-01-17",35,44744,46340,40665,1335,6488,0,16761,0,6,1448,2005,-4,102,-450,-531,88,-5,999,554
"2024-01-17",36,44768,46359,40682,1361,6488,0,16761,0,6,1288,2005,-4,111,-450,-531,82,10,999,579
"2024-01-17",37,44387,46285,40459,1359,6488,0,16761,0,5,1291,1977,-4,457,-450,-530,-164,184,999,-145
"2024-01-17",38,44439,46392,40658,1357,6488,0,16761,0,9,1673,1975,-4,496,-450,-531,-171,208,998,-188
"2024-01-17",39,44218,45817,40480,1361,6488,0,16761,0,14,1881,2005,-4,469,-450,-531,239,247,963,78
"2024-01-17",40,43571,45166,39899,1365,6488,0,16761,0,10,1811,2006,-4,467,-450,-531,258,235,960,83
"2024-01-17",41,42129,44100,38544,1361,6488,0,16761,0,8,1519,2005,-4,405,-450,-531,662,22,942,-378
"2024-01-17",42,40965,42969,37396,1356,6488,0,16761,0,11,1612,1994,-4,390,-450,-531,673,1,940,-408
"2024-01-17",43,38411,40550,35053,1327,6488,0,16761,0,10,1463,1658,-4,-289,-450,-530,138,61,902,-256
"2024-01-17",44,36090,38246,32885,1298,6488,0,16761,0,9,1230,1626,-4,-321,-450,-530,114,63,897,-242
"2024-01-17",45,33968,36152,30955,1283,6488,0,16761,0,4,1325,1147,-4,-357,-450,-531,-40,3,808,-198
"2024-01-17",46,32350,34540,29527,1268,6488,0,16761,0,6,1134,1128,-4,-358,-450,-531,-46,-5,794,-190
"2024-01-17",47,30627,32396,27961,1222,6488,0,16761,0,8,1513,1485,-4,-166,-450,-531,80,-5,526,-5
"2024-01-17",48,29311,31132,26774,1175,6488,0,16764,0,105,1506,1510,-4,-151,-450,-511,85,20,508,0
"2024-01-18",1,28650,31023,26207,1178,6488,0,16764,0,866,1370,1587,-4,102,-450,-453,292,325,458,0
"2024-01-18",2,29456,31877,26916,1181,6488,0,16764,0,1000,1331,1598,-4,110,-450,-367,300,339,460,0
"2024-01-18",3,29248,32072,26618,1197,6488,0,16764,0,1280,1349,1889,-4,201,-450,-490,340,49,638,0
"2024-01-18",4,28910,31659,26316,1213,6488,0,16764,0,1187,1733,1905,-4,203,-450,-508,340,12,653,0
"2024-01-18",5,28634,31491,26047,1227,6488,0,16764,0,1261,1354,1956,-4,-97,-450,-379,-63,-3,812,0
"2024-01-18",6,28202,30882,25701,1240,6488,0,16764,0,1083,1052,1957,-4,-104,-450,-350,-79,-10,827,0
"2024-01-18",7,27820,30931,25289,1246,6488,0,16764,0,1301,747,1887,-4,-277,-450,-422,105,-57,960,0
"2024-01-18",8,27521,30796,25068,1251,6488,0,16764,0,1436,721,1887,-4,-290,-450,-387,111,-93,968,-15
"2024-01-18",9,27323,31298,24900,1283,6488,0,16764,0,1129,1108,1995,-4,-268,-450,-339,-82,-471,969,-632
"2024-01-18",10,27211,31218,24680,1315,6488,0,16764,0,1015,897,2001,-4,-276,-448,-331,-92,-548,969,-693
"2024-01-18",11,27602,32852,25067,1335,6488,0,16764,0,368,1537,1866,-4,-905,-380,-179,-534,-934,982,-1346
"2024-01-18",12,28875,34050,26140,1354,6488,0,16764,0,67,1399,1852,-4,-931,-445,-180,-553,-1011,980,-1384
"2024-01-18",13,31816,36238,28886,1330,6488,0,16764,0,13,1660,1545,-4,-274,-450,-273,-322,-1390,870,-1096
"2024-01-18",14,35023,39278,31918,1306,6488,0,16764,0,12,1548,1544,-4,-235,-450,-152,-313,-1406,867,-1083
"2024-01-18",15,38321,42063,34893,1317,6488,0,16764,0,12,1744,1972,-4,-106,-383,-220,-12,-1011,991,-1394
"2024-01-18",16,40073,43785,36481,1327,6488,0,16764,0,10,1842,2005,-4,-104,-298,-371,0,-932,1000,-1393
"2024-01-18",17,41443,44055,37756,1344,6488,29,16764,0,7,1217,2005,-4,96,-421,-507,154,-546,999,-527
"2024-01-18",18,41498,44007,37770,1361,6488,547,16764,0,9,1088,2004,-4,102,-451,-530,177,-472,998,-443
"2024-01-18",19,42798,44549,38961,1386,6488,1878,16764,0,13,1249,2003,-4,639,-451,-531,954,-152,949,420
"2024-01-18",20,42451,44195,38635,1410,6488,3359,16764,0,16,1155,2001,-4,730,-450,-531,1000,-143,944,465
"2024-01-18",21,41426,43604,37693,1428,6488,4469,16764,0,9,1281,1924,-4,849,-450,-531,790,-524,897,-60
"2024-01-18",22,40721,43004,37019,1445,6488,5318,16764,0,11,1197,1914,-4,854,-450,-531,782,-602,891,-85
"2024-01-18",23,39730,42309,36140,1494,6488,5893,16764,0,8,1153,1721,-4,728,-450,-530,524,-987,808,241
"2024-01-18",24,39185,41839,35635,1542,6488,6265,16764,0,7,1161,1710,-4,726,-450,-530,515,-1063,799,258
"2024-01-18",25,38870,41942,35334,1615,6488,6491,16764,0,7,1359,1782,-4,858,-450,-530,330,-1408,663,-73
"2024-01-18",26,38827,41951,35215,1687,6488,6424,16764,0,6,1293,1787,-4,860,-450,-531,316,-1451,645,-82
"2024-01-18",27,38293,41623,34833,1714,6488,5996,16764,0,6,1650,1785,-4,372,-450,-531,-288,-1451,304,459
"2024-01-18",28,38282,41644,34839,1740,6488,5406,16764,0,8,1689,1783,-4,337,-450,-531,-318,-1451,289,482
"2024-01-18",29,38214,41998,34997,1717,6488,4549,16764,0,10,1963,1647,-4,-328,-450,-530,-243,-1452,524,-167
"2024-01-18",30,39323,43175,35734,1694,6488,3469,16764,0,12,2161,1641,-4,-366,-450,-530,-241,-1433,542,-216
"2024-01-18",31,39442,42851,36300,1710,6488,2113,16764,0,12,2498,1653,-4,-431,-450,-530,-9,-1180,624,-193
"2024-01-18",32,41118,44440,37861,1725,6488,687,16764,0,7,2617,1644,-4,-434,-450,-531,0,-1118,621,-178
"2024-01-18",33,42618,45444,39239,1781,6488,50,16764,0,6,2582,1413,-4,-506,-450,-531,205,-729,339,286
"2024-01-18",34,43838,46588,40217,1837,6488,0,16764,0,6,2407,1376,-4,-508,-450,-531,212,-651,311,328
"2024-01-18",35,44698,47291,40995,1852,6488,0,16764,0,5,2672,702,-4,-617,-450,-531,-87,-268,-31,772
"2024-01-18",36,44961,47507,41130,1867,6488,0,16764,0,5,2300,655,-4,-578,-450,-531,-99,-226,-53,807
"2024-01-18",37,44771,46993,41031,1850,6488,0,16764,0,5,2289,540,-4,643,-450,-530,-311,-294,-28,1049
"2024-01-18",38,44757,46975,41038,1833,6488,0,16764,0,9,2071,531,-4,777,-450,-531,-315,-282,-27,1073
"2024-01-18",39,44456,46125,40757,1790,6488,0,16764,0,21,1446,566,-4,946,-450,-531,138,-35,-28,1360
"2024-01-18",40,43222,44852,39644,1747,6488,0,16764,0,14,990,568,-4,953,-450,-531,158,-3,-28,1376
"2024-01-18",41,41650,43272,38066,1710,6488,0,16764,0,11,822,546,-4,953,-450,-530,176,14,-27,1247
"2024-01-18",42,40152,41776,36632,1672,6488,0,16764,0,11,1174,552,-4,953,-450,-531,176,45,-28,1234
"2024-01-18",43,38767,40549,35521,1648,6488,0,16764,0,10,1431,750,-4,906,-450,-531,-158,419,-29,1285
"2024-01-18",44,36771,38563,33858,1623,6488,0,16764,0,8,1434,763,-4,905,-450,-530,-171,453,-29,1282
"2024-01-18",45,34472,36550,31761,1620,6488,0,16764,0,8,1842,771,-4,716,-450,-531,-456,300,-29,851
"2024-01-18",46,32602,34700,30107,1617,6488,0,16764,0,12,2568,750,-4,708,-450,-531,-467,311,-34,824
"2024-01-18",47,30462,32607,28185,1611,6488,0,16764,0,29,2862,-84,-4,756,-423,-531,-251,683,-223,956
"2024-01-18",48,29173,31657,27067,1605,6488,0,16768,0,354,3215,-144,-4,759,-380,-531,-243,759,-228,971
"2024-01-19",1,29008,31368,26987,1665,6488,0,16768,0,800,3278,68,-4,759,-380,-530,-46,1132,41,1145
"2024-01-19",2,29225,32091,27257,1724,6488,0,16768,0,1350,3420,97,-4,759,-341,-531,-40,1164,58,1156
"2024-01-19",3,28742,31997,26817,1772,6488,0,16768,0,1506,3727,548,-4,633,-330,-531,-284,975,24,1113
"2024-01-19",4,28450,31674,26533,1820,6488,0,16768,0,1467,3627,567,-4,631,-330,-531,-292,932,21,1108
"2024-01-19",5,28095,31108,26143,1882,6488,0,16768,0,1548,3635,345,-4,387,-330,-531,9,683,19,1152
"2024-01-19",6,27832,30827,25916,1943,6488,0,16768,0,1530,3784,304,-4,376,-330,-531,21,635,19,1155
"2024-01-19",7,27383,30823,25495,1983,6488,0,16768,0,1526,3902,-450,-3,556,-330,-531,176,412,24,1156
"2024-01-19",8,27107,30607,25164,2022,6488,0,16768,0,1514,3812,-521,-4,563,-330,-531,177,371,16,1152
"2024-01-19",9,26627,30609,24888,2064,6488,0,16768,0,1410,4339,-577,-3,516,-330,-458,-327,207,-277,932
"2024-01-19",10,26745,30599,25000,2106,6488,0,16768,0,1211,4440,-600,-4,489,-330,-456,-353,174,-300,906
"2024-01-19",11,27104,31260,25437,2147,6488,0,16768,0,317,4462,-1341,-4,3,-316,-318,-814,16,-446,578
"2024-01-19",12,28366,32365,26665,2188,6488,0,16768,0,214,4578,-1384,-3,0,-331,-166,-833,-5,-463,550
"2024-01-19",13,31163,35052,29303,2230,6488,0,16768,0,65,4719,-1189,-4,0,-271,-27,-955,-5,-773,398
"2024-01-19",14,33683,37639,31713,2271,6488,0,16768,0,16,4477,-1188,-3,0,-340,-66,-958,-5,-780,400
"2024-01-19",15,36546,40640,34306,2310,6488,0,16768,0,199,4290,-1697,-3,266,-446,-215,-593,-5,-336,931
"2024-01-19",16,38338,42279,35942,2349,6488,0,16768,0,16,4264,-1718,-4,291,-450,-272,-579,23,-302,979
"2024-01-19",17,40079,43601,37472,2406,6488,39,16768,0,12,4011,-1244,-3,394,-450,-406,-680,367,-127,1376
"2024-01-19",18,40895,44340,38201,2463,6488,597,16768,0,12,3910,-1188,-3,400,-450,-394,-683,427,-115,1404
"2024-01-19",19,41554,44422,38745,2518,6488,1870,16768,0,14,3722,-367,-3,802,-450,-508,-823,646,-103,1404
"2024-01-19",20,40880,43722,38070,2572,6488,3161,16768,0,13,3772,-327,-4,854,-450,-518,-828,643,-102,1393
"2024-01-19",21,39775,43154,36997,2637,6488,4100,16768,0,13,3743,-928,-3,817,-450,-400,-881,271,-104,949
"2024-01-19",22,39014,42418,36211,2701,6488,4918,16768,0,12,3830,-971,-3,816,-450,-378,-883,210,-107,909
"2024-01-19",23,38221,41409,35468,2807,6488,5409,16768,0,11,3961,-957,-3,942,-382,-240,-819,20,-176,591
"2024-01-19",24,37744,40788,35019,2912,6488,5677,16768,0,11,4318,-955,-3,950,-234,-242,-816,5,-183,569
"2024-01-19",25,37304,40494,34659,2970,6488,6010,16768,0,10,4508,-927,-3,975,-245,-380,-754,114,-271,589
"2024-01-19",26,36746,39846,34150,3027,6488,5804,16768,0,11,4603,-927,-3,975,-226,-305,-752,131,-276,589
"2024-01-19",27,36315,39445,33753,3009,6488,5550,16768,0,11,4654,-1006,-3,908,-317,-160,-768,178,-265,402
"2024-01-19",28,36037,38983,33546,2991,6488,4997,16768,0,15,4866,-1011,-3,876,-208,-77,-768,172,-264,385
"2024-01-19",29,36152,38644,33665,2928,6488,4141,16768,0,9,4927,-973,-3,430,-59,0,-555,16,-293,266
"2024-01-19",30,36606,39039,34134,2865,6488,2934,16768,0,12,4973,-968,-3,429,68,0,-548,-5,-297,259
"2024-01-19",31,37371,40046,34868,2792,6488,1665,16768,0,13,4985,-815,-3,671,163,0,-843,-5,-396,345
"2024-01-19",32,38804,41469,36278,2718,6488,661,16768,0,11,5052,-800,-3,693,310,0,-852,26,-399,355
"2024-01-19",33,40069,42030,37383,2726,6488,61,16768,0,8,4976,-606,-3,814,399,13,-472,400,-272,419
"2024-01-19",34,41300,43234,38476,2733,6488,0,16768,0,10,4786,-598,-4,822,400,35,-458,476,-264,457
"2024-01-19",35,42537,44715,39656,2752,6488,0,16768,0,7,4798,-888,-4,979,344,0,-438,849,-241,1337
"2024-01-19",36,42547,44744,39646,2771,6488,0,16768,0,9,4931,-911,-4,990,289,0,-438,895,-235,1405
"2024-01-19",37,42003,44304,39218,2794,6488,0,16768,0,9,5003,-1123,-4,1002,378,0,-493,895,-72,1405
"2024-01-19",38,41320,43637,38644,2817,6488,0,16768,0,11,5078,-1142,-3,1003,399,74,-495,920,-66,1404
"2024-01-19",39,40689,43319,38081,2849,6488,0,16768,0,19,5033,-1241,-4,982,383,58,-555,1231,-211,1339
"2024-01-19",40,39189,41821,36752,2881,6488,0,16768,0,13,5025,-1234,-4,981,283,0,-557,1278,-224,1321
"2024-01-19",41,37939,40469,35539,2934,6488,0,16768,0,8,5187,-822,-4,952,374,16,-778,1384,-318,923
"2024-01-19",42,36460,38968,34175,2987,6488,0,16768,0,6,5250,-789,-4,951,399,110,-786,1397,-323,897
"2024-01-19",43,34299,36508,32231,3032,6488,0,16768,0,11,4773,-690,-3,976,399,231,-645,1397,-260,960
"2024-01-19",44,32765,34954,30785,3076,6488,0,16768,0,11,4713,-685,-3,976,399,305,-640,1391,-250,965
"2024-01-19",45,31426,33604,29536,3143,6488,0,16768,0,11,4476,-831,-3,816,400,453,-654,1311,-79,813
"2024-01-19",46,29387,31560,27703,3209,6488,0,16768,0,11,4288,-834,-3,813,399,504,-656,1308,-69,809
"2024-01-19",47,27644,29911,26112,3360,6488,0,16768,0,11,4384,-575,-3,996,399,500,-973,1387,-105,1162
"2024-01-19",48,26185,28450,24825,3510,6488,0,16769,0,8,4218,-562,-3,1003,400,504,-985,1397,-107,1181
"2024-01-20",1,25934,27971,24632,3592,6488,0,16769,0,10,4171,-561,-3,1003,399,504,-778,1397,-85,917
"2024-01-20",2,26399,28432,25014,3674,6488,0,16769,0,8,4193,-568,-3,1003,399,504,-771,1397,-83,903
"2024-01-20",3,25792,28383,24447,3734,6488,0,16769,0,163,4155,-773,-3,1018,399,504,-1012,1397,-40,1156
"2024-01-20",4,24963,28161,23797,3793,6488,0,16769,0,750,4174,-787,-3,1004,399,504,-1020,1373,-38,1175
"2024-01-20",5,24540,27983,23421,3859,6488,0,16769,0,1029,4283,-729,-3,1001,399,504,-1020,1059,-62,1122
"2024-01-20",6,24227,27842,23156,3925,6488,0,16769,0,1197,4447,-728,-3,1002,399,504,-1020,996,-67,1115
"2024-01-20",7,23588,27391,22512,3990,6488,0,16769,0,1205,4423,-864,-3,966,399,504,-960,684,-171,1050
"2024-01-20",8,23117,27026,22048,4054,6488,0,16769,0,1270,4494,-900,-3,964,399,504,-957,631,-179,1044
"2024-01-20",9,22636,27399,21653,4104,6488,0,16769,0,1175,4741,-1852,-3,888,399,504,-901,442,-232,1001
"2024-01-20",10,22313,27143,21301,4153,6488,0,16769,0,1167,4734,-1913,-3,879,399,504,-899,427,-248,990
"2024-01-20",11,22341,27336,21339,4173,6488,0,16769,0,1157,4879,-1625,-3,670,399,504,-937,534,-673,741
"2024-01-20",12,22627,27352,21569,4193,6488,0,16769,0,864,4773,-1613,-3,662,399,504,-938,574,-707,721
"2024-01-20",13,23784,28147,22591,4229,6488,0,16769,0,33,4615,-1778,-3,424,399,497,-1018,922,-931,775
"2024-01-20",14,24777,29145,23481,4265,6488,0,16769,0,17,4372,-1780,-3,422,399,383,-1021,955,-947,772
"2024-01-20",15,26312,30285,24872,4287,6488,0,16769,0,14,4289,-1319,-3,308,363,239,-1020,838,-1017,419
"2024-01-20",16,27341,31294,25838,4309,6488,0,16769,0,16,4354,-1293,-3,312,318,151,-1020,853,-1021,394
"2024-01-20",17,28987,32941,27505,4325,6488,24,16769,0,10,4450,-1315,-3,839,188,37,-1021,1225,-1005,483
"2024-01-20",18,30166,34080,28580,4341,6488,231,16769,0,8,4380,-1299,-3,865,224,118,-1020,1279,-984,496
"2024-01-20",19,31361,33588,29641,4319,6488,558,16769,0,10,4194,-606,-3,753,103,24,-728,1384,-280,758
"2024-01-20",20,31859,33938,30134,4296,6488,875,16769,0,10,4328,-556,-3,760,3,0,-687,1397,-223,777
"2024-01-20",21,32930,34038,31043,4304,6488,1143,16769,0,8,4217,-365,-3,1002,-68,-64,272,1397,205,745
"2024-01-20",22,33130,34309,31203,4311,6488,1567,16769,0,11,4547,-341,-3,1003,-156,-68,337,1396,232,741
"2024-01-20",23,33390,34029,31319,4319,6488,1692,16769,0,11,4775,42,-3,848,-25,0,589,1397,186,741
"2024-01-20",24,33668,34282,31521,4327,6488,1816,16769,0,11,5325,121,-3,847,120,31,597,1397,184,740
"2024-01-20",25,33914,34526,31759,4325,6488,1875,16769,0,9,5175,1398,-3,894,73,0,281,1397,210,729
"2024-01-20",26,33967,34577,31796,4323,6488,1618,16769,0,7,5445,1507,-3,896,17,7,268,1367,207,729
"2024-01-20",27,33814,34424,31608,4286,6488,1494,16769,0,7,5387,1312,-3,855,145,99,456,995,59,729
"2024-01-20",28,33913,34523,31576,4249,6488,1226,16769,0,7,5419,1298,-3,813,201,47,463,919,52,719
"2024-01-20",29,33615,34225,31309,4229,6488,1081,16769,0,7,5715,1239,-3,115,337,141,372,545,145,247
"2024-01-20",30,33663,34272,31358,4209,6488,709,16769,0,6,5619,1231,-3,103,308,84,369,478,146,209
"2024-01-20",31,33664,34513,31487,4184,6488,532,16769,0,7,5794,939,-3,-166,376,187,176,207,-73,18
"2024-01-20",32,33884,34761,31804,4159,6488,165,16769,0,9,5526,912,-3,-179,399,163,169,203,-86,0
"2024-01-20",33,34991,35745,32814,4191,6488,9,16769,0,7,5636,442,-3,-3,355,50,-111,576,-30,0
"2024-01-20",34,36390,37147,34107,4222,6488,0,16769,0,7,5693,398,-3,0,397,126,-122,652,-25,4
"2024-01-20",35,37545,38389,35282,4303,6488,0,16769,0,5,5676,-125,-3,505,383,33,-104,1025,-7,249
"2024-01-20",36,37571,38473,35384,4383,6488,0,16769,0,5,5688,-182,-3,586,399,92,-105,1078,-7,272
"2024-01-20",37,36976,38416,34854,4493,6488,0,16769,0,5,5524,-293,-4,984,355,113,-455,1172,-83,512
"2024-01-20",38,36277,37760,34109,4603,6488,0,16769,0,4,5150,-316,-3,1003,209,11,-468,1153,-92,542
"2024-01-20",39,35097,37151,33040,4713,6488,0,16769,0,7,5153,-967,-3,1003,60,39,-267,781,-210,1015
"2024-01-20",40,33840,36047,31944,4822,6488,0,16769,0,9,5097,-987,-3,1003,-68,-64,-260,734,-216,1061
"2024-01-20",41,32626,34450,30775,4896,6488,0,16769,0,11,5305,-389,-3,815,-220,-90,-344,718,-167,1158
"2024-01-20",42,31478,33380,29653,4969,6488,0,16769,0,11,5532,-336,-3,808,-371,-67,-347,740,-167,1167
"2024-01-20",43,30244,31900,28496,5024,6488,0,16769,0,9,5379,13,-3,853,-431,-77,-236,1057,-300,1179
"2024-01-20",44,28907,30631,27305,5078,6488,0,16769,0,11,5260,21,-3,854,-449,-116,-233,1066,-312,1178
"2024-01-20",45,27634,29760,26042,5102,6488,0,16769,0,11,5275,61,-3,866,-446,-92,-533,694,-441,1158
"2024-01-20",46,26208,28484,24732,5126,6488,0,16769,0,10,5341,55,-3,866,-450,-238,-539,618,-436,1147
"2024-01-20",47,24635,26297,23210,5099,6488,0,16769,0,21,5392,-176,-3,552,-430,-389,-37,243,-6,860
"2024-01-20",48,23343,25380,22015,5072,6488,0,16769,0,315,5363,-173,-3,538,-420,-512,-14,181,28,842
"2024-01-21",1,23362,25844,22028,4977,6488,0,16769,0,1033,5279,427,-3,640,-413,-420,120,-13,266,842
"2024-01-21",2,23547,25877,22159,4882,6488,0,16769,0,1098,5075,491,-3,645,-302,-269,125,-58,280,842
"2024-01-21",3,23515,25788,22018,4701,6488,0,16769,0,1096,4817,410,-3,875,-151,-118,404,-305,232,863
"2024-01-21",4,22968,25481,21473,4519,6488,0,16769,0,1505,4854,380,-3,885,-28,-63,414,-314,229,866
"2024-01-21",5,22379,24906,20888,4341,6488,0,16769,0,1385,4650,-498,-3,836,68,51,204,-41,216,846
"2024-01-21",6,22109,24689,20560,4163,6488,0,16769,0,1380,4700,-590,-3,834,218,6,197,-7,216,839
"2024-01-21",7,21790,25097,20193,4013,6488,0,16769,0,1531,4966,-1166,-3,696,324,0,99,-7,278,687
"2024-01-21",8,21382,24494,19746,3862,6488,0,16769,0,1298,4926,-1204,-3,689,350,0,95,-7,274,671
"2024-01-21",9,20884,23790,19322,3793,6488,0,16769,0,1232,4896,-1061,-3,282,399,38,199,-7,-3,497
"2024-01-21",10,20786,23730,19201,3723,6488,0,16769,0,1244,4974,-1056,-3,263,399,16,202,-20,-21,492
"2024-01-21",11,20766,23964,19115,3680,6488,0,16769,0,1246,4963,-1158,-3,523,399,88,91,-191,26,846
"2024-01-21",12,20980,23984,19347,3637,6488,0,16769,0,1051,4846,-1151,-3,534,399,50,87,-199,41,877
"2024-01-21",13,21568,23881,19883,3667,6488,0,16769,0,1068,4059,-614,-3,771,350,0,211,-28,515,1072
"2024-01-21",14,22188,24590,20528,3696,6488,0,16769,0,1228,4774,-569,-3,784,310,0,218,-2,542,1083
"2024-01-21",15,22772,24826,21157,3709,6488,0,16769,0,1118,5068,-333,-3,339,398,38,666,44,402,896
"2024-01-21",16,23562,25060,21969,3721,6488,0,16769,0,682,4980,-213,-3,318,399,103,685,79,396,884
"2024-01-21",17,25255,26320,23631,3806,6488,20,16769,0,462,4763,1267,-3,585,399,211,430,453,501,926
"2024-01-21",18,26266,26887,24571,3890,6488,185,16769,0,18,4930,1461,-3,611,399,347,427,529,521,929
"2024-01-21",19,28030,28652,26204,3972,6488,524,16769,0,19,5121,1410,-3,961,399,287,974,903,971,809
"2024-01-21",20,28706,29457,26700,4053,6488,882,16769,0,147,5084,1414,-4,1004,399,328,999,978,997,800
"2024-01-21",21,29552,30169,27432,4138,6488,1081,16769,0,14,4841,1596,-3,1003,400,214,999,1352,907,800
"2024-01-21",22,30016,30628,27762,4222,6488,1295,16769,0,9,4442,1609,-3,1003,399,275,1000,1398,901,800
"2024-01-21",23,30418,31029,28041,4288,6488,1516,16769,0,8,4610,1604,-3,1003,399,371,1000,1398,906,800
"2024-01-21",24,30911,31523,28373,4354,6488,1693,16769,0,9,5067,1598,-3,1004,399,398,1000,1398,908,800
"2024-01-21",25,31375,31987,28874,4443,6488,1859,16769,0,9,5185,1418,-3,1004,399,284,999,1398,994,800
"2024-01-21",26,31196,31810,28885,4531,6488,1807,16769,0,11,5122,1406,-3,1004,399,254,1000,1398,999,800
"2024-01-21",27,31338,31953,29107,4690,6488,1523,16769,0,12,4851,1406,-3,1004,399,273,999,1399,1000,800
"2024-01-21",28,31628,32242,29405,4849,6488,1170,16769,0,11,4972,1410,-3,1003,399,249,999,1398,994,800
"2024-01-21",29,31977,32587,29851,4968,6488,675,16769,0,7,4953,1591,-3,990,399,149,999,1399,813,800
"2024-01-21",30,32354,32967,30261,5087,6488,432,16769,0,10,5227,1597,-3,977,399,160,999,1398,807,800
"2024-01-21",31,32772,33378,30630,5139,6488,208,16769,0,3,5014,1414,-3,629,399,46,999,1398,988,800
"2024-01-21",32,33485,34089,31292,5191,6488,92,16769,0,1,4778,1401,-3,627,317,24,999,1399,999,800
"2024-01-21",33,34845,35451,32602,5285,6488,3,16769,0,3,4851,1402,-3,869,182,45,1019,1398,1000,800
"2024-01-21",34,36249,36855,33819,5379,6488,0,16769,0,3,4698,1402,-3,891,39,141,1019,1398,1000,802
"2024-01-21",35,37113,37785,34591,5403,6488,0,16769,0,1,4496,1401,-3,997,-68,30,1019,1398,1000,933
"2024-01-21",36,36685,37512,34266,5427,6488,0,16769,0,3,4258,1401,-3,1003,-220,-1,1019,1399,999,946
"2024-01-21",37,35982,36913,33694,5392,6488,0,16769,0,4,4336,1403,-3,1005,-231,-93,1019,1399,999,1033
"2024-01-21",38,34971,35901,32683,5357,6488,0,16769,0,3,4040,1408,-3,1003,-81,-243,1020,1399,999,1039
"2024-01-21",39,34134,35042,31921,5309,6488,0,16769,0,4,4171,1592,-3,1003,7,-301,830,1399,1000,1018
"2024-01-21",40,32548,33498,30442,5260,6488,0,16769,0,9,3920,1602,-3,1004,-37,-301,824,1399,998,1010
"2024-01-21",41,31637,32547,29484,5250,6488,0,16769,0,16,3767,1604,-3,1003,68,-291,823,1399,998,835
"2024-01-21",42,30503,31293,28369,5239,6488,0,16769,0,17,3570,1604,-3,1003,183,-170,822,1399,998,827
"2024-01-21",43,29233,29877,27166,5257,6488,0,16769,0,19,3510,1557,-3,1004,331,-22,841,1399,998,1046
"2024-01-21",44,27855,28604,25823,5275,6488,0,16769,0,146,2916,1551,-3,1002,339,124,841,1399,997,1063
"2024-01-21",45,26903,27808,24705,5299,6488,0,16769,0,302,2928,1389,-3,736,395,277,900,1399,998,1063
"2024-01-21",46,25471,26352,23404,5323,6488,0,16769,0,278,2573,1370,-3,720,400,427,900,1395,998,1049
"2024-01-21",47,23922,25428,21952,5369,6488,0,16769,0,903,2783,1033,-3,209,332,437,524,1342,998,485
"2024-01-21",48,22950,25129,20990,5415,6488,0,16772,0,1576,2823,1022,-3,182,312,352,508,1306,999,433
"2024-01-22",1,23063,25324,21069,5482,6488,0,16772,0,1422,2866,1480,-3,-236,399,475,204,934,998,19
"2024-01-22",2,23623,25883,21592,5548,6488,0,16772,0,1387,2401,1507,-3,-258,400,504,192,857,998,-12
"2024-01-22",3,23190,25613,21175,5536,6488,0,16772,0,1140,2349,1504,-3,-383,400,504,83,483,998,-297
"2024-01-22",4,22540,25363,20683,5523,6488,0,16772,0,1522,2179,1503,-3,-386,399,484,79,407,999,-312
"2024-01-22",5,22019,24417,20244,5412,6488,0,16772,0,1368,2537,1489,-3,-106,400,417,79,32,998,-321
"2024-01-22",6,21453,24077,19810,5300,6488,0,16772,0,1542,2836,1485,-3,-104,399,326,79,-46,997,-329
"2024-01-22",7,20983,23813,19351,5253,6488,0,16772,0,1539,3077,1329,-3,151,399,412,-41,-423,960,-224
"2024-01-22",8,20453,23301,18943,5205,6488,0,16772,0,1522,3232,1315,-3,162,399,389,-45,-473,951,-205
"2024-01-22",9,20391,23302,18819,5200,6488,0,16772,0,1441,3451,1140,-3,-360,399,428,111,-507,737,144
"2024-01-22",10,20514,23506,18893,5194,6488,0,16772,0,1503,3672,1122,-3,-405,399,403,116,-481,714,174
"2024-01-22",11,21175,23744,19622,5159,6488,0,16772,0,1494,3742,920,-3,-369,399,496,309,-103,393,416
"2024-01-22",12,22310,24720,20658,5123,6488,0,16772,0,1414,4018,923,-3,-367,399,492,323,-26,382,456
"2024-01-22",13,25270,27742,23477,5106,6488,0,16772,0,1451,4013,1498,-3,-418,399,369,921,351,702,1257
"2024-01-22",14,27939,29682,25927,5088,6488,0,16772,0,714,4303,1547,-3,-426,319,225,950,427,721,1312
"2024-01-22",15,31074,32723,28907,5068,6488,0,16772,0,63,4740,1762,-2,-984,172,79,802,799,632,1399
"2024-01-22",16,32446,34076,30241,5048,6488,0,16772,0,21,5029,1780,-1,-1008,32,0,797,875,635,1399
"2024-01-22",17,33693,34736,31350,5029,6488,64,16772,0,23,4781,1825,-1,-419,58,0,992,1248,952,1136
"2024-01-22",18,33954,34949,31580,5010,6488,657,16772,0,19,4605,1827,-1,-375,49,0,999,1301,970,1122
"2024-01-22",19,34526,35140,32089,5049,6488,1600,16772,0,13,4574,1784,-1,384,102,0,999,1387,878,1386
"2024-01-22",20,34292,34905,31868,5088,6488,2504,16772,0,12,4690,1784,-1,440,90,0,1000,1397,875,1405
"2024-01-22",21,33694,34307,31304,5154,6488,2929,16772,0,12,5024,1095,-1,975,133,0,1000,1397,991,1405
"2024-01-22",22,33396,34009,31009,5219,6488,3827,16772,0,12,5279,987,-1,1004,65,0,999,1397,999,1402
"2024-01-22",23,32700,33371,30280,5266,6488,4414,16772,0,12,5186,523,-1,1003,32,-58,999,1397,999,1250
"2024-01-22",24,32252,33022,29876,5313,6488,4566,16772,0,11,5214,540,-1,1003,-118,-40,999,1397,997,1238
"2024-01-22",25,32619,33628,30174,5322,6488,4351,16772,0,8,4781,1663,-1,1003,-269,-131,999,1397,903,1238
"2024-01-22",26,32451,33603,30101,5330,6488,4479,16772,0,7,4923,1761,-1,1003,-413,-131,999,1397,900,1243
"2024-01-22",27,32651,33913,30308,5313,6488,4323,16772,0,7,4958,1982,-1,1004,-450,-204,999,1397,991,1394
"2024-01-22",28,32569,33784,30301,5295,6488,3513,16772,0,7,5083,1999,-1,1003,-446,-161,999,1397,997,1405
"2024-01-22",29,33147,34157,30679,5261,6488,2750,16772,0,9,5253,1977,-1,1003,-373,-27,999,1397,997,1405
"2024-01-22",30,33361,34494,30971,5226,6488,2132,16772,0,14,5045,1976,-1,996,-444,-74,999,1397,997,1404
"2024-01-22",31,33933,34990,31511,5180,6488,1373,16772,0,12,4908,1998,-1,421,-438,-6,999,1397,997,1316
"2024-01-22",32,35287,36238,32857,5134,6488,535,16772,0,7,5026,1999,-1,377,-343,0,999,1397,997,1310
"2024-01-22",33,36478,37670,33829,5096,6488,91,16772,0,5,5161,2000,-1,-101,-429,-56,1018,1397,997,1310
"2024-01-22",34,37946,39115,35124,5058,6488,0,16772,0,2,4983,2000,-1,-110,-442,-14,1019,1397,998,1310
"2024-01-22",35,38903,40090,36001,5048,6488,0,16772,0,2,4857,1999,-1,417,-450,-134,1019,1397,992,1397
"2024-01-22",36,38844,40169,35935,5037,6488,0,16772,0,5,5037,1999,-1,480,-450,-269,1019,1397,992,1405
"2024-01-22",37,38539,39821,35722,5043,6488,0,16772,0,2,5013,1952,-1,979,-450,-229,1019,1397,997,1361
"2024-01-22",38,37864,39251,35100,5048,6488,0,16772,0,5,5061,1950,-1,1003,-450,-331,1019,1397,998,1350
"2024-01-22",39,37387,38727,34735,5013,6488,0,16772,0,6,5101,1997,-1,1002,-450,-283,1019,1397,998,1087
"2024-01-22",40,36116,37572,33626,4978,6488,0,16772,0,6,5147,1999,-1,1003,-450,-399,1019,1397,997,1077
"2024-01-22",41,34469,36058,32069,4937,6488,0,16772,0,17,5037,1999,-1,1002,-450,-521,1019,1398,997,1385
"2024-01-22",42,33024,34620,30773,4895,6488,0,16772,0,14,4775,1999,-1,1004,-450,-531,1019,1397,997,1408
"2024-01-22",43,31389,32983,29306,4802,6488,0,16772,0,12,4912,1941,-1,1004,-450,-531,967,1397,998,1408
"2024-01-22",44,29617,31213,27640,4709,6488,0,16772,0,14,4854,1915,-1,975,-450,-531,963,1367,989,1397
"2024-01-22",45,27325,28926,25449,4637,6488,0,16772,0,19,4852,1054,-1,562,-450,-531,652,995,720,999
"2024-01-22",46,25571,27950,23889,4564,6488,0,16772,0,797,4813,1001,-1,562,-450,-531,639,919,704,963
"2024-01-22",47,24113,26853,22573,4469,6488,0,16772,0,1158,4530,1079,-1,586,-450,-531,604,545,751,630
"2024-01-22",48,23319,26374,21772,4374,6488,0,16774,0,1535,4316,1077,-1,588,-388,-531,602,500,762,600
"2024-01-23",1,23490,26502,21981,4240,6488,0,16774,0,1530,4515,753,-1,825,-350,-531,702,516,985,676
"2024-01-23",2,23930,26935,22309,4106,6488,0,16774,0,1523,4369,757,-1,835,-350,-531,705,514,998,682
"2024-01-23",3,23935,26934,22326,3906,6488,0,16774,0,1533,4283,1529,-1,996,-350,-515,768,479,998,616
"2024-01-23",4,23405,26286,21904,3706,6488,0,16774,0,1518,4145,1583,-1,1004,-350,-412,770,472,997,610
"2024-01-23",5,23068,25990,21493,3516,6488,0,16774,0,1490,3845,1588,-1,1002,-350,-481,704,427,997,578
"2024-01-23",6,22835,25634,21260,3326,6488,0,16774,0,1490,3701,1566,-1,1001,-332,-376,702,450,997,571
"2024-01-23",7,22502,24819,20891,3095,6488,0,16774,0,1288,3537,949,-1,753,-202,-226,615,824,998,408
"2024-01-23",8,22380,24679,20676,2863,6488,0,16774,0,1468,3486,874,-1,742,-71,-159,611,900,998,405
"2024-01-23",9,22173,24243,20436,2699,6488,0,16774,0,1399,3462,-44,-1,639,68,-26,507,1272,999,759
"2024-01-23",10,22293,24249,20535,2534,6488,0,16774,0,1238,3272,-117,-1,637,218,55,501,1324,980,790
"2024-01-23",11,23393,24561,21600,2472,6488,0,16774,0,567,3621,345,-1,261,362,207,61,1391,307,1009
"2024-01-23",12,24438,25354,22592,2410,6488,0,16774,0,315,3779,393,-1,241,400,349,44,1399,274,1024
"2024-01-23",13,27180,27861,25096,2437,6488,0,16774,0,80,3944,688,-1,3,400,482,434,1399,636,1067
"2024-01-23",14,29987,30601,27630,2464,6488,0,16774,0,13,3900,706,-1,1,400,424,449,1398,665,1079
"2024-01-23",15,33348,34396,30693,2584,6488,0,16774,0,11,4336,759,-1,-436,347,280,233,1398,878,1377
"2024-01-23",16,34934,36041,32242,2704,6488,0,16774,0,11,4850,779,-1,-495,395,135,225,1397,895,1397
"2024-01-23",17,36319,37259,33551,2917,6488,0,16774,0,16,5198,1471,-1,-323,385,30,503,1397,992,1397
"2024-01-23",18,36752,37673,34035,3129,6488,36,16774,0,16,5290,1525,-1,-304,260,119,514,1397,998,1409
"2024-01-23",19,37475,38092,34788,3466,6488,122,16774,0,16,5204,1879,-1,307,113,24,393,1397,976,1409
"2024-01-23",20,37834,38455,35149,3802,6488,223,16774,0,20,5058,1901,-1,345,5,0,388,1397,973,1408
"2024-01-23",21,37542,38231,34922,4075,6488,319,16774,0,20,4490,1835,-1,789,-68,0,414,1398,936,1332
"2024-01-23",22,37360,38201,34870,4347,6488,413,16774,0,21,4426,1819,-1,811,-219,0,418,1399,934,1327
"2024-01-23",23,37449,38272,34995,4567,6488,438,16774,0,22,4565,1425,-1,1001,-200,0,880,1399,995,1392
"2024-01-23",24,37510,38304,34968,4787,6488,394,16774,0,24,4492,1400,-1,1004,-169,0,900,1398,998,1397
"2024-01-23",25,37529,38192,35022,4888,6488,362,16774,0,21,4506,1496,-1,1003,-41,0,843,1399,998,1397
"2024-01-23",26,37471,38162,34940,4988,6488,356,16774,0,22,4377,1503,-1,1003,-68,0,841,1399,998,1397
"2024-01-23",27,37001,37786,34504,5026,6488,412,16774,0,25,4345,1504,-1,1004,-159,0,866,1399,988,1397
"2024-01-23",28,36756,37459,34311,5064,6488,400,16774,0,21,4650,1511,-1,993,-81,0,867,1399,984,1397
"2024-01-23",29,36346,36958,33982,5120,6488,317,16774,0,11,5247,1827,-1,328,38,0,595,1398,892,1397
"2024-01-23",30,35883,36504,33615,5175,6488,277,16774,0,10,5399,1844,-1,283,-10,0,584,1394,885,1382
"2024-01-23",31,35656,36652,33404,5215,6488,141,16774,0,5,5312,1755,-1,-390,20,0,304,1356,870,771
"2024-01-23",32,35976,37048,33662,5255,6488,34,16774,0,3,5138,1749,-1,-444,-24,0,295,1355,868,726
"2024-01-23",33,36399,37706,33972,5301,6488,2,16774,0,4,5007,1731,-1,-614,-88,0,643,1394,848,770
"2024-01-23",34,37553,38762,35042,5346,6488,0,16774,0,3,5309,1733,-1,-579,-26,0,657,1398,846,789
"2024-01-23",35,38547,39344,35828,5378,6488,0,16774,0,1,5026,1986,-1,375,-151,-44,941,1399,829,1325
"2024-01-23",36,38727,39642,35991,5409,6488,0,16774,0,3,5010,1999,-1,424,-297,-14,952,1399,830,1361
"2024-01-23",37,38375,39240,35900,5443,6488,0,16774,0,4,5173,1998,-1,637,-260,0,957,1399,893,1361
"2024-01-23",38,37583,38445,35218,5476,6488,0,16774,0,2,4779,1993,-1,656,-259,0,957,1399,900,1361
"2024-01-23",39,36661,37526,34277,5501,6488,0,16774,0,2,4643,1715,-1,759,-258,-4,1017,1399,992,1404
"2024-01-23",40,35375,36219,33068,5526,6488,0,16774,0,5,4692,1700,-1,764,-182,-56,1019,1399,998,1409
"2024-01-23",41,34128,34775,31936,5493,6488,0,16774,0,8,5002,1700,-1,993,-38,19,1019,1399,997,1409
"2024-01-23",42,32762,33370,30658,5460,6488,0,16774,0,7,5127,1700,-1,1002,44,0,1019,1399,997,1405
"2024-01-23",43,30959,31566,28931,5449,6488,0,16774,0,6,4982,1701,-1,947,190,60,1000,1399,997,1207
"2024-01-23",44,29239,29888,27235,5438,6488,0,16774,0,48,4799,1621,-1,933,310,31,999,1377,996,1177
"2024-01-23",45,27059,27713,25002,5513,6488,0,16774,0,53,4747,245,-1,209,398,89,749,1112,954,601
"2024-01-23",46,25269,26440,23332,5587,6488,0,16774,0,570,4235,102,-1,166,399,90,740,1050,952,549
"2024-01-23",47,23886,25782,21954,5533,6488,0,16774,0,1199,4287,-96,-1,219,331,23,865,678,942,43
"2024-01-23",48,23453,25805,21663,5479,6488,0,16778,0,1549,4355,-125,-1,215,181,-77,869,602,941,4
"2024-01-24",1,23055,25276,21256,5476,6488,0,16778,0,1569,4355,319,-1,244,139,-51,709,228,949,94
"2024-01-24",2,23597,25580,21835,5472,6488,0,16778,0,1382,4927,362,-1,245,278,0,704,152,950,96
"2024-01-24",3,23197,25289,21444,5486,6488,0,16778,0,1264,4715,433,-1,166,226,0,514,-227,970,96
"2024-01-24",4,22758,24998,20999,5500,6488,0,16778,0,1350,4542,441,-1,165,173,0,506,-289,971,96
"2024-01-24",5,22230,24581,20458,5489,6488,0,16778,0,1263,3967,596,-1,254,109,0,225,-487,946,8
"2024-01-24",6,21858,24388,20071,5477,6488,0,16778,0,1418,3713,599,-1,256,27,0,215,-511,942,0
"2024-01-24",7,21672,24154,19891,5443,6488,0,16778,0,1224,3584,403,-1,-146,34,0,504,-511,849,0
"2024-01-24",8,21427,23922,19607,5408,6488,0,16778,0,1233,3444,378,-1,-157,0,0,514,-490,845,-14
"2024-01-24",9,21073,23607,19307,5421,6488,0,16778,0,1244,3459,0,-1,218,-31,0,290,-225,898,-433
"2024-01-24",10,20819,23537,19206,5434,6488,0,16778,0,1434,3532,-8,-1,243,-70,0,282,-163,885,-442
"2024-01-24",11,21335,23533,19691,5409,6488,0,16778,0,1403,3883,512,-1,-194,68,0,365,215,296,246
"2024-01-24",12,22018,24131,20397,5384,6488,0,16778,0,1291,3916,577,-1,-221,82,17,374,291,268,314
"2024-01-24",13,24839,26993,23029,5352,6488,0,16778,0,605,4131,1039,-1,-892,-56,0,925,664,618,1014
"2024-01-24",14,27384,29149,25340,5319,6488,0,16778,0,206,4633,1088,-1,-932,-26,0,951,740,650,1045
"2024-01-24",15,30541,32310,28337,5246,6488,0,16778,0,10,4723,1945,-1,-1014,-144,0,818,1113,975,448
"2024-01-24",16,31971,33867,29668,5173,6488,0,16778,0,10,4618,1998,-1,-1014,-271,0,814,1175,994,405
"2024-01-24",17,32950,34738,30625,5091,6488,52,16778,0,9,4666,1906,-1,-963,-215,0,993,1373,906,405
"2024-01-24",18,33250,35138,30936,5008,6488,526,16778,0,12,4856,1901,-1,-961,-297,-17,1000,1397,904,405
"2024-01-24",19,33300,35186,30992,4967,6488,1291,16778,0,12,4681,1970,-1,-697,-430,-146,1000,1398,991,405
"2024-01-24",20,32967,34909,30665,4926,6488,2056,16778,0,9,4732,1971,-1,-621,-450,-261,1000,1397,997,405
"2024-01-24",21,32760,34210,30473,4859,6488,2681,16778,0,6,4475,1811,-1,370,-450,-393,1000,1398,997,405
"2024-01-24",22,32475,33984,30240,4791,6488,3338,16778,0,8,4445,1806,-1,423,-450,-450,999,1397,997,405
"2024-01-24",23,32446,34033,30088,4722,6488,3603,16778,0,7,4413,1987,-1,966,-450,-529,999,1398,997,405
"2024-01-24",24,32031,33618,29683,4653,6488,3630,16778,0,6,4421,1999,-1,993,-450,-530,999,1398,997,405
"2024-01-24",25,32189,33777,29810,4527,6488,3845,16778,0,7,4467,1999,-1,1002,-450,-530,999,1398,996,405
"2024-01-24",26,31773,33361,29426,4400,6488,3898,16778,0,7,4604,1999,-1,997,-450,-530,999,1398,996,413
"2024-01-24",27,31849,33436,29472,4195,6488,3453,16778,0,6,4610,2000,-1,431,-450,-530,999,1398,997,755
"2024-01-24",28,32063,33650,29582,3989,6488,2850,16778,0,6,4206,2000,-1,400,-450,-530,999,1397,997,780
"2024-01-24",29,32552,34140,30121,3742,6488,2344,16778,0,7,4109,2000,-1,690,-450,-530,980,1397,998,780
"2024-01-24",30,32950,34538,30494,3495,6488,1745,16778,0,7,4094,2001,-1,668,-450,-530,979,1398,998,781
"2024-01-24",31,33403,35088,30914,3281,6488,1116,16778,0,9,4037,2001,-1,-96,-450,-529,919,1398,997,846
"2024-01-24",32,34825,36516,32176,3067,6488,459,16778,0,7,3538,2000,-1,-104,-450,-529,916,1398,997,860
"2024-01-24",33,36322,38322,33500,2874,6488,71,16778,0,3,3251,1982,-1,-416,-450,-530,729,1398,998,1155
"2024-01-24",34,38346,40363,35235,2681,6488,0,16778,0,4,3192,1981,-1,-432,-450,-530,723,1398,998,1176
"2024-01-24",35,39579,41165,36335,2500,6488,0,16778,0,5,3241,1999,-1,94,-450,-530,989,1398,997,1122
"2024-01-24",36,39975,41561,36667,2318,6488,0,16778,0,5,3454,1996,-1,115,-450,-530,999,1398,997,1122
"2024-01-24",37,40310,41895,37054,2167,6488,0,16778,0,4,3788,1882,-1,915,-450,-530,958,1397,999,1385
"2024-01-24",38,39571,41158,36286,2015,6488,0,16778,0,5,3330,1878,-1,977,-450,-531,956,1398,998,1405
"2024-01-24",39,38893,40483,35584,1858,6488,0,16778,0,9,3136,1991,-1,1002,-450,-530,1017,1398,998,1383
"2024-01-24",40,37997,39585,34757,1701,6488,0,16778,0,7,2982,2000,-1,1003,-450,-530,1019,1398,998,1369
"2024-01-24",41,36787,38375,33527,1589,6488,0,16778,0,7,2494,2000,-1,1002,-450,-530,1019,1399,998,947
"2024-01-24",42,35429,37015,32260,1477,6488,0,16778,0,5,2074,2000,-1,1002,-450,-530,1019,1399,998,921
"2024-01-24",43,33908,35492,30854,1382,6488,0,16778,0,7,1642,2000,-1,1003,-450,-526,1000,1399,997,1042
"2024-01-24",44,32122,33629,29156,1286,6488,0,16778,0,6,1652,1999,-1,1003,-450,-450,999,1399,997,1049
"2024-01-24",45,30053,31633,27381,1222,6488,0,16778,0,6,1803,2000,-1,978,-450,-523,880,1399,997,908
"2024-01-24",46,28123,29591,25686,1157,6488,0,16778,0,6,1579,2000,-1,977,-399,-462,875,1399,997,906
"2024-01-24",47,26750,28170,24316,1080,6488,0,16778,0,7,1376,1999,-1,1052,-373,-439,995,1399,998,1315
"2024-01-24",48,25981,27240,23572,1003,6488,0,16780,0,7,1110,1999,-1,1055,-335,-316,999,1399,998,1342
"2024-01-25",1,25813,27023,23436,1005,6488,0,16780,0,195,1261,1996,-1,1056,-250,-164,999,1399,997,1211
"2024-01-25",2,26412,27475,24032,1006,6488,0,16780,0,293,1438,1995,-1,1056,-143,-26,999,1399,998,1200
"2024-01-25",3,26127,27589,23857,1045,6488,0,16780,0,861,1825,2000,-1,1056,7,63,999,1399,998,1189
"2024-01-25",4,25270,27011,23134,1084,6488,0,16780,0,1140,1925,2001,-1,1056,157,44,999,1399,998,1189
"2024-01-25",5,24777,26515,22692,1120,6488,0,16780,0,1137,1959,2001,-1,960,253,0,999,1399,996,1264
"2024-01-25",6,24346,26080,22346,1155,6488,0,16780,0,1133,2157,2001,-1,956,253,45,999,1399,996,1271
"2024-01-25",7,24164,26154,22150,1260,6488,0,16780,0,1389,2571,2001,-1,816,364,161,999,1399,996,1272
"2024-01-25",8,23818,25808,21954,1365,6488,0,16780,0,1389,3098,2001,-1,809,287,301,999,1399,996,1269
"2024-01-25",9,23195,25186,21446,1434,6488,0,16780,0,1390,3558,2002,-1,492,377,403,997,1399,978,1115
"2024-01-25",10,22963,24786,21197,1503,6488,0,16780,0,1222,3858,1996,-1,456,400,395,976,1399,965,1102
"2024-01-25",11,23426,24626,21665,1613,6488,0,16780,0,102,4110,1717,-1,-497,400,480,131,1399,554,1026
"2024-01-25",12,24594,25782,22701,1722,6488,0,16780,0,9,4412,1695,-1,-578,399,434,78,1399,530,1022
"2024-01-25",13,26764,28034,24741,1850,6488,0,16780,0,97,4479,1499,-1,-400,399,502,-172,1399,580,1113
"2024-01-25",14,29243,30456,27043,1977,6488,0,16780,0,61,4365,1496,-1,-380,385,456,-171,1399,591,1130
"2024-01-25",15,32290,32902,29885,2111,6488,0,16780,0,11,4298,1874,-1,283,260,315,483,1397,880,1205
"2024-01-25",16,33973,34586,31301,2244,6488,0,16780,0,12,4535,1903,-1,314,176,171,520,1397,902,1192
"2024-01-25",17,34819,35432,32059,2385,6488,3,16780,0,12,4496,1994,-1,215,105,33,933,1397,991,465
"2024-01-25",18,35206,35817,32482,2525,6488,93,16780,0,10,4662,2000,-1,234,68,59,950,1397,998,416
"2024-01-25",19,36042,36718,33257,2624,6488,308,16780,0,6,4361,1999,-1,1014,-69,0,988,1397,998,416
"2024-01-25",20,36304,37131,33533,2723,6488,657,16780,0,5,4148,1999,-1,1055,-221,0,989,1397,997,416
"2024-01-25",21,36314,37251,33382,2822,6488,1015,16780,0,6,3744,1950,-1,807,-330,0,932,1397,988,416
"2024-01-25",22,36259,37345,33231,2920,6488,1372,16780,0,6,3634,1948,-1,797,-442,-37,930,1368,987,416
"2024-01-25",23,35832,36928,32911,3002,6488,1549,16780,0,6,3674,1997,-1,960,-450,-39,940,995,997,416
"2024-01-25",24,35621,36672,32781,3083,6488,1743,16780,0,6,3853,1997,-1,960,-430,-14,939,919,997,403
"2024-01-25",25,35506,36588,32705,3156,6488,1785,16780,0,6,3974,1906,-2,395,-441,-33,546,545,998,18
"2024-01-25",26,35538,36646,32763,3228,6488,1617,16780,0,6,3990,1903,-3,354,-444,-42,530,470,997,-13
"2024-01-25",27,35337,36772,32618,3280,6488,1380,16780,0,6,4224,1996,-4,-126,-356,0,344,96,997,-343
"2024-01-25",28,35021,36471,32361,3331,6488,1256,16780,0,6,4203,2002,-3,-139,-340,0,336,20,998,-362
"2024-01-25",29,34734,36858,32140,3340,6488,980,16780,0,7,4235,2003,-3,-508,-209,0,-55,-358,998,-384
"2024-01-25",30,34538,36877,32037,3348,6488,734,16780,0,20,4176,2003,-3,-528,-280,0,-81,-436,998,-391
"2024-01-25",31,34084,38234,31688,3339,6488,495,16780,0,7,4098,2004,-4,-1042,-289,0,-732,-821,998,-655
"2024-01-25",32,34776,38965,32331,3329,6488,238,16780,0,4,4302,2004,-4,-1069,-233,0,-765,-841,997,-673
"2024-01-25",33,35524,39102,32942,3336,6488,34,16780,0,4,4357,2004,-4,-969,-81,0,-704,-501,953,-715
"2024-01-25",34,36497,39923,33828,3343,6488,0,16780,0,5,4492,2000,-4,-966,20,0,-702,-429,936,-720
"2024-01-25",35,37829,40354,35015,3401,6488,0,16780,0,5,4788,1891,-4,-688,130,0,-457,-51,465,-720
"2024-01-25",36,37906,40344,35148,3459,6488,0,16780,0,5,4921,1859,-4,-659,88,0,-448,-5,433,-717
"2024-01-25",37,37574,39392,34872,3551,6488,0,16780,0,5,4914,1100,-4,-247,195,0,-337,-5,365,-620
"2024-01-25",38,36837,38624,34152,3643,6488,0,16780,0,7,4885,1038,-4,-227,173,0,-333,4,360,-616
"2024-01-25",39,35721,37621,33234,3774,6488,0,16780,0,13,4698,812,-4,-298,291,0,-228,110,337,-757
"2024-01-25",40,34637,36557,32308,3904,6488,0,16780,0,18,4950,802,-3,-310,267,0,-224,115,336,-765
"2024-01-25",41,33290,35758,31037,4076,6488,0,16780,0,12,5147,1144,-3,-957,376,24,-305,9,369,-591
"2024-01-25",42,31752,34244,29582,4247,6488,0,16780,0,11,5264,1170,-3,-995,400,53,-308,6,371,-575
"2024-01-25",43,30021,32617,28016,4365,6488,0,16780,0,11,5370,1453,-3,-1026,400,177,-468,144,360,-488
"2024-01-25",44,28381,30971,26488,4482,6488,0,16780,0,11,5367,1454,-3,-1028,400,106,-473,167,351,-475
"2024-01-25",45,26786,29200,24983,4549,6488,0,16780,0,11,5385,1033,-3,-884,400,180,-646,259,40,-270
"2024-01-25",46,25021,27411,23379,4615,6488,0,16780,0,10,5450,982,-3,-874,400,74,-652,252,21,-251
"2024-01-25",47,23164,25336,21679,4695,6488,0,16780,0,9,5394,392,-3,-970,400,68,-482,24,51,-108
"2024-01-25",48,22104,24344,20780,4774,6488,0,16784,0,82,5299,354,-3,-974,388,209,-476,-5,63,-100
"2024-01-26",1,21712,24590,20475,4848,6488,0,16784,0,954,5121,460,-3,-822,304,190,-351,-5,404,-143
"2024-01-26",2,22034,25175,20739,4921,6488,0,16784,0,1224,5095,463,-3,-810,388,313,-346,-5,430,-153
"2024-01-26",3,21607,24907,20356,4960,6488,0,16784,0,1369,5460,165,-3,-902,399,268,-84,-5,574,-337
"2024-01-26",4,21032,24472,19911,4998,6488,0,16784,0,1469,5590,158,-3,-905,399,138,-74,-35,594,-354
"2024-01-26",5,20764,24708,19683,5030,6488,0,16784,0,1462,5445,523,-3,-994,399,106,61,-412,945,-473
"2024-01-26",6,20328,24372,19185,5062,6488,0,16784,0,1474,5488,564,-3,-1003,397,45,64,-483,967,-481
"2024-01-26",7,20090,24358,18890,5078,6488,0,16784,0,1460,5069,1125,-3,-1048,300,0,121,-784,943,-373
"2024-01-26",8,19792,24082,18595,5093,6488,0,16784,0,1480,5020,1130,-3,-1049,218,0,122,-791,932,-367
"2024-01-26",9,19435,23612,18238,5079,6488,0,16784,0,1453,5411,139,-3,-933,260,0,-216,-408,591,-564
"2024-01-26",10,19373,23356,18218,5064,6488,0,16784,0,1312,5307,78,-3,-929,205,0,-229,-330,554,-580
"2024-01-26",11,19913,23206,18697,4974,6488,0,16784,0,845,5541,425,-3,-1029,192,6,-179,47,16,-637
"2024-01-26",12,20880,23858,19601,4884,6488,0,16784,0,554,5293,447,-3,-1034,82,60,-177,124,-13,-597
"2024-01-26",13,23901,25283,22333,4759,6488,0,16784,0,28,5047,418,-3,-655,-32,-64,12,498,242,538
"2024-01-26",14,26185,27781,24525,4634,6488,0,16784,0,11,5363,430,-3,-593,-174,-215,20,574,275,638
"2024-01-26",15,29600,30909,27631,4465,6488,0,16784,0,14,4608,946,-4,608,-325,-366,309,946,874,659
"2024-01-26",16,31140,32705,28967,4295,6488,0,16784,0,14,4753,1006,-4,729,-443,-504,330,1019,913,677
"2024-01-26",17,33098,34695,30647,4154,6488,110,16784,0,12,4372,1929,-4,1022,-450,-531,966,1355,901,1236
"2024-01-26",18,33254,34851,30756,4013,6488,953,16784,0,12,4265,1991,-4,1036,-450,-531,999,1398,901,1276
"2024-01-26",19,33171,34767,30557,3943,6488,2299,16784,0,12,4063,1999,-3,1056,-450,-531,999,1398,901,1351
"2024-01-26",20,32174,33770,29596,3873,6488,3576,16784,0,12,4059,1999,-3,1055,-450,-531,999,1397,903,1357
"2024-01-26",21,31354,32950,28790,3902,6488,4740,16784,0,12,3960,1998,-3,1018,-450,-531,999,1397,992,1357
"2024-01-26",22,30553,32145,28211,3931,6488,5597,16784,0,8,4132,1999,-3,1017,-450,-531,999,1393,998,1356
"2024-01-26",23,29770,31352,27485,3939,6488,6174,16784,0,7,4442,1989,-3,1054,-450,-522,952,1334,998,1258
"2024-01-26",24,29406,30868,26953,3946,6488,6678,16784,0,3,4365,1989,-3,1055,-450,-406,950,1331,997,1243
"2024-01-26",25,29089,30390,26658,3877,6488,6798,16784,0,7,4399,1999,-3,1055,-381,-310,967,1390,998,982
"2024-01-26",26,29079,30261,26600,3808,6488,6579,16784,0,9,4527,1959,-3,1053,-334,-236,967,1397,998,960
"2024-01-26",27,29119,30452,26638,3684,6488,6118,16784,0,4,4575,886,-3,894,-444,-282,998,1397,998,829
"2024-01-26",28,29081,30317,26694,3559,6488,5548,16784,0,11,4895,819,-3,892,-450,-172,999,1397,998,821
"2024-01-26",29,29559,30652,27213,3338,6488,4722,16784,0,11,4951,1230,-3,913,-429,-50,879,1397,998,908
"2024-01-26",30,29887,30806,27553,3116,6488,3724,16784,0,14,5022,1276,-3,903,-302,0,874,1397,997,920
"2024-01-26",31,30813,31702,28449,2939,6488,2553,16784,0,10,5117,1922,-3,213,-263,-13,924,1397,934,1094
"2024-01-26",32,32658,33682,30254,2762,6488,1219,16784,0,12,5036,1950,-3,170,-300,-109,926,1398,925,1113
"2024-01-26",33,34426,35540,31909,2738,6488,239,16784,0,6,5065,1576,-3,-297,-189,-19,780,1397,728,1354
"2024-01-26",34,36158,37220,33482,2713,6488,0,16784,0,5,5180,1559,-3,-331,-123,0,774,1397,713,1371
"2024-01-26",35,37600,38977,34861,2727,6488,0,16784,0,3,4995,1775,-3,-495,-266,-10,640,1397,621,1394
"2024-01-26",36,37772,39300,34994,2741,6488,0,16784,0,5,4889,1794,-3,-475,-404,-41,623,1397,613,1395
"2024-01-26",37,37707,38783,35001,2778,6488,0,16784,0,5,5099,1866,-3,436,-398,0,-70,1397,524,1394
"2024-01-26",38,37024,38159,34362,2814,6488,0,16784,0,5,5232,1870,-3,476,-419,0,-108,1397,527,1395
"2024-01-26",39,36464,37417,33919,2844,6488,0,16784,0,8,5373,1888,-4,3,-337,0,-4,1397,817,1394
"2024-01-26",40,35463,36334,33053,2873,6488,0,16784,0,14,5265,1869,-3,0,-254,0,0,1397,827,1394
"2024-01-26",41,34362,35236,32024,2905,6488,0,16784,0,10,5124,1279,-3,0,-231,-14,-16,1397,533,1394
"2024-01-26",42,33053,33875,30911,2937,6488,0,16784,0,11,5136,1222,-3,0,-81,-109,-18,1397,505,1394
"2024-01-26",43,31446,32486,29414,2937,6488,0,16784,0,11,4982,684,-3,150,27,-21,-405,1397,189,1394
"2024-01-26",44,30003,31037,28038,2937,6488,0,16784,0,11,4934,638,-3,159,86,8,-420,1397,168,1395
"2024-01-26",45,28369,29844,26526,2934,6488,0,16784,0,12,4906,173,-3,-358,154,0,-502,1397,152,1395
"2024-01-26",46,26927,28445,25355,2930,6488,0,16784,0,12,4930,142,-3,-401,213,0,-502,1397,149,1392
"2024-01-26",47,25321,26310,23837,2906,6488,0,16784,0,12,4660,5,-3,-241,177,-51,-82,1397,96,1239
"2024-01-26",48,24491,25581,23046,2881,6488,0,16784,0,169,4521,-11,-3,-235,70,-7,-65,1397,97,1227
"2024-01-27",1,24438,26208,23026,2892,6488,0,16784,0,457,4687,-199,-3,-275,188,68,-236,1397,220,1291
"2024-01-27",2,24793,26858,23359,2902,6488,0,16784,0,750,4813,-196,-3,-275,336,100,-241,1397,226,1290
"2024-01-27",3,24478,26382,23114,2911,6488,0,16784,0,888,4799,461,-3,-413,317,2,136,1397,152,935
"2024-01-27",4,23730,26132,22532,2920,6488,0,16784,0,1381,4792,512,-3,-418,349,0,150,1397,152,907
"2024-01-27",5,23150,25871,22005,2922,6488,0,16784,0,1494,4731,187,-3,-624,343,29,227,1397,326,800
"2024-01-27",6,22739,25451,21652,2923,6488,0,16784,0,1474,4806,167,-3,-635,342,83,225,1397,338,792
"2024-01-27",7,21971,25306,20913,2882,6488,0,16784,0,1475,4607,-170,-3,-827,400,130,-260,1397,366,772
"2024-01-27",8,21636,25073,20637,2841,6488,0,16784,0,1459,4579,-266,-3,-828,400,186,-281,1380,359,768
"2024-01-27",9,21186,24366,20232,2844,6488,0,16784,0,1044,4681,-229,-3,-854,400,222,-450,1157,44,768
"2024-01-27",10,21100,24409,20185,2846,6488,0,16784,0,1172,4805,-224,-3,-855,400,228,-455,1139,25,772
"2024-01-27",11,21306,24118,20380,2837,6488,0,16784,0,1165,4626,-125,-3,-712,400,201,-169,1267,-38,970
"2024-01-27",12,21778,24446,20807,2827,6488,0,16784,0,1044,4616,-117,-3,-702,395,202,-159,1290,-43,986
"2024-01-27",13,22895,24940,21843,2822,6488,0,16784,0,84,4686,-145,-3,-940,400,297,-211,1385,-62,1072
"2024-01-27",14,23973,25948,22862,2817,6488,0,16784,0,16,4666,-132,-3,-950,392,224,-213,1397,-61,1085
"2024-01-27",15,25442,27133,24204,2816,6488,0,16784,0,15,4549,393,-3,-998,280,76,-75,1397,26,1328
"2024-01-27",16,26456,28125,25136,2815,6488,0,16784,0,15,4719,470,-3,-984,235,40,-67,1397,41,1356
"2024-01-27",17,28348,29194,26838,2815,6488,98,16784,0,17,4633,1363,-3,-226,95,0,404,1397,425,1397
"2024-01-27",18,29200,29998,27653,2815,6488,487,16784,0,17,4899,1434,-3,-178,1,0,428,1397,464,1402
"2024-01-27",19,30703,31442,28992,2841,6488,946,16784,0,16,4909,1922,-3,389,-68,-52,900,1397,966,1402
"2024-01-27",20,31093,31936,29301,2866,6488,1350,16784,0,11,4924,1952,-3,447,-220,-9,921,1397,997,1402
"2024-01-27",21,31316,32345,29477,2921,6488,1864,16784,0,10,5085,1999,-3,1024,-371,-45,965,1397,947,1402
"2024-01-27",22,30890,31947,29038,2976,6488,2314,16784,0,12,5248,2002,-4,1049,-438,-3,966,1397,939,1402
"2024-01-27",23,30520,31648,28634,3015,6488,2822,16784,0,11,5365,1977,-4,1055,-450,-63,998,1397,764,1402
"2024-01-27",24,30092,31287,28240,3054,6488,3257,16784,0,13,5457,1976,-4,1056,-450,-128,999,1397,759,1402
"2024-01-27",25,29855,31032,28036,3033,6488,3898,16784,0,21,5469,1999,-4,1055,-450,-102,999,1397,984,1402
"2024-01-27",26,29692,30864,27881,3012,6488,3986,16784,0,18,5459,2001,-4,1056,-450,-100,999,1397,998,1400
"2024-01-27",27,29439,30590,27646,2943,6488,4120,16784,0,13,5519,2001,-4,1055,-450,-84,999,1397,997,1237
"2024-01-27",28,29199,30300,27412,2873,6488,3739,16784,0,16,5698,1992,-4,912,-373,-108,999,1397,997,1221
"2024-01-27",29,28912,29888,27193,2769,6488,2865,16784,0,14,5753,1762,-4,-95,-254,-9,735,1397,985,1090
"2024-01-27",30,29441,30514,27665,2665,6488,2103,16784,0,12,5559,1742,-4,-126,-331,0,722,1397,984,1079
"2024-01-27",31,30261,32142,28431,2611,6488,1209,16784,0,6,5630,1685,-4,-1007,-264,0,246,1397,952,1025
"2024-01-27",32,31199,33206,29321,2557,6488,595,16784,0,9,5507,1675,-4,-1069,-325,0,225,1397,949,1022
"2024-01-27",33,32434,34374,30432,2568,6488,138,16784,0,12,5468,1472,-4,-1069,-255,0,189,1397,904,1109
"2024-01-27",34,34236,36090,32079,2578,6488,0,16784,0,6,5807,1470,-4,-1069,-175,0,189,1397,900,1124
"2024-01-27",35,36138,37998,33855,2638,6488,0,16784,0,6,5726,1862,-4,-948,-302,0,597,1397,880,1377
"2024-01-27",36,36594,38535,34315,2698,6488,0,16784,0,6,5767,1892,-4,-940,-339,-52,614,1398,873,1394
"2024-01-27",37,36463,37951,34211,2771,6488,0,16784,0,5,5909,1987,-4,-684,-192,-3,320,1397,701,1394
"2024-01-27",38,35806,37207,33493,2844,6488,0,16784,0,6,5773,1993,-4,-672,-81,-38,309,1397,685,1394
"2024-01-27",39,34533,35713,32293,2927,6488,0,16784,0,14,5666,1946,-4,-561,56,-1,263,1397,488,1394
"2024-01-27",40,33292,34469,31154,3010,6488,0,16784,0,16,5671,1923,-4,-557,46,0,256,1397,475,1394
"2024-01-27",41,32157,33580,30126,3079,6488,0,16784,0,14,5645,1059,-4,-554,166,0,-251,1397,426,1394
"2024-01-27",42,30858,32303,28949,3147,6488,0,16784,0,13,5612,983,-4,-554,170,0,-274,1398,410,1393
"2024-01-27",43,29532,31014,27732,3193,6488,0,16784,0,10,5483,259,-4,-597,298,67,-234,1397,-37,1261
"2024-01-27",44,28377,29883,26743,3239,6488,0,16784,0,7,5342,219,-4,-598,314,165,-233,1397,-64,1249
"2024-01-27",45,27021,28740,25465,3279,6488,0,16784,0,8,5367,438,-4,-792,393,306,-315,1397,41,1183
"2024-01-27",46,25670,27412,24225,3319,6488,0,16784,0,19,5320,439,-4,-800,352,406,-319,1397,48,1163
"2024-01-27",47,24343,26333,23009,3295,6488,0,16784,0,16,5217,13,-4,-758,378,495,-612,1397,40,629
"2024-01-27",48,23439,25794,22154,3271,6488,0,16785,0,367,5145,-6,-4,-756,387,504,-622,1370,39,592
"2024-01-28",1,23177,25793,21887,3289,6488,0,16785,0,1079,5106,448,-4,-666,399,504,-267,1023,39,592
"2024-01-28",2,23489,26230,22206,3306,6488,0,16785,0,1223,5221,503,-4,-660,399,504,-254,951,39,592
"2024-01-28",3,23167,25948,21988,3307,6488,0,16785,0,1369,5380,726,-4,-580,399,504,-228,577,39,560
"2024-01-28",4,22666,25584,21537,3307,6488,0,16785,0,1480,5666,738,-4,-607,399,504,-227,501,40,551
"2024-01-28",5,21829,25292,20748,3305,6488,0,16785,0,1481,5893,444,-4,-1029,399,504,-349,129,81,367
"2024-01-28",6,21515,24962,20483,3302,6488,0,16785,0,1460,6094,430,-4,-1030,399,504,-353,52,82,347
"2024-01-28",7,20943,24650,19877,3306,6488,0,16785,0,1455,6140,578,-4,-1037,399,504,-284,-327,21,32
"2024-01-28",8,20523,24341,19433,3310,6488,0,16785,0,1501,5918,577,-4,-1037,399,504,-282,-394,12,10
"2024-01-28",9,20079,24214,19046,3346,6488,0,16785,0,1246,5814,121,-4,-1064,399,504,-402,-656,-163,161
"2024-01-28",10,19966,24126,18971,3382,6488,0,16785,0,1226,5901,89,-4,-1064,399,504,-406,-684,-176,188
"2024-01-28",11,19890,24088,18852,3418,6488,0,16785,0,1228,6041,-135,-4,-956,399,504,-352,-628,-295,191
"2024-01-28",12,20043,24206,19010,3454,6488,0,16785,0,1218,6007,-152,-4,-949,399,504,-351,-591,-298,194
"2024-01-28",13,20702,24422,19632,3455,6488,0,16785,0,1202,5981,-207,-4,-747,400,504,-638,-211,-111,315
"2024-01-28",14,21317,24816,20209,3455,6488,0,16785,0,1063,5841,-214,-4,-740,400,504,-642,-135,-101,323
"2024-01-28",15,22183,25360,21009,3464,6488,0,16785,0,1078,5785,-323,-4,-934,400,504,-74,242,-164,313
"2024-01-28",16,22856,25693,21626,3473,6488,0,16785,0,862,5835,-325,-4,-835,400,504,-48,318,-163,312
"2024-01-28",17,24809,25616,23458,3491,6488,109,16785,0,151,5665,-20,-4,337,400,504,124,692,-32,355
"2024-01-28",18,25743,26364,24442,3508,6488,568,16785,0,17,5616,39,-4,378,388,504,136,718,2,367
"2024-01-28",19,27045,27655,25637,3552,6488,1314,16785,0,6,5633,1124,-4,262,293,504,690,468,499,667
"2024-01-28",20,27485,28097,26053,3596,6488,1803,16785,0,8,5941,1215,-4,265,368,456,715,457,532,687
"2024-01-28",21,28074,28687,26493,3615,6488,2699,16785,0,9,5679,1429,-4,944,286,309,717,711,581,687
"2024-01-28",22,27995,28606,26371,3633,6488,3196,16785,0,7,5679,1449,-4,984,309,158,717,738,590,687
"2024-01-28",23,28209,28818,26485,3645,6488,3556,16785,0,5,5496,1706,-4,1001,247,21,847,686,789,687
"2024-01-28",24,28260,28877,26381,3657,6488,3953,16785,0,13,5799,1698,-4,1002,282,24,852,680,802,687
"2024-01-28",25,28607,29226,26705,3692,6488,3715,16785,0,15,5856,857,-4,1053,151,0,994,685,804,687
"2024-01-28",26,28616,29234,26722,3726,6488,3749,16785,0,14,5837,838,-4,1050,178,0,999,709,805,687
"2024-01-28",27,29227,29838,27302,3732,6488,3554,16785,0,7,5651,1844,-4,529,81,0,999,1007,865,687
"2024-01-28",28,29494,30108,27578,3737,6488,2975,16785,0,10,5800,1902,-4,503,32,0,999,1037,869,687
"2024-01-28",29,29663,30405,27792,3727,6488,2334,16785,0,23,5927,1246,-4,614,-68,-47,999,958,869,687
"2024-01-28",30,29876,30915,28015,3716,6488,1719,16785,0,21,5919,1225,-4,578,-220,-194,999,978,873,671
"2024-01-28",31,30109,31758,28136,3683,6488,1099,16785,0,15,5455,1952,-4,-313,-371,-346,999,1351,990,45
"2024-01-28",32,31372,33241,29362,3649,6488,517,16785,0,13,5396,2000,-4,-340,-450,-462,1000,1397,998,70
"2024-01-28",33,32941,34379,30860,3645,6488,111,16785,0,13,5361,2000,-4,-3,-432,-386,1018,1397,998,1285
"2024-01-28",34,34940,36492,32720,3641,6488,0,16785,0,9,5195,2000,-4,0,-450,-489,1019,1397,998,1407
"2024-01-28",35,36515,38108,34238,3630,6488,0,16785,0,8,5335,2000,-4,387,-450,-531,985,1397,998,1407
"2024-01-28",36,36463,38057,34231,3619,6488,0,16785,0,9,5352,2000,-4,438,-450,-531,983,1397,997,1407
"2024-01-28",37,35961,37554,33809,3518,6488,0,16785,0,9,5233,2000,-4,503,-450,-530,1018,1397,998,1407
"2024-01-28",38,35256,36856,33120,3416,6488,0,16785,0,15,5031,1997,-4,503,-450,-531,1019,1397,998,1402
"2024-01-28",39,33766,35372,31615,3293,6488,0,16785,0,22,4797,1842,-4,502,-450,-530,915,1397,998,1195
"2024-01-28",40,32748,34351,30662,3170,6488,0,16785,0,19,4562,1836,-4,502,-450,-530,911,1397,999,1181
"2024-01-28",41,31975,33575,29878,3033,6488,0,16785,0,15,4645,1938,-4,288,-450,-531,1016,1397,998,1280
"2024-01-28",42,30747,32346,28717,2896,6488,0,16785,0,14,4640,1944,-4,270,-450,-531,1019,1397,991,1287
"2024-01-28",43,29529,31129,27635,2727,6488,0,16785,0,16,4596,1851,-4,330,-450,-530,863,1398,738,1266
"2024-01-28",44,28335,29932,26507,2558,6488,0,16785,0,13,4577,1843,-4,332,-450,-530,857,1398,718,1261
"2024-01-28",45,26795,28405,24987,2383,6488,0,16785,0,27,4528,1773,-4,500,-450,-529,667,1398,586,1174
"2024-01-28",46,25430,27345,23739,2207,6488,0,16785,0,331,4423,1775,-4,502,-450,-530,660,1369,588,1157
"2024-01-28",47,23958,26396,22185,1988,6488,0,16785,0,854,3897,1959,-4,502,-450,-530,928,995,930,765
"2024-01-28",48,23354,26067,21446,1768,6488,0,16788,0,1130,3621,1972,-4,502,-450,-529,938,966,954,734
"2024-01-29",1,23689,26259,21636,1574,6488,0,16788,0,987,3425,2000,-4,502,-450,-529,997,1172,995,745
"2024-01-29",2,24352,26564,22228,1379,6488,0,16788,0,628,2963,2001,-4,502,-450,-530,999,1211,998,747
"2024-01-29",3,23985,26176,21913,1222,6488,0,16788,0,632,2661,2002,-4,502,-425,-530,999,1377,998,778
"2024-01-29",4,23382,25502,21316,1064,6488,0,16788,0,582,2248,2002,-4,502,-420,-514,999,1399,998,782
"2024-01-29",5,23257,25267,21164,963,6488,0,16788,0,569,2409,2002,-4,502,-420,-417,999,1398,998,782
"2024-01-29",6,23061,24919,20947,861,6488,0,16788,0,328,2108,2001,-4,502,-420,-506,999,1399,998,782
"2024-01-29",7,22634,24221,20496,810,6488,0,16788,0,34,1760,2002,-4,502,-420,-529,999,1398,998,782
"2024-01-29",8,22063,23594,20105,759,6488,0,16788,0,8,1332,2002,-4,502,-415,-504,999,1398,997,782
"2024-01-29",9,21996,23320,20065,739,6488,0,16788,0,8,1248,1998,-4,502,-336,-376,999,1398,998,782
"2024-01-29",10,22025,23396,20037,719,6488,0,16788,0,6,1178,1977,-4,502,-407,-354,952,1398,995,782
"2024-01-29",11,22532,23887,20424,719,6488,0,16788,0,8,1306,1153,-4,456,-347,-212,-184,1399,882,782
"2024-01-29",12,23755,25228,21526,718,6488,0,16788,0,46,918,1058,-4,434,-433,-114,-276,1399,863,782
"2024-01-29",13,26430,28162,23956,747,6488,0,16788,0,53,1126,-15,-4,-269,-451,-241,-99,1399,453,782
"2024-01-29",14,28860,30987,26153,775,6488,0,16788,0,186,1068,-112,-4,-298,-451,-383,-93,1398,428,786
"2024-01-29",15,32021,33671,29007,815,6488,0,16788,0,14,1137,234,-4,73,-452,-512,-68,1398,474,961
"2024-01-29",16,33518,35169,30344,854,6488,0,16788,0,14,950,323,-4,118,-452,-530,-51,1398,484,981
"2024-01-29",17,35464,37056,32146,905,6488,21,16788,0,8,804,1465,-4,108,-451,-529,709,1397,717,1290
"2024-01-29",18,36090,37686,32714,955,6488,149,16788,0,11,638,1565,-4,107,-452,-529,753,1397,739,1310
"2024-01-29",19,36974,38570,33510,1014,6488,352,16788,0,11,311,1745,-4,460,-451,-530,990,1397,982,1211
"2024-01-29",20,37133,38731,33664,1072,6488,574,16788,0,12,495,1758,-4,501,-452,-530,999,1398,999,1203
"2024-01-29",21,37007,38603,33503,1090,6488,730,16788,0,12,481,1806,-4,501,-451,-529,999,1397,998,1224
"2024-01-29",22,36724,38321,33183,1108,6488,997,16788,0,11,222,1812,-4,501,-452,-530,999,1398,998,1217
"2024-01-29",23,36510,38103,33006,1126,6488,1279,16788,0,7,48,1990,-4,502,-452,-530,999,1398,998,832
"2024-01-29",24,36701,38290,33166,1144,6488,1482,16788,0,5,-25,2001,-4,502,-451,-529,999,1398,999,810
"2024-01-29",25,36815,38408,33252,1182,6488,1447,16788,0,7,-33,2000,-4,502,-452,-530,999,1398,998,1086
"2024-01-29",26,36613,38209,33058,1219,6488,1434,16788,0,11,-261,2000,-4,502,-451,-530,999,1398,998,1100
"2024-01-29",27,36474,38068,32942,1255,6488,1643,16788,0,9,-132,2000,-4,501,-451,-530,999,1398,998,823
"2024-01-29",28,36277,37872,32760,1290,6488,1236,16788,0,9,-89,2000,-4,501,-452,-530,999,1399,998,797
"2024-01-29",29,36002,37596,32523,1331,6488,889,16788,0,9,33,2000,-4,287,-451,-530,999,1398,998,578
"2024-01-29",30,36233,37827,32830,1372,6488,641,16788,0,10,175,2001,-4,270,-450,-530,999,1398,998,546
"2024-01-29",31,36133,38207,32695,1381,6488,374,16788,0,13,395,2001,-4,-353,-450,-529,761,1398,998,-125
"2024-01-29",32,36721,38891,33245,1389,6488,132,16788,0,8,473,2001,-4,-397,-450,-529,747,1386,998,-182
"2024-01-29",33,37368,39995,33858,1383,6488,23,16788,0,10,622,2002,-4,-454,-450,-530,199,1243,998,-579
"2024-01-29",34,38496,41128,34839,1377,6488,0,16788,0,10,829,1997,-4,-437,-450,-529,173,1235,993,-602
"2024-01-29",35,39675,41626,35913,1383,6488,0,16788,0,7,990,1825,-4,185,-450,-531,388,1345,804,-359
"2024-01-29",36,39608,41543,35839,1389,6488,0,16788,0,7,927,1811,-4,201,-450,-531,396,1358,783,-343
"2024-01-29",37,39083,41017,35403,1392,6488,0,16788,0,7,995,1424,-4,3,-450,-530,170,1352,492,-343
"2024-01-29",38,38522,40451,34863,1395,6488,0,16788,0,8,1023,1370,-4,0,-450,-529,162,1346,470,-338
"2024-01-29",39,37765,39396,34216,1409,6488,0,16788,0,15,997,1200,-4,176,-450,-531,493,1281,344,-31
"2024-01-29",40,36530,38123,33244,1423,6488,0,16788,0,9,1477,1190,-4,188,-450,-530,505,1281,344,1
"2024-01-29",41,35348,36939,32104,1456,6488,0,16788,0,7,1272,1265,-4,104,-450,-530,664,1385,648,266
"2024-01-29",42,33924,35515,30799,1489,6488,0,16788,0,7,1387,1270,-4,103,-450,-530,669,1398,665,289
"2024-01-29",43,32199,33790,29246,1513,6488,0,16788,0,7,1435,1291,-4,214,-450,-530,701,1398,612,224
"2024-01-29",44,30397,31988,27602,1537,6488,0,16788,0,7,1633,1286,-4,221,-450,-530,702,1398,604,218
"2024-01-29",45,28414,30005,25804,1588,6488,0,16788,0,7,1907,1090,-4,105,-450,-530,473,1398,460,198
"2024-01-29",46,26782,28373,24318,1638,6488,0,16788,0,7,1978,1072,-4,103,-450,-530,465,1398,452,198
"2024-01-29",47,24902,26498,22582,1791,6488,0,16788,0,12,1745,957,-4,3,-450,-530,412,1398,496,372
"2024-01-29",48,24022,25629,21768,1943,6488,0,16791,0,23,1746,957,-4,0,-450,-530,413,1398,504,387
"2024-01-30",1,24056,26488,21810,1988,6488,0,16791,0,848,1718,1301,-4,164,-450,-530,827,1398,708,498
"2024-01-30",2,24470,27283,22226,2033,6488,0,16791,0,1282,1945,1340,-4,176,-450,-477,844,1398,722,510
"2024-01-30",3,24063,26923,21797,2044,6488,0,16791,0,1280,1638,1896,-4,159,-450,-526,793,1399,721,684
"2024-01-30",4,23463,26470,21232,2055,6488,0,16791,0,1423,1328,1930,-4,158,-450,-530,792,1399,720,693
"2024-01-30",5,22739,25858,20552,2033,6488,0,16791,0,1535,1331,1678,-4,104,-450,-530,701,1399,695,563
"2024-01-30",6,22442,25549,20273,2010,6488,0,16791,0,1522,1104,1656,-4,103,-450,-531,698,1399,690,547
"2024-01-30",7,22043,25136,19859,2022,6488,0,16791,0,1509,938,1438,-4,2,-450,-530,486,1399,598,363
"2024-01-30",8,21749,24835,19584,2034,6488,0,16791,0,1501,854,1399,-4,0,-450,-531,478,1385,591,351
"2024-01-30",9,21372,24442,19228,2040,6488,0,16791,0,1485,852,790,-4,0,-450,-531,208,1214,558,493
"2024-01-30",10,21408,24470,19245,2046,6488,0,16791,0,1478,749,710,-4,0,-450,-530,197,1164,542,511
"2024-01-30",11,22092,24822,19892,2056,6488,0,16791,0,925,1074,-280,-4,0,-450,-471,35,789,52,754
"2024-01-30",12,23186,25847,20865,2065,6488,0,16791,0,691,959,-407,-4,0,-450,-509,20,713,21,769
"2024-01-30",13,25981,29965,23424,2019,6488,0,16791,0,32,1272,-1421,-4,-435,-445,-417,-623,341,-7,769
"2024-01-30",14,28851,33049,26070,1972,6488,0,16791,0,13,1191,-1470,-4,-494,-451,-507,-654,315,-5,769
"2024-01-30",15,32242,34933,29172,1943,6488,0,16791,0,12,1125,-672,-4,-148,-451,-530,-274,575,197,726
"2024-01-30",16,33575,36079,30367,1913,6488,0,16791,0,11,1740,-540,-4,-108,-451,-531,-259,637,221,723
"2024-01-30",17,35090,36687,31759,1885,6488,19,16791,0,11,1399,775,-4,123,-451,-531,45,1011,584,876
"2024-01-30",18,35420,37018,32047,1857,6488,223,16791,0,12,1297,942,-4,153,-451,-531,71,1079,615,889
"2024-01-30",19,36209,37803,32829,1814,6488,591,16791,0,8,1109,1441,-4,436,-451,-531,812,1362,860,889
"2024-01-30",20,36290,37884,32952,1771,6488,1002,16791,0,8,1088,1475,-4,448,-451,-531,853,1397,877,889
"2024-01-30",21,36226,37820,32905,1721,6488,1371,16791,0,8,1279,1573,-4,453,-451,-531,919,1398,903,889
"2024-01-30",22,36315,37909,33054,1671,6488,1666,16791,0,8,1527,1584,-4,452,-451,-531,921,1398,902,882
"2024-01-30",23,36541,38134,33292,1608,6488,1950,16791,0,8,1795,1752,-4,332,-451,-530,828,1397,771,639
"2024-01-30",24,36415,38009,33177,1544,6488,2131,16791,0,8,2050,1764,-4,329,-451,-531,824,1397,765,628
"2024-01-30",25,36325,37916,33086,1477,6488,2262,16791,0,5,2096,1831,-4,217,-451,-531,806,1397,893,824
"2024-01-30",26,36056,37649,32885,1409,6488,2423,16791,0,8,2260,1829,-4,215,-451,-530,803,1397,895,840
"2024-01-30",27,35737,37330,32642,1357,6488,2433,16791,0,7,2472,1655,-4,119,-451,-531,370,1397,669,840
"2024-01-30",28,35690,37257,32715,1304,6488,2241,16791,0,5,2784,1649,-4,116,-451,-507,352,1397,654,840
"2024-01-30",29,35843,37277,32961,1241,6488,2090,16791,0,7,3104,1827,-4,123,-451,-372,430,1397,596,904
"2024-01-30",30,35714,37051,32821,1177,6488,1706,16791,0,8,3265,1835,-4,124,-451,-274,433,1397,593,915
"2024-01-30",31,36253,37608,33426,1149,6488,1149,16791,0,9,3087,1729,-4,411,-451,-291,553,1397,620,1068
"2024-01-30",32,37036,38388,34219,1121,6488,574,16791,0,5,3158,1716,-4,417,-451,-292,557,1397,631,1077
"2024-01-30",33,37827,39114,34961,1165,6488,134,16791,0,6,3676,1531,-4,105,-451,-226,330,1397,930,945
"2024-01-30",34,38603,39878,35526,1208,6488,4,16791,0,6,3666,1516,-4,103,-451,-214,322,1396,948,945
"2024-01-30",35,39985,41338,36740,1262,6488,0,16791,0,5,3654,1445,-4,221,-379,-365,565,1397,904,1366
"2024-01-30",36,40310,41771,37118,1316,6488,0,16791,0,5,3840,1443,-4,228,-373,-479,574,1397,898,1396
"2024-01-30",37,40059,41272,36986,1374,6488,0,16791,0,5,4144,1514,-4,250,-271,-333,308,1397,789,1396
"2024-01-30",38,39607,40620,36583,1432,6488,0,16791,0,4,4236,1529,-4,251,-223,-182,298,1397,778,1396
"2024-01-30",39,39162,39886,36303,1477,6488,0,16791,0,9,4628,1903,-4,248,-73,-38,426,1397,668,1395
"2024-01-30",40,38102,38820,35403,1521,6488,0,16791,0,10,4714,1919,-4,254,-104,6,430,1397,645,1396
"2024-01-30",41,36872,37807,34243,1574,6488,0,16791,0,11,4737,1460,-4,163,-256,-64,124,1397,104,1376
"2024-01-30",42,35301,36323,33042,1626,6488,0,16791,0,11,5080,1426,-4,159,-321,-86,111,1397,69,1372
"2024-01-30",43,33459,34720,31354,1699,6488,0,16791,0,10,5276,1219,-4,2,-386,-12,-249,1397,83,1393
"2024-01-30",44,31683,33024,29719,1771,6488,0,16791,0,7,5161,1183,-4,0,-362,-104,-264,1397,83,1396
"2024-01-30",45,29672,31506,27917,1840,6488,0,16791,0,7,5312,462,-4,-421,-275,-19,-508,1397,48,1396
"2024-01-30",46,27795,29544,26304,1909,6488,0,16791,0,11,5626,413,-4,-477,-147,0,-510,1397,46,1396
"2024-01-30",47,25977,27049,24625,1953,6488,0,16791,0,12,5615,281,-4,-342,-114,0,69,1397,58,1396
"2024-01-30",48,24888,25863,23639,1997,6488,0,16795,0,17,5401,297,-4,-332,-22,0,96,1397,62,1394
"2024-01-31",1,24845,26176,23666,2102,6488,0,16795,0,283,5359,1058,-4,-444,68,0,68,1397,176,1239
"2024-01-31",2,25236,26876,24067,2207,6488,0,16795,0,588,5429,1105,-4,-448,218,55,67,1397,179,1228
"2024-01-31",3,24750,26876,23546,2309,6488,0,16795,0,1044,5269,902,-4,-478,362,11,221,1397,24,1228
"2024-01-31",4,23972,26217,22797,2410,6488,0,16795,0,1162,5191,871,-4,-479,344,0,225,1397,18,1228
"2024-01-31",5,23244,25894,22109,2532,6488,0,16795,0,1418,5128,312,-4,-459,395,51,-169,1397,19,1228
"2024-01-31",6,23059,25723,21930,2653,6488,0,16795,0,1417,5113,251,-4,-458,335,90,-185,1397,10,1226
"2024-01-31",7,22617,26135,21527,2753,6488,0,16795,0,1403,5147,-351,-4,-488,394,234,-410,1397,-262,1117
"2024-01-31",8,22147,25838,21089,2853,6488,0,16795,0,1456,5031,-434,-4,-489,399,235,-424,1396,-284,1098
"2024-01-31",9,21749,26986,20800,2952,6488,0,16795,0,1503,5015,-1132,-4,-506,399,356,-995,1397,-497,703
"2024-01-31",10,21654,26950,20702,3051,6488,0,16795,0,1462,4944,-1188,-4,-506,399,309,-1021,1397,-515,674
"2024-01-31",11,22172,27479,21177,3138,6488,0,16795,0,867,4890,-1683,-4,-459,399,349,-1021,1397,-673,610
"2024-01-31",12,23129,28275,22009,3225,6488,0,16795,0,667,4759,-1712,-4,-459,399,334,-1021,1397,-683,598
"2024-01-31",13,25722,30047,24394,3318,6488,0,16795,0,27,4934,-1641,-4,-388,400,378,-1021,1397,-644,423
"2024-01-31",14,28555,32840,27081,3411,6488,0,16795,0,13,5107,-1626,-4,-380,400,298,-1021,1397,-641,416
"2024-01-31",15,32128,35761,30349,3504,6488,0,16795,0,10,5218,-1242,-4,-192,399,176,-971,1397,-614,647
"2024-01-31",16,33766,37354,31835,3597,6488,0,16795,0,12,5299,-1216,-4,-188,399,113,-970,1397,-598,672
"2024-01-31",17,35107,38449,33018,3703,6488,93,16795,0,12,5264,-1276,-4,-483,399,174,-882,1397,-85,944
"2024-01-31",18,35121,38415,33066,3809,6488,442,16795,0,13,5358,-1264,-4,-484,399,244,-877,1397,-52,965
"2024-01-31",19,35757,37892,33731,3941,6488,803,16795,0,13,5190,-597,-4,-435,396,108,-456,1397,-30,1008
"2024-01-31",20,35534,37617,33479,4073,6488,1108,16795,0,11,5370,-566,-4,-432,399,19,-440,1398,-30,1019
"2024-01-31",21,35812,38325,33343,4221,6488,1089,16795,0,12,5583,-936,-4,-433,398,1,-430,1397,-98,1237
"2024-01-31",22,35928,38451,33329,4368,6488,1255,16795,0,9,5507,-951,-4,-433,399,0,-427,1397,-99,1253
"2024-01-31",23,35925,37422,33301,4509,6488,1415,16795,0,11,5502,-494,-4,-382,398,14,25,1397,-6,1296
"2024-01-31",24,35935,37373,33173,4650,6488,1591,16795,0,9,5592,-458,-4,-367,400,111,45,1397,0,1302
"2024-01-31",25,36371,37206,33559,4722,6488,1783,16795,0,7,5603,-224,-4,101,368,22,165,1397,0,1389
"2024-01-31",26,36334,37157,33430,4793,6488,1629,16795,0,8,5915,-211,-4,109,319,0,161,1397,1,1395
"2024-01-31",27,36088,37868,33167,4821,6488,1618,16795,0,9,5837,-398,-4,-309,313,0,-460,1397,25,1395
"2024-01-31",28,35605,37474,32760,4848,6488,1548,16795,0,14,5779,-417,-4,-344,299,0,-490,1397,26,1395
"2024-01-31",29,35205,37370,32478,4857,6488,1239,16795,0,10,5704,-612,-4,-449,180,0,-490,1397,63,1395
"2024-01-31",30,34775,36944,32178,4866,6488,789,16795,0,11,5646,-610,-4,-453,63,0,-491,1397,57,1395
"2024-01-31",31,34963,37052,32406,4829,6488,477,16795,0,11,5782,71,-4,-449,12,0,-785,1397,-240,1395
"2024-01-31",32,35789,38017,33228,4791,6488,214,16795,0,7,5651,88,-4,-448,-69,-52,-795,1397,-253,1395
"2024-01-31",33,36519,38439,33866,4728,6488,39,16795,0,7,5313,-233,-4,-206,-116,-10,-658,1397,-86,1395
"2024-01-31",34,37357,39315,34531,4664,6488,0,16795,0,4,4986,-259,-4,-196,-83,-86,-653,1397,-73,1395
"2024-01-31",35,38491,40395,35576,4562,6488,0,16795,0,5,5287,-190,-4,207,-233,-238,-634,1397,28,1395
"2024-01-31",36,38383,40586,35554,4460,6488,0,16795,0,3,5427,-192,-4,298,-382,-389,-633,1397,28,1395
"2024-01-31",37,37908,40533,35118,4308,6488,0,16795,0,5,5396,-493,-4,464,-450,-516,-373,1397,-184,1395
"2024-01-31",38,37561,40150,34823,4156,6488,0,16795,0,7,5397,-477,-4,470,-451,-531,-339,1397,-180,1393
"2024-01-31",39,37378,38978,34645,4036,6488,0,16795,0,13,5297,488,-4,500,-451,-532,564,1397,469,1241
"2024-01-31",40,36031,37632,33451,3916,6488,0,16795,0,15,5297,599,-4,501,-451,-531,622,1397,519,1230
"2024-01-31",41,34997,36597,32476,3784,6488,0,16795,0,14,5255,1211,-4,502,-450,-532,610,1397,821,1328
"2024-01-31",42,33715,35314,31358,3651,6488,0,16795,0,12,5411,1251,-4,502,-451,-532,609,1397,839,1335
"2024-01-31",43,32297,33894,30113,3504,6488,0,16795,0,10,5680,949,-4,503,-451,-532,347,1397,801,1282
"2024-01-31",44,30523,32121,28458,3357,6488,0,16795,0,11,5666,914,-4,502,-451,-532,337,1397,794,1277
"2024-01-31",45,28754,30356,26835,3253,6488,0,16795,0,16,5710,226,-4,502,-451,-531,348,1397,625,1331
"2024-01-31",46,27068,28829,25247,3149,6488,0,16795,0,175,5377,198,-4,502,-451,-531,348,1397,618,1326
"2024-01-31",47,25575,28290,23844,3074,6488,0,16795,0,1129,5102,861,-4,453,-451,-531,493,1397,738,881
"2024-01-31",48,24613,27739,22989,2998,6562,0,16848,0,1563,5117,909,-4,450,-428,-531,500,1397,752,848
"2024-02-01",1,24751,27848,23078,2944,6562,0,16848,0,1562,5021,1184,-4,501,-400,-531,857,1397,930,795
"2024-02-01",2,25156,28248,23544,2890,6562,0,16848,0,1557,5111,1198,-4,502,-400,-531,871,1397,941,790
"2024-02-01",3,24805,27881,23206,2813,6562,0,16848,0,1541,4896,1121,-4,502,-400,-531,992,1397,948,790
"2024-02-01",4,24326,27392,22792,2736,6562,0,16848,0,1531,4796,1102,-4,501,-400,-531,996,1397,950,792
"2024-02-01",5,23784,26831,22262,2695,6562,0,16848,0,1511,4488,695,-4,302,-401,-531,784,1397,995,879
"2024-02-01",6,23561,26600,22014,2653,6562,0,16848,0,1503,4454,664,-4,299,-401,-531,776,1397,997,887
"2024-02-01",7,23184,26215,21690,2580,6562,0,16848,0,1495,4531,611,-4,234,-401,-531,743,1397,998,963
"2024-02-01",8,22748,25750,21276,2506,6562,0,16848,0,1484,4682,612,-4,229,-383,-531,741,1397,992,968
"2024-02-01",9,22550,25346,20993,2449,6562,0,16848,0,1400,4923,709,-4,3,-261,-531,453,1397,773,947
"2024-02-01",10,22777,25334,21159,2392,6562,0,16848,0,1167,4949,721,-4,0,-255,-531,421,1397,748,942
"2024-02-01",11,23374,25816,21748,2327,6562,0,16848,0,245,5141,904,-4,-379,-251,-531,-432,1397,378,1292
"2024-02-01",12,24703,27011,22989,2262,6562,0,16848,0,13,4925,907,-4,-426,-251,-531,-483,1397,341,1318
"2024-02-01",13,27211,29412,25321,2179,6562,0,16848,0,9,4793,542,-4,-505,-252,-531,-163,1397,-137,1394
"2024-02-01",14,30376,32588,28232,2096,6562,0,16848,0,8,4683,513,-4,-506,-251,-531,-151,1397,-161,1407
"2024-02-01",15,33508,35514,30947,2002,6562,0,16848,0,7,4593,339,-4,-506,-275,-531,-83,1397,124,1412
"2024-02-01",16,34539,36652,31860,1907,6562,1,16848,0,11,4119,356,-4,-482,-408,-531,-77,1397,154,1412
"2024-02-01",17,36166,37762,33297,1826,6562,306,16848,0,10,3611,1296,-4,291,-451,-531,416,1397,610,1412
"2024-02-01",18,36371,37970,33445,1745,6562,1144,16848,0,13,3917,1380,-4,325,-451,-531,439,1397,647,1412
"2024-02-01",19,36734,38333,33824,1739,6562,2087,16848,0,13,4124,1962,-4,500,-451,-531,786,1397,927,1412
"2024-02-01",20,35959,37558,32965,1732,6562,3156,16848,0,13,3706,1993,-4,502,-451,-531,799,1397,945,1412
"2024-02-01",21,34886,36485,31863,1780,6562,4012,16848,0,13,3428,1644,-4,502,-451,-531,674,1397,951,1412
"2024-02-01",22,34061,35660,31099,1828,6562,4485,16848,0,13,3643,1622,-4,503,-451,-531,670,1397,952,1412
"2024-02-01",23,33582,35181,30636,1905,6562,4842,16848,0,13,3676,1576,-4,502,-451,-531,934,1397,986,1412
"2024-02-01",24,33145,34743,30293,1981,6562,5142,16848,0,12,3974,1562,-4,502,-451,-531,944,1397,989,1412
"2024-02-01",25,33184,34720,30365,2024,6562,5372,16848,0,8,4273,1058,-4,502,-393,-531,864,1397,999,1412
"2024-02-01",26,32895,34462,30171,2067,6562,5321,16848,0,8,4333,989,-4,502,-424,-531,861,1397,1000,1412
"2024-02-01",27,32666,34098,30006,2075,6562,4892,16848,0,8,4477,-30,-4,365,-312,-478,641,1397,1001,1412
"2024-02-01",28,32616,34049,29994,2083,6562,4320,16848,0,8,4418,-140,-4,347,-305,-376,633,1397,999,1412
"2024-02-01",29,33086,34661,30545,2083,6562,3638,16848,0,5,4721,-558,-4,114,-182,-226,599,1397,915,1412
"2024-02-01",30,33442,34892,31018,2083,6562,2768,16848,0,7,4986,-558,-4,112,-208,-73,591,1397,905,1412
"2024-02-01",31,34425,35562,32030,2099,6562,1956,16848,0,9,5353,413,-4,-425,-99,0,27,1398,756,1412
"2024-02-01",32,35909,37214,33421,2115,6562,952,16848,0,4,5433,517,-4,-484,-165,-48,0,1397,739,1411
"2024-02-01",33,37036,38539,34501,2164,6562,399,16848,0,4,5638,942,-4,-499,-155,-4,-237,1397,521,1412
"2024-02-01",34,38170,39620,35520,2212,6562,19,16848,0,4,5693,955,-4,-499,-98,0,-245,1397,501,1412
"2024-02-01",35,38712,40048,35986,2316,6562,0,16848,0,2,5382,244,-4,-461,-112,0,-157,1397,317,1412
"2024-02-01",36,39357,40834,36646,2419,6562,0,16848,0,3,5480,205,-4,-459,-219,-39,-153,1397,300,1412
"2024-02-01",37,39272,40319,36635,2529,6562,0,16848,0,5,5702,419,-4,-321,-116,-1,114,1397,114,1412
"2024-02-01",38,38870,39851,36320,2638,6562,0,16848,0,4,5478,434,-4,-305,-68,0,124,1397,103,1412
"2024-02-01",39,38213,38825,35778,2754,6562,0,16848,0,8,5811,299,-4,392,68,0,133,1397,135,1412
"2024-02-01",40,37095,37704,34731,2869,6562,0,16848,0,5,5639,298,-4,444,153,0,134,1397,133,1412
"2024-02-01",41,35515,36134,33214,2964,6562,0,16848,0,7,5601,496,-4,346,69,0,5,1397,-8,1412
"2024-02-01",42,33993,34654,31852,3059,6562,0,16848,0,7,5399,507,-4,345,-30,0,0,1397,-20,1412
"2024-02-01",43,32256,33270,30286,3133,6562,0,16848,0,6,5379,357,-4,435,-161,-4,-141,1397,-98,1412
"2024-02-01",44,30390,31489,28527,3207,6562,0,16848,0,11,5346,335,-4,436,-178,-57,-146,1397,-103,1409
"2024-02-01",45,28382,29435,26713,3287,6562,0,16848,0,12,5381,189,-4,114,-35,11,-254,1397,-148,1347
"2024-02-01",46,26693,27763,25119,3366,6562,0,16848,0,12,5000,175,-4,105,-49,0,-254,1397,-151,1330
"2024-02-01",47,24773,25657,23356,3408,6562,0,16848,0,17,4994,-101,-4,285,-22,0,210,1397,-140,884
"2024-02-01",48,23913,24841,22614,3449,6562,0,16851,0,66,5137,-123,-4,292,68,0,229,1390,-135,854
"2024-02-02",1,23759,25316,22559,3511,6562,0,16851,0,940,5120,55,-4,234,218,35,236,1300,-13,874
"2024-02-02",2,23919,25752,22729,3572,6562,0,16851,0,1224,5099,56,-4,232,362,70,237,1259,-5,878
"2024-02-02",3,23657,25753,22529,3623,6562,0,16851,0,1427,5542,-37,-4,406,399,171,239,887,-28,901
"2024-02-02",4,23206,25409,22120,3674,6562,0,16851,0,1493,5477,-73,-4,412,399,278,233,811,-33,902
"2024-02-02",5,22301,25704,21246,3754,6562,0,16851,0,1487,5677,-819,-4,272,399,283,-342,438,-151,902
"2024-02-02",6,22126,25607,21110,3834,6562,0,16851,0,1478,5771,-870,-4,282,399,284,-370,366,-159,901
"2024-02-02",7,21729,25393,20718,3878,6562,0,16851,0,1455,5686,-922,-4,618,400,284,-533,37,-150,837
"2024-02-02",8,21425,25132,20409,3921,6562,0,16851,0,1471,5659,-939,-4,578,400,283,-538,11,-155,831
"2024-02-02",9,20969,25286,19975,3981,6562,0,16851,0,1454,5815,-1354,-4,-114,399,284,-418,206,-373,896
"2024-02-02",10,21062,25419,20040,4041,6562,0,16851,0,1447,5730,-1374,-4,-124,399,294,-414,259,-394,906
"2024-02-02",11,21689,25868,20641,4099,6562,0,16851,0,1434,5755,-1144,-4,312,399,414,-355,632,-642,1057
"2024-02-02",12,22612,26300,21437,4157,6562,0,16851,0,935,5418,-1133,-4,341,391,434,-353,708,-663,1075
"2024-02-02",13,25030,28557,23663,4187,6562,0,16851,0,201,5343,-1459,-4,120,275,291,-444,1081,-819,1293
"2024-02-02",14,27292,30579,25775,4216,6562,0,16851,0,9,5191,-1422,-4,119,184,146,-447,1145,-805,1309
"2024-02-02",15,30580,31706,28808,4201,6562,0,16851,0,9,5102,-168,-4,2,43,16,-345,1369,43,1364
"2024-02-02",16,31842,32893,29880,4186,6562,0,16851,0,10,5351,-55,-4,0,-68,0,-314,1397,106,1369
"2024-02-02",17,33302,34164,31218,4216,6562,117,16851,0,8,5062,1205,-4,0,-220,-30,618,1397,387,1399
"2024-02-02",18,33575,34510,31557,4245,6562,553,16851,0,12,5263,1539,-4,0,-319,0,681,1397,412,1403
"2024-02-02",19,33831,34883,31794,4309,6562,1061,16851,0,11,4792,1549,-4,605,-437,0,888,1397,607,1403
"2024-02-02",20,33560,34608,31677,4373,6562,1322,16851,0,9,5483,1552,-4,719,-435,0,895,1397,626,1403
"2024-02-02",21,33490,34493,31669,4419,6562,1998,16851,0,5,5426,1700,-4,812,-394,0,614,1397,841,1403
"2024-02-02",22,33174,34079,31336,4464,6562,2441,16851,0,5,5454,1713,-4,816,-296,0,605,1397,855,1403
"2024-02-02",23,33094,34101,31230,4508,6562,2882,16851,0,7,5335,1987,-4,959,-331,-65,984,1397,889,1403
"2024-02-02",24,32631,33805,30754,4551,6562,2863,16851,0,7,5265,1999,-4,965,-444,-119,999,1397,894,1402
"2024-02-02",25,32186,33255,30334,4569,6562,3021,16851,0,7,5283,1898,-4,721,-450,-8,1000,1397,992,1337
"2024-02-02",26,31353,32388,29548,4587,6562,3404,16851,0,7,5332,1888,-4,710,-424,0,1000,1398,997,1331
"2024-02-02",27,30947,31960,29155,4591,6562,3463,16851,0,7,5307,1792,-4,438,-402,0,975,1398,998,1352
"2024-02-02",28,30542,31568,28793,4595,6562,3168,16851,0,7,5323,1770,-4,425,-415,0,974,1397,998,1355
"2024-02-02",29,30329,31326,28638,4585,6562,2631,16851,0,7,5394,1236,-4,355,-386,0,820,1397,998,1335
"2024-02-02",30,30344,31429,28695,4575,6562,2175,16851,0,5,5323,1209,-4,354,-450,-26,815,1397,998,1331
"2024-02-02",31,30805,31892,29124,4515,6562,1601,16851,0,6,5365,1545,-4,341,-450,-27,779,1397,998,1288
"2024-02-02",32,31713,32867,29971,4454,6562,811,16851,0,3,5457,1573,-4,341,-450,-97,777,1397,998,1286
"2024-02-02",33,32993,34109,31126,4375,6562,223,16851,0,5,5375,1875,-4,613,-450,-57,880,1397,998,1394
"2024-02-02",34,34100,35313,32126,4295,6562,6,16851,0,5,5157,1895,-4,642,-450,-154,883,1397,992,1403
"2024-02-02",35,35366,36666,33245,4232,6562,0,16851,0,5,5042,1995,-4,866,-450,-241,1012,1397,806,1403
"2024-02-02",36,35692,37143,33512,4168,6562,0,16851,0,5,5003,2001,-4,870,-450,-392,1016,1397,795,1403
"2024-02-02",37,35243,36735,33192,4136,6562,0,16851,0,6,5140,1934,-4,722,-450,-432,935,1397,823,1403
"2024-02-02",38,34662,36143,32695,4103,6562,0,16851,0,4,5259,1930,-4,717,-450,-423,932,1397,827,1403
"2024-02-02",39,34033,35506,32137,4086,6562,0,16851,0,2,5213,1946,-4,835,-450,-417,988,1397,942,1403
"2024-02-02",40,32867,34296,31087,4068,6562,0,16851,0,5,5116,1942,-4,841,-450,-370,989,1397,944,1403
"2024-02-02",41,31503,32923,29803,4070,6562,0,16851,0,5,5108,1672,-4,682,-450,-361,609,1397,790,1403
"2024-02-02",42,30247,31741,28667,4072,6562,0,16851,0,7,5091,1626,-4,680,-450,-433,586,1397,766,1403
"2024-02-02",43,28400,29826,26977,4071,6562,0,16851,0,6,4998,634,-4,663,-450,-330,-36,1397,311,1403
"2024-02-02",44,27112,28631,25823,4069,6562,0,16851,0,6,4872,545,-4,663,-450,-390,-69,1367,267,1401
"2024-02-02",45,25533,27426,24287,4057,6562,0,16851,0,8,4912,-137,-4,588,-450,-279,-160,994,-255,1292
"2024-02-02",46,24193,26133,23168,4044,6562,0,16851,0,7,4955,-215,-4,585,-450,-214,-163,948,-287,1271
"2024-02-02",47,22778,25378,21845,4011,6562,0,16851,0,100,5016,-887,-4,582,-450,-254,-92,946,-213,826
"2024-02-02",48,21798,25446,20880,3977,6562,0,16852,0,977,4962,-914,-4,582,-450,-404,-94,970,-205,796
"2024-02-03",1,21748,25481,20876,3936,6562,0,16852,0,1119,4715,-384,-4,810,-450,-512,-575,1291,-89,796
"2024-02-03",2,22166,25970,21295,3895,6562,0,16852,0,1288,4668,-352,-4,831,-450,-431,-596,1307,-83,796
"2024-02-03",3,21672,25509,20865,3836,6562,0,16852,0,1324,4735,-496,-4,737,-450,-420,-423,1001,-120,796
"2024-02-03",4,21014,25037,20229,3777,6562,0,16852,0,1545,4712,-515,-4,728,-428,-395,-417,941,-119,795
"2024-02-03",5,20463,24841,19713,3731,6562,0,16852,0,1536,4863,-900,-4,199,-400,-516,-422,665,11,729
"2024-02-03",6,20189,24609,19425,3684,6562,0,16852,0,1526,4912,-937,-4,171,-400,-531,-422,602,21,719
"2024-02-03",7,19829,24296,18994,3672,6562,0,16852,0,1530,4970,-1173,-4,319,-400,-531,-221,228,-8,512
"2024-02-03",8,19384,23869,18616,3660,6562,0,16852,0,1519,5071,-1208,-4,317,-400,-531,-214,184,-9,503
"2024-02-03",9,18807,23926,18093,3626,6562,0,16852,0,1515,5142,-1642,-4,3,-400,-531,-427,225,65,755
"2024-02-03",10,18501,23649,17837,3591,6562,0,16852,0,1507,5335,-1671,-4,0,-400,-531,-435,247,65,773
"2024-02-03",11,18500,23509,17877,3564,6562,0,16852,0,1492,5223,-1403,-4,-188,-400,-531,-282,460,-109,697
"2024-02-03",12,18900,23871,18226,3537,6562,0,16852,0,1471,5165,-1364,-4,-209,-400,-531,-278,516,-114,688
"2024-02-03",13,20170,24186,19319,3484,6562,0,16852,0,923,5224,-458,-4,-431,-400,-531,-669,889,63,602
"2024-02-03",14,21081,24166,20118,3430,6562,0,16852,0,35,5102,-390,-4,-441,-400,-531,-684,965,76,598
"2024-02-03",15,22685,25624,21489,3343,6562,0,16852,0,16,5015,-159,-4,-712,-423,-531,-494,1338,126,762
"2024-02-03",16,23492,26345,22238,3255,6562,0,16852,0,17,5085,-120,-4,-657,-450,-531,-474,1386,142,774
"2024-02-03",17,25337,26938,23953,3196,6562,75,16852,0,16,5013,581,-4,281,-450,-531,240,1396,579,774
"2024-02-03",18,26187,27789,24678,3136,6562,382,16852,0,17,4968,682,-4,318,-450,-531,285,1398,616,774
"2024-02-03",19,27927,29552,26235,3162,6562,728,16852,0,40,5086,1718,-4,876,-450,-531,858,1397,938,774
"2024-02-03",20,28031,29624,26266,3188,6562,1117,16852,0,8,4935,1800,-4,907,-450,-531,886,1397,959,774
"2024-02-03",21,28081,29674,26332,3252,6562,1805,16852,0,8,4920,1990,-4,999,-450,-531,996,1397,995,774
"2024-02-03",22,27975,29568,26261,3316,6562,2321,16852,0,8,5095,2003,-4,1003,-450,-531,999,1397,998,774
"2024-02-03",23,27979,29572,26236,3374,6562,2795,16852,0,8,5141,2003,-4,1003,-450,-531,999,1397,998,774
"2024-02-03",24,27985,29577,26280,3432,6562,3315,16852,0,7,5101,2002,-4,1003,-450,-531,999,1397,998,774
"2024-02-03",25,28388,29980,26732,3471,6562,2986,16852,0,7,5125,2002,-4,1003,-450,-531,999,1397,998,774
"2024-02-03",26,28341,29934,26691,3510,6562,2039,16852,0,8,5144,2001,-4,1003,-450,-531,999,1397,997,774
"2024-02-03",27,28311,29903,26677,3505,6562,1815,16852,0,7,4983,2002,-4,1003,-450,-531,999,1397,998,774
"2024-02-03",28,28267,29859,26633,3500,6562,1763,16852,0,7,4936,2001,-4,1003,-450,-531,999,1397,998,774
"2024-02-03",29,28171,29768,26530,3465,6562,1422,16852,0,12,4848,1969,-4,1001,-450,-531,863,1397,997,774
"2024-02-03",30,28099,29700,26424,3429,6562,1094,16852,0,16,4830,1959,-4,1000,-450,-531,858,1397,997,791
"2024-02-03",31,28781,30369,27059,3357,6562,731,16852,0,3,5063,1604,-4,726,-450,-531,723,1397,999,1348
"2024-02-03",32,29513,31100,27823,3285,6562,371,16852,0,2,4930,1578,-4,707,-450,-531,718,1397,998,1384
"2024-02-03",33,30351,31938,28592,3236,6562,127,16852,0,2,5005,1316,-4,448,-450,-531,844,1397,998,1406
"2024-02-03",34,31299,32886,29438,3186,6562,3,16852,0,2,5270,1318,-4,447,-450,-531,848,1397,998,1408
"2024-02-03",35,33015,34601,31000,3167,6562,0,16852,0,1,5191,1745,-4,630,-450,-531,1010,1397,998,1408
"2024-02-03",36,34082,35668,31914,3148,6562,0,16852,0,1,5259,1772,-4,644,-450,-531,1016,1397,998,1408
"2024-02-03",37,33859,35445,31744,3143,6562,0,16852,0,1,5444,1493,-4,627,-450,-531,1019,1397,997,1408
"2024-02-03",38,33224,34812,31216,3137,6562,0,16852,0,2,5427,1479,-4,627,-451,-531,1019,1397,995,1408
"2024-02-03",39,32071,33668,30079,3135,6562,0,16852,0,10,5308,1536,-4,594,-452,-531,810,1397,929,1408
"2024-02-03",40,30958,32551,29021,3132,6562,0,16852,0,7,5301,1524,-4,581,-451,-531,803,1397,920,1408
"2024-02-03",41,29829,31422,27988,3157,6562,0,16852,0,7,5270,1099,-4,232,-451,-531,688,1397,734,1408
"2024-02-03",42,28688,30282,26937,3181,6562,0,16852,0,7,5045,1053,-4,229,-452,-531,682,1397,709,1408
"2024-02-03",43,27351,28947,25780,3198,6562,0,16852,0,9,5150,515,-4,410,-452,-531,353,1397,266,1408
"2024-02-03",44,26492,28086,24996,3215,6562,0,16852,0,8,4975,448,-4,414,-451,-531,340,1379,237,1407
"2024-02-03",45,25273,27386,23833,3249,6562,0,16852,0,5,5121,-521,-4,118,-452,-531,92,1151,158,1341
"2024-02-03",46,23967,26097,22644,3282,6562,0,16852,0,20,5102,-592,-4,116,-451,-463,83,1093,152,1322
"2024-02-03",47,22308,24818,21114,3299,6562,0,16852,0,778,5208,67,-4,-220,-452,-344,-112,721,115,832
"2024-02-03",48,21616,24492,20517,3316,6562,0,16852,0,1188,5412,120,-4,-237,-431,-297,-119,645,114,800
"2024-02-04",1,21518,24088,20438,3403,6562,0,16852,0,1182,5474,-5,-4,109,-304,-281,-194,272,168,800
"2024-02-04",2,21951,24297,20907,3489,6562,0,16852,0,984,5433,-24,-4,117,-257,-280,-197,196,169,800
"2024-02-04",3,21360,24040,20398,3533,6562,0,16852,0,1008,5409,-401,-4,2,-265,-132,-89,-181,99,800
"2024-02-04",4,20612,23749,19734,3576,6562,0,16852,0,1414,5403,-427,-4,0,-347,17,-86,-259,94,797
"2024-02-04",5,19925,23776,18973,3637,6562,0,16852,0,1448,5292,-451,-4,98,-348,167,-360,-640,94,711
"2024-02-04",6,19718,23521,18753,3697,6562,0,16852,0,1289,5345,-474,-4,103,-348,309,-370,-718,94,341
"2024-02-04",7,19001,23837,18030,3733,6562,0,16852,0,1486,5356,-1100,-4,103,-292,342,-247,-1107,94,0
"2024-02-04",8,18647,23587,17667,3769,6562,0,16852,0,1467,5352,-1144,-4,103,-307,407,-243,-1175,89,0
"2024-02-04",9,18265,23631,17340,3780,6562,0,16852,0,1464,5318,-1013,-4,-300,-316,494,-151,-1421,-97,0
"2024-02-04",10,17944,23363,17057,3790,6562,0,16852,0,1438,5270,-1012,-4,-333,-323,504,-148,-1452,-109,0
"2024-02-04",11,17883,23776,16994,3811,6562,0,16852,0,1433,5366,-1308,-4,-194,-349,504,-427,-1453,-125,0
"2024-02-04",12,18014,23889,17125,3832,6562,0,16852,0,1423,5428,-1328,-4,-189,-315,504,-438,-1453,-125,0
"2024-02-04",13,18656,24522,17686,3820,6562,0,16852,0,1403,5454,-1488,-4,-145,-206,504,-493,-1453,-74,0
"2024-02-04",14,19255,24915,18211,3807,6562,0,16852,0,1342,5403,-1482,-4,-143,-68,504,-494,-1451,-76,0
"2024-02-04",15,20332,25171,19208,3772,6562,0,16852,0,1326,5268,-1053,-4,95,68,504,-169,-1423,-264,0
"2024-02-04",16,21166,25524,19953,3736,6562,3,16852,0,939,5246,-1000,-4,103,218,504,-156,-1388,-271,0
"2024-02-04",17,22799,25539,21345,3723,6562,123,16852,0,801,5152,-260,-4,117,343,504,186,-993,-82,0
"2024-02-04",18,23996,26020,22395,3710,6562,344,16852,0,267,4908,-186,-4,118,386,504,204,-914,-53,0
"2024-02-04",19,25603,26752,23776,3749,6562,652,16852,0,17,4500,584,-4,460,261,472,706,-528,514,0
"2024-02-04",20,26402,27469,24433,3788,6562,1129,16852,0,13,4643,658,-4,504,152,369,728,-450,557,0
"2024-02-04",21,27189,27878,25031,3845,6562,1548,16852,0,13,4679,625,-4,1027,22,225,895,-72,826,0
"2024-02-04",22,27265,27978,25070,3902,6562,1698,16852,0,109,4813,633,-4,1056,31,80,900,5,843,0
"2024-02-04",23,27964,28639,25729,3951,6562,1864,16852,0,35,4924,1083,-4,1055,-36,0,939,381,864,0
"2024-02-04",24,28250,28871,26033,4000,6562,1710,16852,0,17,5412,1129,-4,1055,12,0,940,457,868,0
"2024-02-04",25,28614,29400,26430,4159,6562,1761,16852,0,120,5385,1952,-4,1055,-62,0,980,829,989,0
"2024-02-04",26,28764,29415,26554,4318,6562,1953,16852,0,20,5421,1994,-4,1055,-27,0,981,873,997,0
"2024-02-04",27,28644,29303,26455,4446,6562,1899,16852,0,17,5430,1643,-4,1056,-38,0,999,841,998,0
"2024-02-04",28,28507,29301,26371,4573,6562,1630,16852,0,16,5355,1615,-4,1054,-174,0,999,833,998,0
"2024-02-04",29,28448,29184,26393,4608,6562,1116,16852,0,11,5417,1437,-4,1023,-121,0,952,784,998,0
"2024-02-04",30,28650,29346,26592,4643,6562,760,16852,0,13,5396,1428,-4,1023,-79,0,950,796,997,0
"2024-02-04",31,29247,29859,27142,4590,6562,581,16852,0,8,5365,1509,-4,623,1,0,908,1020,998,0
"2024-02-04",32,29763,30375,27586,4536,6562,439,16852,0,8,5214,1526,-4,580,0,0,906,1071,998,0
"2024-02-04",33,30671,31286,28379,4479,6562,195,16852,0,11,4894,1919,-4,861,25,0,1015,1361,997,0
"2024-02-04",34,31929,32535,29489,4421,6562,21,16852,0,2,4783,1947,-4,863,0,5,1019,1399,997,0
"2024-02-04",35,33235,33964,30701,4382,6562,0,16852,0,3,5077,1999,-4,1041,-68,-54,1019,1399,997,0
"2024-02-04",36,33781,34636,31315,4343,6562,0,16852,0,3,5252,2002,-4,1055,-220,-28,1019,1399,998,0
"2024-02-04",37,33310,34290,30936,4351,6562,0,16852,0,5,5150,2001,-4,1056,-371,0,1019,1398,997,0
"2024-02-04",38,32681,33691,30354,4358,6562,0,16852,0,2,4979,2001,-4,1055,-404,0,1019,1398,997,0
"2024-02-04",39,31477,32354,29212,4372,6562,0,16852,0,14,5057,2001,-4,1056,-259,0,971,1399,997,0
"2024-02-04",40,30496,31283,28177,4386,6562,0,16852,0,15,4979,1997,-4,1055,-168,0,969,1398,992,0
"2024-02-04",41,29524,30241,27261,4372,6562,0,16852,0,11,4836,1739,-4,1055,-102,0,1017,1399,822,0
"2024-02-04",42,28446,29297,26238,4358,6562,0,16852,0,74,4856,1713,-4,1056,-173,0,1019,1369,808,0
"2024-02-04",43,27144,28205,25087,4336,6562,0,16852,0,383,5151,1197,-4,1055,-74,0,777,995,690,0
"2024-02-04",44,25747,27602,23861,4314,6562,0,16852,0,1146,5091,1112,-4,1056,-74,-31,767,919,670,0
"2024-02-04",45,24124,25643,22327,4313,6562,0,16852,0,877,5224,-38,-4,1056,1,0,390,546,222,0
"2024-02-04",46,22907,24880,21172,4311,6562,0,16852,0,1118,5069,-201,-4,1032,-50,0,368,470,197,0
"2024-02-04",47,21374,24458,19806,4301,6562,0,16852,0,905,5275,-1303,-4,652,-43,8,-229,96,293,0
"2024-02-04",48,20631,23662,19132,4290,6562,0,16855,0,752,5185,-1382,-4,652,7,-35,-258,21,301,0
"2024-02-05",1,20563,23992,19112,4296,6562,0,16855,0,1001,5122,-1098,-4,860,55,67,-390,-336,385,0
"2024-02-05",2,21037,24366,19570,4301,6562,0,16855,0,872,5256,-1086,-4,863,63,82,-394,-373,388,0
"2024-02-05",3,20675,24097,19250,4296,6562,0,16855,0,894,5245,-1349,-4,666,198,-24,-268,-283,300,0
"2024-02-05",4,20182,23795,18802,4291,6562,0,16855,0,950,5150,-1369,-4,665,285,-147,-251,-292,297,0
"2024-02-05",5,19793,23584,18416,4284,6562,0,16855,0,946,4703,-1566,-4,456,154,-123,462,-552,361,0
"2024-02-05",6,19464,23240,18073,4276,6562,0,16855,0,992,4562,-1583,-4,429,38,-12,500,-585,365,0
"2024-02-05",7,18998,23008,17617,4275,6562,0,16855,0,947,4739,-1684,-4,-97,144,-92,185,-586,325,0
"2024-02-05",8,18657,22710,17287,4274,6562,0,16855,0,934,4814,-1695,-4,-105,201,-158,171,-557,305,0
"2024-02-05",9,18427,22531,17102,4274,6562,0,16855,0,822,4895,-1803,-4,-169,186,-28,-207,-176,-295,0
"2024-02-05",10,18646,22556,17322,4273,6562,0,16855,0,590,5079,-1819,-4,-183,297,-45,-225,-99,-345,0
"2024-02-05",11,19357,23948,18047,4256,6562,0,16855,0,48,5432,-2030,-4,-505,397,66,-663,278,-741,0
"2024-02-05",12,20451,24971,19096,4238,6562,0,16855,0,11,5452,-2018,-4,-485,400,217,-661,353,-741,0
"2024-02-05",13,23471,25156,21855,4232,6562,0,16855,0,12,5129,-1069,-4,330,399,369,164,726,135,0
"2024-02-05",14,25722,27246,23950,4226,6562,0,16855,0,12,5046,-908,-4,369,385,360,215,802,199,0
"2024-02-05",15,29123,29738,27092,4229,6562,0,16855,0,11,4981,541,-4,196,290,216,135,1175,447,0
"2024-02-05",16,30466,31082,28267,4232,6562,7,16855,0,12,5056,740,-4,202,378,70,134,1233,474,0
"2024-02-05",17,32022,32638,29690,4283,6562,234,16855,0,12,5007,1261,-4,801,359,12,498,1379,897,0
"2024-02-05",18,32405,33021,29982,4333,6562,605,16855,0,12,4944,1309,-4,849,262,99,516,1397,927,0
"2024-02-05",19,33362,33976,31007,4399,6562,879,16855,0,10,4815,1963,-4,1039,119,13,979,1397,993,0
"2024-02-05",20,33192,33808,30835,4464,6562,1204,16855,0,12,4758,2003,-4,1055,115,0,1000,1397,997,0
"2024-02-05",21,33063,33678,30640,4504,6562,1643,16855,0,11,4897,2002,-4,1055,15,0,999,1397,996,0
"2024-02-05",22,32630,33246,30207,4543,6562,1886,16855,0,12,5018,2002,-4,1054,0,0,999,1397,997,0
"2024-02-05",23,32432,33048,29971,4560,6562,1934,16855,0,12,5050,2002,-4,958,72,0,975,1397,998,0
"2024-02-05",24,32548,33163,30103,4577,6562,1848,16855,0,11,5096,1997,-4,955,107,0,974,1397,998,0
"2024-02-05",25,32968,33582,30518,4595,6562,1715,16855,0,10,5156,1859,-4,1050,159,0,998,1397,998,0
"2024-02-05",26,33284,33898,30788,4613,6562,1456,16855,0,10,5121,1851,-4,1056,178,0,999,1397,998,0
"2024-02-05",27,33327,33942,30839,4616,6562,1136,16855,0,11,5260,1852,-4,1056,189,0,999,1397,998,0
"2024-02-05",28,33148,33764,30679,4618,6562,754,16855,0,12,5270,1854,-4,1046,213,0,999,1397,998,0
"2024-02-05",29,33123,33739,30700,4598,6562,579,16855,0,12,5337,1992,-4,289,286,0,999,1397,993,0
"2024-02-05",30,33138,33756,30704,4577,6562,509,16855,0,14,5239,2000,-4,225,278,0,999,1397,992,0
"2024-02-05",31,33293,33903,30783,4529,6562,359,16855,0,6,5189,1947,-4,420,235,0,999,1397,951,0
"2024-02-05",32,34175,34780,31625,4481,6562,185,16855,0,1,5301,1937,-4,428,219,0,999,1397,950,0
"2024-02-05",33,35038,35643,32450,4442,6562,49,16855,0,1,5309,1725,-4,593,225,0,1018,1397,995,0
"2024-02-05",34,35621,36226,32923,4402,6562,2,16855,0,1,5225,1718,-4,606,155,55,1019,1397,998,0
"2024-02-05",35,36831,37435,33987,4372,6562,0,16855,0,0,5224,1941,-4,951,43,10,1019,1397,988,0
"2024-02-05",36,37125,37761,34310,4342,6562,0,16855,0,1,5440,1960,-4,992,-31,0,1019,1397,988,0
"2024-02-05",37,36644,37408,33957,4323,6562,0,16855,0,4,5354,1998,-4,1052,-156,0,1019,1397,997,0
"2024-02-05",38,36075,36872,33464,4304,6562,0,16855,0,4,5421,2000,-4,1056,-189,0,1019,1397,998,0
"2024-02-05",39,35316,36034,32806,4302,6562,0,16855,0,6,5405,2000,-4,1055,-108,0,971,1397,997,0
"2024-02-05",40,34218,34864,31857,4300,6562,0,16855,0,9,5351,1999,-4,1055,-33,0,969,1394,993,0
"2024-02-05",41,32428,33189,30131,4298,6562,0,16855,0,8,5126,1993,-4,1055,-149,0,1016,1352,860,0
"2024-02-05",42,31190,31884,28988,4295,6562,0,16855,0,8,5133,1956,-4,1056,-82,0,1014,1318,844,0
"2024-02-05",43,29285,29897,27325,4285,6562,0,16855,0,8,5366,925,-4,1055,0,36,521,944,567,0
"2024-02-05",44,27882,28495,26058,4275,6562,0,16855,0,9,5392,831,-4,1054,23,0,492,868,545,0
"2024-02-05",45,25701,26404,24047,4269,6562,0,16855,0,10,5650,129,-4,690,154,54,-89,496,396,0
"2024-02-05",46,24124,25023,22640,4262,6562,0,16855,0,182,5551,73,-4,623,203,10,-113,419,396,0
"2024-02-05",47,22357,24483,20946,4261,6562,0,16855,0,917,5485,-469,-4,-136,186,44,370,46,711,0
"2024-02-05",48,21369,23942,19987,4259,6562,0,16857,0,1285,5348,-505,-4,-148,43,2,391,-31,732,0
"2024-02-06",1,21130,24164,19765,4275,6562,0,16857,0,1719,5134,-157,-4,-145,6,0,689,-409,751,0
"2024-02-06",2,21522,24591,20183,4291,6562,0,16857,0,1694,5125,-140,-4,-144,60,0,700,-487,753,0
"2024-02-06",3,21341,24905,19926,4255,6562,0,16857,0,1786,4699,-258,-4,482,-40,-4,840,-872,754,0
"2024-02-06",4,20947,24632,19490,4219,6562,0,16857,0,1782,4900,-262,-4,559,-86,0,845,-951,751,0
"2024-02-06",5,20511,24509,18975,4188,6562,0,16857,0,1747,4549,-83,-4,655,-219,0,746,-1345,644,0
"2024-02-06",6,20459,24539,18854,4157,6562,0,16857,0,1755,4488,-81,-4,650,-277,0,742,-1363,637,0
"2024-02-06",7,20172,24399,18444,4168,6562,0,16857,0,1744,4820,-563,-4,327,-318,-27,703,-971,612,0
"2024-02-06",8,19804,23933,18135,4178,6562,0,16857,0,1735,4707,-599,-4,318,-172,-127,697,-892,610,0
"2024-02-06",9,19104,23425,17585,4204,6562,0,16857,0,1709,4855,-910,-4,-535,-31,-25,224,-507,605,0
"2024-02-06",10,19113,23458,17609,4230,6562,0,16857,0,1702,4791,-936,-4,-628,-46,0,203,-429,593,0
"2024-02-06",11,19777,23249,18284,4253,6562,0,16857,0,882,4952,-1267,-4,-649,-18,36,33,-52,184,0
"2024-02-06",12,20886,23749,19373,4276,6562,0,16857,0,207,5021,-1239,-4,-649,-144,-20,28,26,167,0
"2024-02-06",13,23635,25120,22011,4296,6562,0,16857,0,133,4945,-42,-4,-263,-288,-155,1,400,497,0
"2024-02-06",14,25924,27310,24140,4315,6562,0,16857,0,24,4863,26,-4,-222,-298,-238,1,476,524,0
"2024-02-06",15,29127,31037,27017,4326,6562,0,16857,0,15,4696,527,-4,-485,-421,-385,268,849,741,0
"2024-02-06",16,30534,32470,28216,4336,6562,7,16857,0,11,4647,564,-4,-464,-450,-407,277,925,761,0
"2024-02-06",17,31697,33116,29230,4351,6562,116,16857,0,13,4406,845,-4,173,-450,-352,126,1298,949,0
"2024-02-06",18,31871,33149,29413,4365,6562,288,16857,0,12,4384,882,-4,202,-450,-212,125,1348,962,0
"2024-02-06",19,32684,33967,30279,4451,6562,634,16857,0,13,4491,1741,-4,920,-450,-216,630,1392,996,0
"2024-02-06",20,32743,33912,30396,4536,6562,924,16857,0,12,4581,1796,-4,964,-450,-103,654,1397,998,0
"2024-02-06",21,32639,33887,30369,4591,6562,1149,16857,0,14,4463,1850,-4,1004,-450,-180,933,1397,997,0
"2024-02-06",22,32650,33917,30444,4646,6562,1262,16857,0,15,4564,1852,-4,1005,-450,-198,943,1397,997,0
"2024-02-06",23,32545,33939,30385,4663,6562,1511,16857,0,8,4664,1888,-4,1051,-450,-332,926,1397,997,0
"2024-02-06",24,32438,33981,30337,4679,6562,1537,16857,0,9,4817,1892,-4,1054,-450,-480,925,1397,997,0
"2024-02-06",25,32774,34368,30632,4660,6562,1758,16857,0,9,4647,1992,-4,1053,-450,-531,997,1397,997,0
"2024-02-06",26,32647,34241,30525,4640,6562,1500,16857,0,9,4694,1999,-4,1053,-450,-531,999,1397,997,0
"2024-02-06",27,32939,34530,30777,4576,6562,1513,16857,0,6,4585,1999,-4,1054,-450,-531,999,1397,997,0
"2024-02-06",28,32968,34557,30683,4512,6562,1211,16857,0,4,4209,1999,-4,1053,-450,-531,999,1397,997,0
"2024-02-06",29,32930,34519,30661,4374,6562,941,16857,0,4,4216,2000,-4,1053,-450,-531,999,1397,997,0
"2024-02-06",30,32780,34370,30446,4236,6562,755,16857,0,5,4420,2000,-4,1054,-450,-531,999,1397,997,0
"2024-02-06",31,33014,34604,30631,4020,6562,479,16857,0,5,4495,2000,-4,829,-450,-531,999,1397,997,0
"2024-02-06",32,33896,35486,31345,3803,6562,260,16857,0,5,3821,2000,-4,820,-450,-531,999,1397,997,0
"2024-02-06",33,34696,36287,31967,3556,6562,63,16857,0,6,3439,1999,-4,923,-450,-531,1018,1397,997,0
"2024-02-06",34,35879,37473,32905,3309,6562,1,16857,0,9,2954,1999,-4,930,-450,-531,1019,1398,997,0
"2024-02-06",35,37254,38845,33978,3065,6562,0,16857,0,6,2649,1999,-4,1046,-450,-531,1019,1398,997,0
"2024-02-06",36,37797,39390,34432,2820,6562,0,16857,0,8,2433,1999,-4,1053,-450,-531,1019,1398,997,0
"2024-02-06",37,37867,39458,34571,2610,6562,0,16857,0,6,2439,1999,-4,1054,-450,-531,1019,1398,997,0
"2024-02-06",38,37769,39362,34407,2399,6562,0,16857,0,8,2335,1999,-4,1054,-450,-531,1019,1398,997,0
"2024-02-06",39,37028,38621,33706,2203,6562,0,16857,0,8,2161,1999,-4,1053,-450,-531,1019,1398,997,0
"2024-02-06",40,35778,37370,32480,2006,6562,0,16857,0,7,1682,1999,-4,1054,-450,-531,1019,1398,997,0
"2024-02-06",41,34694,36287,31438,1823,6562,0,16857,0,8,1339,1999,-4,1054,-450,-531,1019,1399,997,0
"2024-02-06",42,33427,35020,30325,1639,6562,0,16857,0,8,1121,1999,-4,1053,-450,-531,1019,1399,997,0
"2024-02-06",43,32105,33701,29138,1512,6562,0,16857,0,11,694,1999,-4,831,-450,-531,1000,1399,997,0
"2024-02-06",44,30889,32483,28056,1384,6562,0,16857,0,9,675,1999,-4,821,-450,-531,999,1399,997,0
"2024-02-06",45,29525,31122,26762,1279,6562,0,16857,0,12,675,1999,-4,797,-450,-531,999,1399,997,0
"2024-02-06",46,28069,29666,25390,1173,6562,0,16857,0,12,456,1999,-4,797,-450,-531,999,1399,997,0
"2024-02-06",47,26713,28317,24191,1092,6562,0,16857,0,19,202,1998,-4,1046,-450,-531,999,1399,996,0
"2024-02-06",48,26016,28056,23565,1011,6562,0,16860,0,455,368,1999,-4,1055,-450,-531,999,1399,996,0
"2024-02-07",1,25795,27883,23379,953,6562,0,16860,0,503,452,1999,-4,1056,-450,-531,999,1399,997,0
"2024-02-07",2,26186,28131,23773,894,6562,0,16860,0,400,441,1999,-4,1047,-450,-491,999,1399,997,0
"2024-02-07",3,25742,27940,23410,835,6562,0,16860,0,614,501,2000,-4,772,-450,-530,999,1399,997,0
"2024-02-07",4,25160,27349,22886,776,6562,0,16860,0,615,555,1999,-4,771,-450,-520,999,1399,997,0
"2024-02-07",5,24570,26753,22374,720,6562,0,16860,0,610,431,2000,-4,732,-450,-519,999,1399,997,0
"2024-02-07",6,24196,26320,22033,664,6562,0,16860,0,608,562,2000,-4,731,-450,-462,999,1399,997,0
"2024-02-07",7,23944,26097,21773,635,6562,0,16860,0,606,591,1999,-4,994,-450,-493,999,1399,997,0
"2024-02-07",8,23785,25914,21608,606,6562,0,16860,0,607,594,2000,-4,1004,-450,-468,999,1399,997,0
"2024-02-07",9,23598,25773,21498,607,6562,0,16860,0,604,906,2000,-4,1053,-450,-517,999,1399,997,0
"2024-02-07",10,23622,25748,21561,607,6562,0,16860,0,566,1147,1999,-4,1056,-450,-506,999,1399,997,0
"2024-02-07",11,24407,26060,22282,611,6562,0,16860,0,68,1724,2000,-4,961,-450,-531,999,1399,997,0
"2024-02-07",12,25411,27014,23169,614,6562,0,16860,0,18,2191,2000,-4,841,-450,-531,999,1395,997,0
"2024-02-07",13,28065,29862,25599,607,6562,0,16860,0,16,2632,2001,-4,-247,-451,-479,904,1350,997,0
"2024-02-07",14,30954,32817,28262,600,6562,0,16860,0,13,2722,1998,-4,-268,-451,-527,900,1315,997,0
"2024-02-07",15,34421,36018,31450,611,6562,0,16860,0,11,2553,1852,-4,638,-451,-531,876,941,998,0
"2024-02-07",16,35872,37470,32716,622,6562,9,16860,0,12,2416,1846,-4,772,-451,-531,875,924,998,0
"2024-02-07",17,36884,38484,33600,649,6562,211,16860,0,13,2199,1993,-4,993,-451,-532,995,1297,998,0
"2024-02-07",18,37057,38657,33682,676,6562,662,16860,0,13,2173,2001,-4,1004,-451,-532,999,1347,998,0
"2024-02-07",19,37369,38967,33935,705,6562,1135,16860,0,11,2122,2001,-4,1051,-451,-532,998,1391,998,0
"2024-02-07",20,37227,38827,33898,733,6562,1572,16860,0,13,1952,2001,-4,1054,-451,-532,998,1393,998,0
"2024-02-07",21,37173,38772,33897,794,6562,1999,16860,0,13,2076,2000,-4,1056,-451,-531,977,1340,997,0
"2024-02-07",22,36851,38447,33605,855,6562,2376,16860,0,9,1838,2001,-4,1055,-451,-532,976,1304,998,0
"2024-02-07",23,36495,38091,33239,897,6562,2700,16860,0,9,1940,2001,-4,1056,-451,-532,999,931,998,0
"2024-02-07",24,36454,38048,33215,938,6562,2870,16860,0,8,1988,2001,-4,1054,-451,-531,999,867,997,0
"2024-02-07",25,36405,37997,33212,948,6562,3001,16860,0,6,1995,2001,-4,1011,-451,-531,999,650,998,0
"2024-02-07",26,36318,37912,33121,957,6562,3027,16860,0,8,1770,2001,-4,1008,-451,-531,999,613,998,0
"2024-02-07",27,36145,37739,32970,941,6562,2747,16860,0,8,1732,2001,-4,1052,-451,-531,999,488,997,0
"2024-02-07",28,35910,37503,32713,925,6562,2478,16860,0,7,1616,2000,-4,1056,-451,-531,999,457,997,0
"2024-02-07",29,36032,37626,32861,879,6562,2165,16860,0,7,1918,2001,-4,919,-451,-532,976,269,998,0
"2024-02-07",30,36074,37670,32893,832,6562,1738,16860,0,10,1750,2001,-4,912,-451,-531,974,229,998,0
"2024-02-07",31,36506,38104,33218,756,6562,1210,16860,0,12,1827,2001,-4,647,-451,-531,998,22,998,0
"2024-02-07",32,37441,39029,34053,679,6562,689,16860,0,2,1687,2001,-4,621,-451,-531,993,26,998,0
"2024-02-07",33,37758,39351,34320,648,6562,275,16860,0,7,1620,2002,-4,744,-451,-531,432,399,998,0
"2024-02-07",34,38793,40385,35272,617,6562,30,16860,0,6,1651,2002,-4,751,-451,-531,407,475,999,0
"2024-02-07",35,40571,42162,36844,615,6562,0,16860,0,5,1563,2001,-4,619,-451,-531,767,849,998,0
"2024-02-07",36,41216,42808,37326,612,6562,0,16860,0,6,1284,2001,-4,616,-451,-531,779,907,998,0
"2024-02-07",37,40871,42463,37059,602,6562,0,16860,0,6,1273,2002,-4,520,-451,-531,342,1062,999,0
"2024-02-07",38,40529,42121,36690,591,6562,0,16860,0,6,1408,2002,-4,521,-451,-531,334,1102,998,0
"2024-02-07",39,40442,42036,36675,591,6562,0,16860,0,8,1334,1981,-4,950,-451,-531,985,1365,998,0
"2024-02-07",40,39523,41086,35863,591,6562,0,16860,0,13,1301,1981,-4,971,-436,-510,1020,1371,998,0
"2024-02-07",41,38339,39670,34742,598,6562,0,16860,0,16,1303,1999,-4,824,-336,-375,1019,1026,997,0
"2024-02-07",42,36747,38019,33326,604,6562,0,16860,0,13,928,2000,-4,818,-404,-251,1019,957,998,0
"2024-02-07",43,34821,36013,31517,617,6562,0,16860,0,12,1054,2000,-4,793,-332,-244,971,622,997,0
"2024-02-07",44,32837,33976,29753,630,6562,0,16860,0,11,840,2000,-4,793,-424,-100,969,610,998,0
"2024-02-07",45,31148,32223,28206,653,6562,0,16860,0,12,893,2000,-4,867,-399,-60,969,983,997,0
"2024-02-07",46,29514,30639,26680,675,6562,0,16860,0,14,925,2000,-4,869,-371,-136,969,1014,998,0
"2024-02-07",47,27778,29033,25112,669,6562,0,16860,0,21,846,1984,-4,728,-417,-213,896,816,997,0
"2024-02-07",48,26627,27773,24046,662,6562,0,16863,0,20,675,1984,-4,722,-417,-105,893,821,997,0
"2024-02-08",1,26508,27446,23961,690,6562,0,16863,0,28,828,2001,-4,786,-274,-32,972,1193,997,0
"2024-02-08",2,26997,27938,24478,718,6562,0,16863,0,214,1091,2001,-4,790,-123,0,974,1217,998,0
"2024-02-08",3,26386,27859,23952,755,6562,0,16863,0,869,1234,2001,-4,814,26,67,998,931,997,0
"2024-02-08",4,25702,27490,23341,792,6562,0,16863,0,1184,1264,2000,-4,802,121,191,999,866,997,0
"2024-02-08",5,25146,27246,22856,843,6562,0,16863,0,1496,1653,2001,-4,458,151,203,999,492,997,0
"2024-02-08",6,24687,26768,22437,893,6562,0,16863,0,1477,1832,2000,-4,437,207,208,999,416,997,0
"2024-02-08",7,24328,26617,22073,1005,6562,0,16863,0,1481,1850,2001,-4,-204,353,252,999,41,997,0
"2024-02-08",8,23936,26283,21678,1117,6562,0,16863,0,1477,1605,2000,-4,-229,400,252,999,-37,997,0
"2024-02-08",9,23455,26703,21287,1239,6562,0,16863,0,1451,1993,2000,-4,-779,400,281,952,-414,997,0
"2024-02-08",10,23434,26794,21297,1361,6562,0,16863,0,1449,2223,1990,-4,-816,400,351,934,-491,996,0
"2024-02-08",11,23879,27869,21765,1498,6562,0,16863,0,1441,2292,1757,-4,-1068,400,351,162,-877,997,0
"2024-02-08",12,24765,28618,22579,1634,6562,0,16863,0,1225,2299,1715,-4,-1068,388,351,115,-956,997,0
"2024-02-08",13,27317,30732,24944,1759,6562,0,16863,0,161,2524,1038,-4,-1067,399,343,-235,-1348,998,0
"2024-02-08",14,29806,33127,27256,1883,6562,0,16863,0,16,2699,955,-4,-1066,399,232,-245,-1390,998,0
"2024-02-08",15,32062,35000,29318,2040,6562,0,16863,0,17,3022,1002,-4,-1013,399,210,225,-1304,998,0
"2024-02-08",16,33403,36288,30574,2197,6562,0,16863,0,15,3661,1004,-4,-1004,400,184,246,-1262,998,0
"2024-02-08",17,35313,37094,32318,2342,6562,6,16863,0,12,3531,1004,-4,-295,332,61,352,-870,998,0
"2024-02-08",18,36006,37665,32982,2487,6562,87,16863,0,11,3529,1004,-4,-253,185,123,358,-791,998,0
"2024-02-08",19,37264,38610,34143,2624,6562,212,16863,0,11,3182,1003,-4,-324,41,25,705,-407,998,0
"2024-02-08",20,37587,38962,34446,2760,6562,394,16863,0,11,3049,1003,-4,-357,-43,0,719,-360,998,0
"2024-02-08",21,37690,39662,34608,2868,6562,528,16863,0,8,3108,1002,-4,-807,-187,0,989,-366,997,0
"2024-02-08",22,38042,40017,34995,2976,6562,630,16863,0,8,2899,1002,-4,-732,-258,0,999,-373,997,0
"2024-02-08",23,38769,40150,35740,3014,6562,760,16863,0,7,2864,1002,-4,289,-251,-64,999,-455,997,0
"2024-02-08",24,38614,40158,35687,3052,6562,832,16863,0,8,3118,1003,-4,322,-251,-217,999,-464,998,0
"2024-02-08",25,38750,40420,35860,3063,6562,1004,16863,0,7,3268,1003,-4,497,-252,-368,999,-439,998,0
"2024-02-08",26,38491,40297,35692,3074,6562,972,16863,0,10,3451,1003,-4,496,-252,-473,999,-467,997,0
"2024-02-08",27,38032,40138,35283,3075,6562,898,16863,0,4,3640,1003,-4,105,-252,-395,856,-851,998,0
"2024-02-08",28,37638,39929,34926,3076,6562,733,16863,0,7,3701,1003,-4,103,-252,-498,851,-930,998,0
"2024-02-08",29,37267,40002,34611,3074,6562,587,16863,0,7,3949,1003,-4,-110,-252,-439,994,-1323,998,0
"2024-02-08",30,37359,40175,34747,3072,6562,457,16863,0,11,4215,1003,-4,-118,-251,-455,999,-1377,998,0
"2024-02-08",31,37505,40401,34904,3091,6562,283,16863,0,8,4362,1003,-4,-2,-320,-519,971,-1443,997,0
"2024-02-08",32,37844,40830,35261,3109,6562,126,16863,0,7,4572,1007,-4,0,-441,-483,969,-1451,998,0
"2024-02-08",33,38240,41294,35588,3164,6562,29,16863,0,6,4722,1887,-4,160,-452,-531,782,-1452,997,0
"2024-02-08",34,39132,42170,36400,3218,6562,0,16863,0,9,4884,2004,-4,171,-452,-531,776,-1427,997,0
"2024-02-08",35,40459,43174,37505,3306,6562,0,16863,0,6,4864,2002,-4,576,-451,-531,867,-1108,997,0
"2024-02-08",36,40496,43137,37599,3394,6562,0,16863,0,6,4793,2003,-4,627,-452,-531,870,-1038,997,0
"2024-02-08",37,40111,42354,37272,3489,6562,0,16863,0,6,4999,2002,-4,170,-452,-532,854,-649,998,0
"2024-02-08",38,39245,41410,36555,3584,6562,0,16863,0,8,5074,2002,-4,152,-451,-531,853,-571,998,0
"2024-02-08",39,38346,40137,35774,3658,6562,0,16863,0,13,5198,2001,-4,680,-452,-531,1014,-191,997,0
"2024-02-08",40,37177,38913,34711,3732,6562,0,16863,0,15,5261,2001,-4,706,-452,-530,1019,-135,997,0
"2024-02-08",41,35654,37209,33382,3781,6562,0,16863,0,16,5300,2000,-4,528,-451,-464,1019,-20,997,0
"2024-02-08",42,34190,35792,32067,3830,6562,0,16863,0,16,5618,2000,-4,526,-451,-525,1019,-6,997,0
"2024-02-08",43,32436,34062,30578,3843,6562,0,16863,0,16,5690,2001,-4,451,-452,-531,1000,-23,997,0
"2024-02-08",44,30670,32324,28979,3855,6562,0,16863,0,12,5754,2000,-4,439,-452,-531,999,-55,997,0
"2024-02-08",45,28684,30714,27230,3873,6562,0,16863,0,12,5764,1999,-4,141,-451,-531,897,-432,997,0
"2024-02-08",46,27147,29324,25762,3890,6562,0,16863,0,112,5695,2000,-4,139,-452,-531,893,-465,997,-13
"2024-02-08",47,25356,28595,24042,3872,6562,0,16863,0,792,5745,2001,-4,-102,-406,-490,996,-284,996,-561
"2024-02-08",48,24286,27944,23034,3853,6562,0,16866,0,1330,5491,2000,-4,-110,-351,-385,999,-284,996,-594
"2024-02-09",1,24058,27904,22871,3857,6562,0,16866,0,1381,5522,2000,-4,-114,-351,-477,999,-582,996,-337
"2024-02-09",2,24323,28215,23180,3861,6562,0,16866,0,1490,5497,1999,-4,-114,-351,-382,999,-644,996,-307
"2024-02-09",3,24117,27960,22998,3816,6562,0,16866,0,1623,5487,2000,-4,209,-351,-302,999,-963,997,116
"2024-02-09",4,23519,27673,22426,3771,6562,0,16866,0,1803,5466,1999,-4,229,-351,-364,999,-1032,997,143
"2024-02-09",5,23196,27742,22093,3741,6562,0,16866,0,1733,5616,1999,-4,454,-351,-454,999,-1404,996,2
"2024-02-09",6,23050,27705,21767,3711,6562,0,16866,0,1770,5492,1999,-4,464,-351,-479,999,-1451,997,0
"2024-02-09",7,22838,27498,21389,3664,6562,0,16866,0,1769,5516,1999,-4,228,-351,-485,999,-1451,997,129
"2024-02-09",8,22456,27100,21013,3616,6562,0,16866,0,1749,5505,1999,-4,218,-351,-507,999,-1433,996,143
"2024-02-09",9,22300,26571,20886,3576,6562,0,16866,0,1740,5509,1999,-4,123,-351,-383,999,-1193,997,12
"2024-02-09",10,22167,26367,20772,3535,6562,0,16866,0,1724,5559,1999,-4,119,-351,-389,999,-1132,997,0
"2024-02-09",11,22717,26623,21366,3487,6562,0,16866,0,1404,5583,1999,-4,-413,-351,-322,999,-741,996,-71
"2024-02-09",12,23574,27079,22181,3439,6562,0,16866,0,1009,5633,1974,-4,-471,-351,-373,999,-662,997,-35
"2024-02-09",13,26039,28453,24453,3420,6562,0,16866,0,82,5436,1057,-4,-542,-397,-508,999,-281,998,1026
"2024-02-09",14,28590,30899,26793,3400,6562,0,16866,0,26,5207,995,-4,-514,-452,-509,999,-204,998,1119
"2024-02-09",15,32074,33512,29950,3380,6562,0,16866,0,18,5287,995,-4,178,-428,-388,953,173,998,1031
"2024-02-09",16,33419,34952,31062,3359,6562,4,16866,0,14,5310,995,-4,198,-452,-463,951,250,998,1033
"2024-02-09",17,34668,36270,32143,3348,6562,103,16866,0,15,5335,994,-4,691,-452,-531,997,622,998,1385
"2024-02-09",18,34825,36427,32337,3336,6562,340,16866,0,15,5412,994,-4,716,-452,-531,999,697,998,1412
"2024-02-09",19,35223,36827,32651,3357,6562,566,16866,0,17,5511,994,-4,686,-452,-531,999,1071,998,1412
"2024-02-09",20,35378,36979,32767,3378,6562,852,16866,0,14,5106,994,-4,687,-452,-531,1000,1136,998,1412
"2024-02-09",21,35561,37166,32965,3384,6562,1149,16866,0,18,5191,994,-4,994,-452,-531,999,1368,998,1412
"2024-02-09",22,35404,37004,32802,3390,6562,1460,16866,0,13,5155,995,-4,1007,-452,-531,999,1397,998,1412
"2024-02-09",23,35078,36678,32492,3366,6562,1595,16866,0,13,4988,995,-4,1055,-452,-531,999,1397,998,1412
"2024-02-09",24,35040,36640,32452,3342,6562,1797,16866,0,13,5110,994,-4,1056,-452,-531,999,1397,998,1412
"2024-02-09",25,35395,36990,32747,3299,6562,1763,16866,0,8,5258,994,-4,1055,-452,-531,999,1397,998,1412
"2024-02-09",26,35328,36922,32608,3255,6562,1940,16866,0,7,5254,994,-4,1055,-452,-531,999,1397,998,1409
"2024-02-09",27,34918,36511,32188,3203,6562,1838,16866,0,7,5224,996,-4,908,-451,-531,866,1397,998,1256
"2024-02-09",28,34725,36321,32022,3150,6562,1499,16866,0,9,5148,995,-4,875,-452,-531,861,1397,999,1237
"2024-02-09",29,34146,35745,31483,3093,6562,1567,16866,0,12,5023,960,-4,418,-452,-531,832,1397,999,973
"2024-02-09",30,34091,35685,31454,3036,6562,1423,16866,0,8,4649,959,-4,402,-451,-531,830,1397,999,947
"2024-02-09",31,34003,36032,31346,2998,6562,1016,16866,0,9,4850,993,-4,-434,-451,-531,969,1397,999,684
"2024-02-09",32,34508,36605,31807,2959,6562,477,16866,0,12,4911,984,-4,-498,-452,-531,974,1397,998,669
"2024-02-09",33,35346,37712,32621,2893,6562,223,16866,0,9,5146,1434,-4,-770,-452,-531,738,1397,998,822
"2024-02-09",34,36324,38702,33484,2827,6562,36,16866,0,9,5123,1584,-4,-782,-452,-531,728,1397,997,844
"2024-02-09",35,37448,39441,34517,2788,6562,0,16866,0,6,5014,1783,-4,-400,-452,-531,348,1397,997,1185
"2024-02-09",36,38355,40293,35423,2748,6562,0,16866,0,9,5111,1793,-4,-342,-452,-531,333,1397,998,1209
"2024-02-09",37,38578,40171,35676,2718,6562,0,16866,0,6,4904,1623,-4,232,-452,-531,622,1397,998,1262
"2024-02-09",38,37749,39343,34889,2687,6562,0,16866,0,8,4911,1617,-4,255,-451,-531,633,1397,998,1260
"2024-02-09",39,36825,38416,34027,2657,6562,0,16866,0,4,4929,1801,-4,608,-452,-531,906,1397,998,954
"2024-02-09",40,35508,37106,32834,2627,6562,0,16866,0,11,5044,1817,-4,650,-452,-531,916,1397,998,931
"2024-02-09",41,34558,36130,32010,2590,6562,0,16866,0,10,4882,1921,-4,726,-427,-531,963,1397,997,974
"2024-02-09",42,33387,34910,30975,2553,6562,0,16866,0,11,4942,1929,-4,717,-377,-531,964,1397,997,980
"2024-02-09",43,31857,33332,29645,2517,6562,0,16866,0,12,5014,1981,-4,382,-328,-531,696,1398,997,1044
"2024-02-09",44,30425,31855,28374,2480,6562,0,16866,0,9,5080,1977,-4,368,-288,-529,686,1393,989,1053
"2024-02-09",45,28791,30004,26894,2439,6562,0,16866,0,7,5194,1769,-4,3,-172,-430,801,1333,719,1184
"2024-02-09",46,27327,28439,25478,2397,6562,0,16866,0,10,5020,1753,-4,0,-220,-278,805,1298,707,1184
"2024-02-09",47,25792,27227,23991,2352,6562,0,16866,0,246,4566,1686,-4,527,-322,-263,781,946,890,761
"2024-02-09",48,25032,26765,23297,2306,6562,0,16871,0,339,4519,1687,-4,615,-441,-349,779,931,903,732
"2024-02-10",1,25045,26922,23331,2234,6562,0,16871,0,340,4700,1872,-4,750,-451,-482,982,1305,954,732
"2024-02-10",2,25467,27339,23811,2162,6562,0,16871,0,343,4556,1886,-4,758,-451,-474,989,1355,958,740
"2024-02-10",3,24886,27033,23260,2081,6562,0,16871,0,566,4411,1964,-4,953,-451,-526,999,1393,993,981
"2024-02-10",4,24245,26460,22627,1999,6562,0,16871,0,629,4326,1969,-4,953,-451,-531,999,1399,996,1005
"2024-02-10",5,23702,25914,22122,1930,6562,0,16871,0,626,4206,1955,-4,929,-451,-531,999,1399,996,1312
"2024-02-10",6,23397,25612,21819,1861,6562,0,16871,0,629,4001,1955,-4,928,-451,-531,999,1399,996,1321
"2024-02-10",7,22773,24923,21188,1819,6562,0,16871,0,564,3863,1999,-4,1049,-451,-531,999,1399,996,877
"2024-02-10",8,22238,24444,20605,1777,6562,0,16871,0,620,3760,2001,-4,1053,-451,-531,999,1399,996,845
"2024-02-10",9,22000,24203,20328,1728,6562,0,16871,0,617,3656,2001,-4,1054,-451,-531,999,1399,997,885
"2024-02-10",10,21841,24025,20194,1679,6562,0,16871,0,620,3614,2001,-4,1046,-450,-510,999,1399,997,892
"2024-02-10",11,22130,24123,20416,1627,6562,0,16871,0,618,3496,2001,-4,1054,-390,-381,999,1399,997,892
"2024-02-10",12,22520,24266,20726,1574,6562,0,16871,0,377,3200,2001,-4,1044,-446,-319,999,1399,996,892
"2024-02-10",13,23585,25101,21648,1501,6562,0,16871,0,14,3100,1993,-4,327,-450,-448,988,1399,938,935
"2024-02-10",14,24938,26373,22794,1428,6562,0,16871,0,11,2703,1976,-4,266,-450,-370,969,1399,927,939
"2024-02-10",15,26103,27829,23813,1387,6562,0,16871,0,10,2961,1420,-4,-414,-450,-248,169,1399,674,831
"2024-02-10",16,26885,28635,24502,1346,6562,28,16871,0,14,2746,1399,-4,-452,-450,-230,120,1399,661,824
"2024-02-10",17,28554,29942,25953,1298,6562,395,16871,0,13,2480,1827,-4,161,-450,-321,285,1399,786,977
"2024-02-10",18,29272,30629,26496,1250,6562,1067,16871,0,13,2235,1861,-4,194,-427,-313,300,1399,799,997
"2024-02-10",19,30351,31876,27387,1212,6562,1685,16871,0,17,1726,1993,-4,1000,-450,-454,940,1399,986,1307
"2024-02-10",20,30364,31965,27288,1173,6562,2426,16871,0,16,1415,2000,-4,1053,-450,-531,973,1399,997,1327
"2024-02-10",21,30293,31890,27178,1157,6562,3076,16871,0,12,1282,1999,-4,1048,-450,-531,998,1399,997,1327
"2024-02-10",22,30156,31753,26987,1141,6562,3594,16871,0,12,1124,2000,-4,1053,-450,-531,999,1399,997,1327
"2024-02-10",23,30011,31608,26758,1126,6562,3682,16871,0,12,844,2000,-4,1050,-450,-531,1000,1399,997,1327
"2024-02-10",24,29970,31567,26711,1110,6562,3547,16871,0,12,699,1999,-4,1049,-450,-531,999,1399,997,1327
"2024-02-10",25,29958,31554,26672,1084,6562,3550,16871,0,11,612,1999,-4,1054,-450,-531,999,1399,997,1304
"2024-02-10",26,30041,31638,26751,1058,6562,3457,16871,0,12,700,1999,-4,1053,-450,-531,999,1399,997,1293
"2024-02-10",27,29928,31525,26614,1023,6562,3016,16871,0,12,590,2000,-4,1054,-450,-531,999,1399,997,963
"2024-02-10",28,30198,31795,26899,987,6562,2543,16871,0,12,551,2000,-4,1052,-450,-531,999,1399,997,940
"2024-02-10",29,30272,31866,27061,962,6562,1863,16871,0,9,523,1986,-4,819,-450,-531,923,1399,997,919
"2024-02-10",30,30386,31985,27133,937,6562,1563,16871,0,14,316,1985,-4,736,-450,-531,920,1399,997,914
"2024-02-10",31,30551,32247,27249,894,6562,1165,16871,0,12,335,2000,-4,-99,-450,-531,874,1399,997,806
"2024-02-10",32,30977,32679,27649,851,6562,802,16871,0,17,402,2000,-4,-100,-450,-531,872,1399,996,798
"2024-02-10",33,32175,33775,28802,828,6562,504,16871,0,15,563,2000,-4,281,-450,-531,1009,1399,997,902
"2024-02-10",34,33415,35013,29961,804,6562,145,16871,0,13,488,2000,-4,289,-450,-531,1019,1399,998,922
"2024-02-10",35,35211,36803,31560,798,6562,0,16871,0,7,526,2000,-4,829,-450,-531,1019,1399,998,1357
"2024-02-10",36,36283,37875,32555,792,6562,0,16871,0,7,726,2000,-4,873,-450,-531,1019,1399,997,1402
"2024-02-10",37,36397,37989,32696,765,6562,0,16871,0,7,520,2000,-4,1037,-450,-531,1019,1399,997,1402
"2024-02-10",38,35754,37348,32095,738,6562,0,16871,0,9,-59,1999,-4,1049,-450,-531,1019,1399,997,1402
"2024-02-10",39,34858,36459,31541,714,6562,0,16871,0,16,-16,2000,-4,1054,-450,-531,1019,1399,997,1402
"2024-02-10",40,33913,35511,30569,689,6562,0,16871,0,13,-299,1999,-4,1053,-450,-531,1019,1399,997,1402
"2024-02-10",41,32849,34437,29517,664,6562,0,16871,0,8,-568,1936,-4,1054,-451,-525,1019,1399,997,1402
"2024-02-10",42,31957,33430,28721,638,6562,0,16871,0,7,-541,1932,-4,1053,-435,-427,1019,1399,997,1402
"2024-02-10",43,30795,32309,27756,607,6562,0,16871,0,7,-640,1994,-4,1054,-450,-453,1001,1399,997,1402
"2024-02-10",44,29635,31120,26730,576,6562,0,16871,0,7,-680,1999,-4,1054,-451,-423,999,1399,997,1402
"2024-02-10",45,28292,29765,25503,546,6562,0,16871,0,3,-713,2000,-4,1045,-410,-456,999,1399,997,1402
"2024-02-10",46,27216,28667,24467,515,6562,0,16871,0,3,-738,2000,-4,1044,-450,-394,999,1399,998,1402
"2024-02-10",47,25785,27161,23182,499,6562,0,16871,0,3,-647,1999,-4,1052,-452,-317,999,1399,998,1381
"2024-02-10",48,24962,26403,22438,483,6562,0,16871,0,3,-507,1999,-4,1053,-452,-382,999,1399,997,1373
"2024-02-11",1,24741,26059,22290,471,6562,0,16871,0,3,-232,1999,-4,1054,-433,-278,999,1399,997,1012
"2024-02-11",2,25181,26331,22843,458,6562,0,16871,0,3,266,2000,-4,1054,-417,-126,999,1399,997,976
"2024-02-11",3,24793,25982,22450,453,6562,0,16871,0,4,294,2000,-4,1054,-450,-131,999,1399,997,814
"2024-02-11",4,24173,25521,21892,447,6562,0,16871,0,211,281,2000,-4,1054,-405,-128,999,1399,997,799
"2024-02-11",5,23643,25172,21409,446,6562,0,16871,0,294,-21,2000,-4,1054,-380,-251,999,1399,997,799
"2024-02-11",6,23176,24733,20947,445,6562,0,16871,0,345,-167,2000,-4,1053,-380,-228,999,1399,997,799
"2024-02-11",7,22734,24389,20502,468,6562,0,16871,0,350,-475,2000,-4,1054,-380,-321,999,1399,997,799
"2024-02-11",8,22264,24132,20042,491,6562,0,16871,0,630,-684,2000,-4,1053,-380,-254,999,1399,997,799
"2024-02-11",9,21787,23856,19601,507,6562,0,16871,0,908,-632,1999,-4,1053,-380,-177,999,1399,997,799
"2024-02-11",10,21550,23850,19370,523,6562,0,16871,0,1163,-636,2000,-4,1054,-380,-153,999,1399,997,799
"2024-02-11",11,21535,23754,19312,552,6562,0,16871,0,1188,-688,2000,-4,1053,-380,-47,999,1399,997,799
"2024-02-11",12,21583,23739,19367,581,6562,0,16871,0,1172,-771,1999,-4,1054,-380,0,999,1399,997,799
"2024-02-11",13,22328,24024,20031,584,6562,0,16871,0,712,-884,1999,-4,1054,-380,0,999,1399,997,799
"2024-02-11",14,22948,24565,20596,587,6562,0,16871,0,614,-915,1999,-4,1054,-380,-19,999,1399,997,802
"2024-02-11",15,23921,25662,21405,610,6562,0,16871,0,615,-994,2000,-4,1054,-380,-142,999,1399,997,1062
"2024-02-11",16,24834,26551,22212,633,6562,20,16871,0,606,-718,2000,-4,1054,-380,-127,999,1399,997,1092
"2024-02-11",17,26387,27688,23694,659,6562,221,16871,0,96,-579,2000,-4,1054,-375,-226,999,1399,997,1376
"2024-02-11",18,27499,28570,24697,685,6562,605,16871,0,13,-628,1999,-4,1053,-304,-150,999,1399,997,1401
"2024-02-11",19,28451,29240,25510,737,6562,1464,16871,0,13,-362,1999,-4,1053,-154,-18,999,1399,997,1339
"2024-02-11",20,28982,29711,25912,789,6562,2438,16871,0,13,-373,1999,-4,1054,-112,0,999,1399,996,1322
"2024-02-11",21,29062,29761,25943,874,6562,3100,16871,0,13,-235,2000,-4,1054,-82,0,999,1399,996,907
"2024-02-11",22,29114,29751,25942,959,6562,3460,16871,0,13,-234,2000,-4,1053,-20,0,1000,1399,996,866
"2024-02-11",23,28977,29594,25796,1063,6562,3751,16871,0,13,-300,2000,-4,1053,21,0,999,1399,997,802
"2024-02-11",24,29197,29814,26001,1166,6562,3886,16871,0,13,-291,1999,-4,1054,109,0,999,1399,997,796
"2024-02-11",25,29361,29978,26117,1255,6562,3848,16871,0,13,-373,2000,-4,1053,143,0,999,1399,997,797
"2024-02-11",26,29358,29974,26152,1343,6562,3491,16871,0,12,-422,1999,-4,1053,73,0,999,1399,997,797
"2024-02-11",27,29159,29836,26032,1427,6562,3836,16871,0,9,-613,2000,-4,1053,-44,-20,999,1398,997,797
"2024-02-11",28,29339,30018,26170,1511,6562,3339,16871,0,10,-679,1999,-4,1054,-65,0,999,1398,997,795
"2024-02-11",29,29720,30404,26644,1552,6562,2916,16871,0,9,-447,2000,-4,759,-71,0,999,1398,997,709
"2024-02-11",30,30154,30946,27062,1593,6562,2551,16871,0,13,-412,2000,-4,675,-175,0,999,1389,997,701
"2024-02-11",31,30209,31080,27172,1505,6562,2052,16871,0,14,-256,2000,-4,-117,-136,10,1000,1249,997,744
"2024-02-11",32,31490,32511,28480,1416,6562,1452,16871,0,18,-248,1999,-4,-140,-259,0,999,1237,997,749
"2024-02-11",33,32944,33912,29881,1379,6562,529,16871,0,19,83,1999,-4,-7,-338,0,1007,1377,997,772
"2024-02-11",34,34179,35134,31156,1342,6562,119,16871,0,21,324,1999,-4,0,-270,-60,1008,1398,997,772
"2024-02-11",35,35650,36849,32432,1339,6562,0,16871,0,12,684,1999,-4,0,-372,-211,1017,1398,997,772
"2024-02-11",36,36599,37920,33337,1335,6562,0,16871,0,11,839,2000,-4,0,-344,-362,1018,1398,998,772
"2024-02-11",37,36700,38191,33522,1368,6562,0,16871,0,9,863,1999,-4,388,-376,-502,1019,1398,998,772
"2024-02-11",38,35581,37145,32426,1400,6562,0,16871,0,13,753,2000,-4,456,-416,-531,1019,1398,998,772
"2024-02-11",39,34396,35963,31295,1409,6562,0,16871,0,19,521,2000,-4,484,-413,-531,931,1398,998,772
"2024-02-11",40,33567,35141,30560,1417,6562,0,16871,0,10,431,1994,-4,486,-442,-518,924,1398,997,772
"2024-02-11",41,32652,34009,29755,1428,6562,0,16871,0,7,531,1637,-4,404,-331,-415,749,1398,949,772
"2024-02-11",42,31716,33097,29051,1438,6562,0,16871,0,7,837,1607,-4,398,-288,-482,736,1389,944,772
"2024-02-11",43,30600,32099,28097,1450,6562,0,16871,0,6,1108,1785,-4,254,-358,-531,551,1237,930,754
"2024-02-11",44,29143,30625,26786,1462,6562,0,16871,0,9,1294,1797,-4,243,-352,-517,538,1195,924,748
"2024-02-11",45,27626,28850,25401,1481,6562,0,16871,0,8,1637,1452,-4,9,-203,-409,282,881,668,769
"2024-02-11",46,26011,27306,23868,1499,6562,0,16871,0,10,1921,1427,-4,0,-203,-478,263,858,646,771
"2024-02-11",47,24692,25933,22680,1435,6562,0,16871,0,15,2159,1643,-4,259,-156,-466,614,1229,724,663
"2024-02-11",48,24108,25193,22159,1371,6562,0,16874,0,17,2145,1667,-4,294,-148,-316,639,1290,734,652
"2024-02-12",1,24338,25856,22411,1387,6562,0,16874,0,464,2080,1813,-4,663,-286,-164,803,1384,886,629
"2024-02-12",2,24815,26380,22926,1402,6562,0,16874,0,576,2179,1826,-4,693,-359,-26,814,1399,900,629
"2024-02-12",3,24395,26342,22595,1420,6562,0,16874,0,984,2442,1899,-4,801,-359,0,801,1399,900,629
"2024-02-12",4,23928,26249,22170,1438,6562,0,16874,0,1357,2528,1903,-4,812,-359,-1,799,1399,900,629
"2024-02-12",5,23569,26041,21835,1467,6562,0,16874,0,1457,2505,1733,-4,451,-359,-52,789,1399,900,629
"2024-02-12",6,23241,25700,21464,1495,6562,0,16874,0,1450,2396,1713,-4,443,-359,-46,787,1398,898,627
"2024-02-12",7,22658,25064,20880,1526,6562,0,16874,0,1437,2309,1525,-4,415,-359,-6,522,1399,784,520
"2024-02-12",8,22222,24632,20536,1556,6562,0,16874,0,1413,2365,1504,-4,413,-359,-34,503,1387,765,507
"2024-02-12",9,21850,23747,20224,1596,6562,0,16874,0,922,2455,1390,-4,189,-359,-12,295,1218,267,357
"2024-02-12",10,21953,23748,20349,1636,6562,0,16874,0,778,2910,1289,-4,167,-304,-109,280,1187,218,341
"2024-02-12",11,22453,23978,20794,1695,6562,0,16874,0,104,3337,-258,-4,-189,-165,-24,-86,1103,-95,256
"2024-02-12",12,23771,25380,21991,1754,6562,0,16874,0,8,3523,-517,-4,-196,-48,0,-112,1068,-124,243
"2024-02-12",13,26129,28408,24244,1751,6562,0,16874,0,8,3728,-633,-4,-414,-119,0,-286,697,-146,-69
"2024-02-12",14,28655,30935,26566,1747,6562,0,16874,0,8,3725,-646,-4,-433,-37,-15,-298,664,-147,-92
"2024-02-12",15,31094,34356,28745,1775,6562,0,16874,0,5,3892,-635,-4,-901,-148,-120,-731,1036,-118,144
"2024-02-12",16,32180,35568,29763,1803,6562,73,16874,0,10,3743,-623,-4,-939,-300,-40,-762,1107,-110,171
"2024-02-12",17,33726,36377,31132,1863,6562,692,16874,0,8,3428,73,-4,-673,-432,-49,-885,1360,256,300
"2024-02-12",18,34134,36692,31457,1923,6562,1967,16874,0,8,3801,163,-4,-607,-450,-2,-887,1397,285,310
"2024-02-12",19,34351,35599,31486,2042,6562,3215,16874,0,11,3393,578,-4,114,-450,-42,-141,1368,82,161
"2024-02-12",20,33230,34526,30462,2161,6562,4477,16874,0,8,3519,612,-4,136,-450,-152,-82,1340,63,144
"2024-02-12",21,31927,33294,29196,2325,6562,5406,16874,0,8,3416,62,-4,-119,-368,-60,-187,970,-21,122
"2024-02-12",22,30814,32126,28144,2489,6562,6303,16874,0,9,3781,15,-4,-137,-218,-117,-196,892,-31,118
"2024-02-12",23,29817,31541,27232,2615,6562,7099,16874,0,9,4289,-493,-4,-168,-74,-26,-304,521,-46,2
"2024-02-12",24,29205,30898,26701,2741,6562,7482,16874,0,8,4516,-547,-4,-174,63,0,-312,460,-48,0
"2024-02-12",25,28683,30723,26299,2845,6562,7570,16874,0,7,4735,-45,-4,-560,207,52,-508,365,-77,-239
"2024-02-12",26,28465,30537,26079,2949,6562,7545,16874,0,8,4949,-18,-4,-569,330,12,-522,340,-85,-266
"2024-02-12",27,28427,30634,26126,3004,6562,7186,16874,0,9,4969,60,-4,-510,248,0,-465,171,-353,-266
"2024-02-12",28,28509,30737,26223,3059,6562,6565,16874,0,8,5158,108,-4,-505,321,0,-461,140,-377,-273
"2024-02-12",29,28908,31366,26713,3048,6562,5837,16874,0,8,5628,136,-4,-210,386,0,-461,55,-420,-755
"2024-02-12",30,29411,31876,27201,3036,6562,4864,16874,0,11,5604,138,-4,-166,291,26,-459,40,-423,-802
"2024-02-12",31,30565,32513,28288,2903,6562,3896,16874,0,12,5757,71,-4,-263,374,161,123,2,-396,-673
"2024-02-12",32,31741,33678,29472,2769,6562,2570,16874,0,13,5720,73,-4,-274,400,210,166,4,-386,-660
"2024-02-12",33,33043,35102,30710,2796,6562,1227,16874,0,18,5704,486,-4,-521,374,84,-138,144,59,-778
"2024-02-12",34,34450,36568,32084,2823,6562,246,16874,0,10,5953,520,-4,-555,237,132,-159,187,98,-790
"2024-02-12",35,36158,38122,33644,2896,6562,1,16874,0,7,5841,292,-4,-223,88,31,-340,557,23,-790
"2024-02-12",36,37521,39519,34957,2969,6562,0,16874,0,5,5696,267,-4,-170,-20,-60,-353,618,19,-786
"2024-02-12",37,38073,39475,35455,3038,6562,0,16874,0,5,5327,208,-4,87,-154,-211,-23,705,19,-405
"2024-02-12",38,37490,39109,34911,3107,6562,0,16874,0,11,5022,204,-4,103,-283,-358,0,724,19,-363
"2024-02-12",39,36916,38266,34453,3144,6562,0,16874,0,21,5221,296,-4,6,-223,-376,0,820,22,-126
"2024-02-12",40,35616,37155,33216,3181,6562,0,16874,0,18,5499,296,-4,0,-330,-493,0,836,22,-94
"2024-02-12",41,34130,36206,31874,3164,6562,0,16874,0,7,5578,-222,-4,0,-395,-426,-422,862,69,303
"2024-02-12",42,32663,34879,30617,3147,6562,0,16874,0,9,5613,-290,-4,0,-424,-437,-452,843,73,341
"2024-02-12",43,31102,33524,29159,3125,6562,0,16874,0,11,5418,-323,-4,-95,-450,-338,-593,473,-8,341
"2024-02-12",44,29656,32183,27841,3102,6562,0,16874,0,12,5590,-334,-4,-104,-451,-402,-603,396,-17,341
"2024-02-12",45,27868,30620,26194,3079,6562,0,16874,0,15,5722,-743,-4,-113,-404,-300,-474,48,-99,256
"2024-02-12",46,25963,28793,24418,3055,6562,0,16874,0,38,5794,-763,-4,-114,-397,-359,-457,13,-98,243
"2024-02-12",47,24241,26256,22839,3068,6562,0,16874,0,710,5508,185,-4,131,-358,-343,321,290,342,26
"2024-02-12",48,23346,25628,22033,3081,6562,0,16877,0,973,5284,295,-4,173,-358,-347,386,335,380,0
"2024-02-13",1,23280,25899,21950,2978,6562,0,16877,0,1190,5190,211,-4,465,-358,-467,363,404,403,111
"2024-02-13",2,23463,25958,22035,2875,6562,0,16877,0,1147,4874,209,-4,508,-358,-386,362,419,406,121
"2024-02-13",3,23629,26296,22171,2769,6562,0,16877,0,1225,4632,672,-4,664,-358,-480,493,492,405,250
"2024-02-13",4,23261,26255,21840,2663,6562,0,16877,0,1501,4756,717,-4,676,-358,-531,502,501,404,264
"2024-02-13",5,22959,25887,21641,2595,6562,0,16877,0,1435,4782,1048,-4,825,-358,-531,517,485,289,311
"2024-02-13",6,22280,25268,20964,2526,6562,0,16877,0,1495,4656,1072,-4,831,-358,-531,518,484,279,322
"2024-02-13",7,22059,25019,20759,2423,6562,0,16877,0,1467,4694,854,-4,685,-358,-531,554,500,277,322
"2024-02-13",8,21992,24936,20740,2319,6562,0,16877,0,1451,4916,830,-4,674,-358,-531,556,488,276,320
"2024-02-13",9,21740,24368,20537,2257,6562,0,16877,0,1176,4974,570,-4,667,-358,-490,468,263,238,202
"2024-02-13",10,21939,24067,20680,2195,6562,0,16877,0,815,4761,538,-4,666,-358,-351,461,241,228,190
"2024-02-13",11,22406,24291,21063,2155,6562,0,16877,0,374,4776,-274,-4,430,-324,-198,272,420,-111,148
"2024-02-13",12,23693,25324,22258,2115,6562,0,16877,0,20,4689,-370,-4,411,-337,-154,258,424,-146,144
"2024-02-13",13,26290,29134,24638,2082,6562,0,16877,0,16,4740,-1010,-4,348,-445,-303,-67,50,-399,165
"2024-02-13",14,28638,31651,26741,2049,6562,0,16877,0,38,4548,-1058,-4,343,-450,-352,-91,-2,-418,170
"2024-02-13",15,30932,33540,28735,2020,6562,0,16877,0,73,4443,-504,-4,223,-440,-418,-341,53,-228,276
"2024-02-13",16,32114,34428,29833,1990,6562,25,16877,0,23,4550,-410,-4,221,-344,-382,-350,84,-201,295
"2024-02-13",17,34435,35974,31883,1988,6562,198,16877,0,14,4045,786,-4,810,-427,-494,439,455,420,807
"2024-02-13",18,35304,36903,32638,1985,6562,453,16877,0,15,3691,959,-3,861,-450,-531,506,511,480,862
"2024-02-13",19,36523,38115,33775,1974,6562,770,16877,0,8,3376,1714,-3,1031,-450,-531,906,511,790,1319
"2024-02-13",20,36616,38209,33851,1962,6562,1094,16877,0,9,3252,1789,-3,1053,-450,-531,935,517,819,1361
"2024-02-13",21,36724,38313,34006,2000,6562,1306,16877,0,5,2964,1986,-3,1053,-450,-531,875,604,900,1403
"2024-02-13",22,36553,38146,33913,2038,6562,1562,16877,0,9,3004,2004,-3,1052,-450,-531,870,640,909,1405
"2024-02-13",23,36883,38478,34237,2065,6562,1830,16877,0,11,3059,2003,-3,1053,-450,-531,991,1011,990,1078
"2024-02-13",24,36788,38381,34104,2092,6562,1868,16877,0,9,3062,2002,-3,1052,-450,-531,999,1083,997,1044
"2024-02-13",25,36829,38421,34203,2062,6562,2022,16877,0,8,3141,2002,-3,1052,-450,-531,999,1356,997,893
"2024-02-13",26,36665,38257,34042,2032,6562,1717,16877,0,8,3105,2002,-3,1053,-450,-531,999,1397,997,885
"2024-02-13",27,36629,38219,34027,1951,6562,1594,16877,0,6,3014,2002,-3,1052,-450,-531,999,1397,997,1323
"2024-02-13",28,36378,37969,33772,1870,6562,1429,16877,0,7,2798,2001,-3,1053,-450,-531,999,1383,997,1365
"2024-02-13",29,36619,38209,33989,1799,6562,1149,16877,0,6,2754,1988,-3,953,-450,-531,973,1149,997,1191
"2024-02-13",30,36783,38381,34033,1727,6562,960,16877,0,14,2302,1988,-3,949,-450,-531,971,1091,996,1165
"2024-02-13",31,36844,38445,33967,1709,6562,676,16877,0,17,2136,2000,-3,754,-450,-531,997,721,977,578
"2024-02-13",32,37108,38715,34134,1690,6562,393,16877,0,23,1804,2001,-3,738,-450,-531,999,647,975,516
"2024-02-13",33,37325,38924,34248,1710,6562,140,16877,0,15,1622,2001,-3,895,-450,-531,788,352,975,34
"2024-02-13",34,38243,39838,35002,1730,6562,29,16877,0,11,1423,1999,-3,910,-450,-531,772,332,974,0
"2024-02-13",35,39101,40692,35605,1723,6562,0,16877,0,7,1170,1847,-3,653,-450,-531,457,703,972,258
"2024-02-13",36,39536,41126,35872,1716,6562,0,16877,0,6,1184,1833,-3,648,-450,-531,434,781,971,291
"2024-02-13",37,39573,41163,35850,1717,6562,0,16877,0,6,938,1692,-3,1023,-450,-531,659,1152,972,421
"2024-02-13",38,39170,40763,35458,1717,6562,0,16877,0,9,1054,1682,-3,1053,-450,-531,676,1202,971,446
"2024-02-13",39,38404,40010,34743,1698,6562,0,16877,0,22,1073,1931,-3,1052,-450,-531,951,1115,893,1238
"2024-02-13",40,37451,39058,33861,1679,6562,0,16877,0,23,936,1951,-3,1053,-450,-531,971,1105,887,1312
"2024-02-13",41,36142,37738,32630,1664,6562,0,16877,0,12,900,1974,-3,1053,-450,-531,1016,1155,930,1397
"2024-02-13",42,34926,36519,31585,1648,6562,0,16877,0,9,799,1976,-3,1053,-450,-531,1019,1175,934,1406
"2024-02-13",43,33284,34874,30092,1628,6562,0,16877,0,6,742,1999,-3,1034,-450,-531,1001,1370,942,1406
"2024-02-13",44,31483,33074,28447,1608,6562,0,16877,0,7,793,2000,-3,1033,-450,-531,999,1390,943,1403
"2024-02-13",45,29676,31267,26850,1590,6562,0,16877,0,7,666,2000,-3,1051,-450,-531,999,1257,968,1123
"2024-02-13",46,27975,29568,25324,1571,6562,0,16877,0,9,634,2000,-3,1053,-450,-531,999,1246,971,1090
"2024-02-13",47,26128,27598,23604,1523,6562,0,16877,0,12,452,1999,-3,1006,-387,-468,999,1379,993,828
"2024-02-13",48,24960,26254,22553,1474,6562,0,16880,0,92,566,1999,-3,1004,-282,-317,999,1399,996,804
"2024-02-14",1,24683,25956,22302,1473,6562,0,16880,0,41,352,1998,-4,1003,-399,-229,999,1399,996,804
"2024-02-14",2,25058,26224,22705,1472,6562,0,16880,0,17,197,1999,-4,1004,-450,-95,999,1399,996,804
"2024-02-14",3,24681,26044,22354,1469,6562,0,16880,0,257,57,1999,-4,1004,-422,-80,999,1399,996,804
"2024-02-14",4,24136,25866,21840,1465,6562,0,16880,0,445,74,2000,-4,1003,-450,-231,999,1399,996,804
"2024-02-14",5,23682,25789,21442,1460,6562,0,16880,0,809,-245,1999,-4,1004,-450,-244,999,1399,995,804
"2024-02-14",6,23270,25581,21024,1455,6562,0,16880,0,1132,-332,1999,-4,1004,-450,-125,999,1399,995,804
"2024-02-14",7,22697,25370,20466,1474,6562,0,16880,0,1513,-335,1998,-4,1004,-450,-106,999,1399,996,804
"2024-02-14",8,22298,24914,20076,1493,6562,0,16880,0,1511,-424,1999,-4,1004,-450,-51,999,1399,996,801
"2024-02-14",9,22068,24661,19850,1517,6562,0,16880,0,1506,-480,1999,-4,1004,-445,-38,999,1398,996,583
"2024-02-14",10,22065,24638,19848,1540,6562,0,16880,0,1500,-458,1993,-4,1002,-339,-130,999,1398,995,555
"2024-02-14",11,22272,24313,20044,1570,6562,0,16880,0,1214,-49,1620,-4,482,-193,-30,755,1398,938,45
"2024-02-14",12,23316,24644,21026,1599,6562,0,16880,0,534,-96,1577,-4,432,-176,-14,735,1375,932,0
"2024-02-14",13,25321,26027,22838,1606,6562,0,16880,0,55,133,914,-4,9,-47,0,138,1004,844,57
"2024-02-14",14,27527,28345,24859,1612,6562,0,16880,0,214,-144,850,-4,0,16,0,93,951,838,74
"2024-02-14",15,30236,30907,27177,1632,6562,0,16880,0,67,-341,627,-4,252,0,0,584,975,894,158
"2024-02-14",16,31264,31910,28078,1651,6562,5,16880,0,28,-304,645,-4,286,0,-14,620,974,901,175
"2024-02-14",17,33184,34019,29815,1669,6562,106,16880,0,48,-702,1867,-3,603,-63,-121,973,899,988,679
"2024-02-14",18,34258,35158,30787,1686,6562,284,16880,0,17,-941,2003,-3,653,-215,-65,999,911,996,725
"2024-02-14",19,34985,36142,31409,1725,6562,417,16880,0,15,-1359,2002,-3,956,-366,-173,999,1281,996,769
"2024-02-14",20,35255,36570,31695,1764,6562,681,16880,0,12,-1460,2002,-3,1003,-451,-249,999,1339,996,773
"2024-02-14",21,35224,36554,31680,1777,6562,927,16880,0,12,-1534,2002,-3,1003,-451,-264,999,1390,996,773
"2024-02-14",22,35169,36520,31618,1789,6562,1229,16880,0,8,-1575,2001,-3,1004,-451,-289,999,1397,997,772
"2024-02-14",23,35553,36846,31975,1807,6562,1416,16880,0,4,-1693,2001,-3,986,-451,-235,999,1397,996,644
"2024-02-14",24,35408,36725,31803,1824,6562,1721,16880,0,4,-1724,2001,-3,986,-451,-259,999,1397,997,629
"2024-02-14",25,35494,36815,31871,1825,6562,1830,16880,0,4,-1762,2001,-3,956,-451,-263,953,1397,997,649
"2024-02-14",26,35332,36707,31636,1825,6562,1708,16880,0,4,-2036,1998,-3,954,-451,-317,949,1397,996,644
"2024-02-14",27,34747,36089,31054,1802,6562,1639,16880,0,6,-1860,1897,-3,844,-451,-282,892,1397,997,52
"2024-02-14",28,34843,36235,31239,1779,6562,1324,16880,0,5,-1814,1888,-3,836,-448,-336,887,1374,997,0
"2024-02-14",29,34458,35906,30906,1736,6562,1300,16880,0,8,-1565,1974,-3,572,-372,-368,485,1004,997,-97
"2024-02-14",30,34456,36136,30980,1692,6562,1077,16880,0,7,-1663,1982,-3,546,-443,-505,456,947,997,-122
"2024-02-14",31,34547,36570,31084,1634,6562,881,16880,0,11,-1652,2000,-3,9,-429,-531,879,929,996,-449
"2024-02-14",32,35006,37072,31536,1575,6562,416,16880,0,13,-1595,2001,-3,0,-437,-531,910,904,997,-482
"2024-02-14",33,35544,37622,31984,1522,6562,186,16880,0,7,-1416,2002,-3,94,-315,-531,826,550,997,-622
"2024-02-14",34,36265,38297,32591,1468,6562,37,16880,0,9,-1154,2001,-4,102,-257,-531,819,520,996,-631
"2024-02-14",35,37305,39023,33462,1449,6562,0,16880,0,5,-755,2002,-3,-112,-232,-531,373,891,997,-235
"2024-02-14",36,37976,39683,34204,1429,6562,0,16880,0,6,-540,2001,-3,-129,-249,-531,340,957,996,-189
"2024-02-14",37,38483,39887,34718,1430,6562,0,16880,0,4,-515,1860,-3,336,-266,-531,356,1130,977,252
"2024-02-14",38,37943,39308,34239,1430,6562,0,16880,0,8,-311,1851,-3,398,-223,-531,358,1167,976,299
"2024-02-14",39,37352,38608,33809,1431,6562,0,16880,0,14,-313,1938,-3,919,-124,-515,813,1338,990,694
"2024-02-14",40,36149,37407,32777,1432,6562,0,16880,0,8,-81,1946,-3,962,-117,-530,846,1348,992,730
"2024-02-14",41,34829,36066,31612,1442,6562,0,16880,0,8,69,1997,-3,983,-178,-448,1008,1097,993,709
"2024-02-14",42,33254,34450,30205,1452,6562,0,16880,0,9,336,2001,-3,985,-221,-363,1019,1077,994,707
"2024-02-14",43,31653,32760,28794,1472,6562,0,16880,0,7,459,2001,-4,954,-226,-270,934,1356,997,706
"2024-02-14",44,29997,30959,27372,1491,6562,0,16880,0,16,695,2001,-4,952,-224,-118,928,1391,996,704
"2024-02-14",45,28326,29161,25833,1507,6562,0,16880,0,14,918,2001,-4,956,-212,-5,989,1282,996,598
"2024-02-14",46,26769,27525,24419,1522,6562,0,16880,0,19,1165,1997,-4,956,-133,0,994,1273,997,588
"2024-02-14",47,25162,26207,22932,1575,6562,0,16880,0,230,1359,1547,-4,971,-150,-61,772,1382,996,652
"2024-02-14",48,24166,25654,22003,1628,6562,0,16884,0,420,1397,1518,-4,969,-290,-174,755,1399,996,659
"2024-02-15",1,24025,26287,21901,1682,6562,0,16884,0,943,1378,1913,-4,723,-396,-319,847,1399,996,702
"2024-02-15",2,24332,26975,22230,1736,6562,0,16884,0,1188,1491,1951,-4,715,-401,-450,853,1389,996,685
"2024-02-15",3,23935,26874,21845,1790,6562,0,16884,0,1178,1649,1950,-4,422,-400,-484,835,1230,996,-273
"2024-02-15",4,23406,26435,21377,1843,6562,0,16884,0,1171,1907,1950,-4,416,-401,-484,833,1183,997,-369
"2024-02-15",5,22851,25699,20863,1895,6562,0,16884,0,1161,2020,1951,-4,341,-400,-531,842,813,997,-152
"2024-02-15",6,22444,25300,20439,1947,6562,0,16884,0,1187,2066,1951,-4,332,-401,-531,842,749,996,-133
"2024-02-15",7,22124,25337,20171,1978,6562,0,16884,0,1204,2217,1997,-4,-146,-400,-531,806,612,997,-328
"2024-02-15",8,21835,25041,19904,2008,6562,0,16884,0,1148,2356,2000,-4,-171,-401,-531,803,579,996,-351
"2024-02-15",9,21293,24894,19433,2037,6562,0,16884,0,1141,2514,1863,-4,-358,-400,-531,849,377,996,-567
"2024-02-15",10,20967,24453,19130,2065,6562,0,16884,0,999,2437,1854,-4,-366,-400,-531,852,328,997,-586
"2024-02-15",11,21265,24599,19440,2069,6562,0,16884,0,388,2428,1957,-4,-890,-401,-465,503,39,996,-586
"2024-02-15",12,22114,25407,20257,2073,6562,0,16884,0,333,2355,1956,-4,-933,-401,-430,478,-5,996,-587
"2024-02-15",13,24238,27233,22190,2054,6562,0,16884,0,62,2215,1045,-4,-1011,-346,-293,201,-6,997,-673
"2024-02-15",14,26327,29205,24063,2034,6562,0,16884,0,21,2132,957,-4,-1014,-293,-266,181,-5,997,-675
"2024-02-15",15,28989,31489,26403,2019,6562,0,16884,0,21,1423,1438,-4,-834,-425,-417,470,-5,996,-194
"2024-02-15",16,30221,32720,27470,2003,6562,21,16884,0,13,1096,1500,-4,-756,-450,-526,490,-5,996,-145
"2024-02-15",17,31831,33523,28928,1992,6562,239,16884,0,93,784,1500,-4,271,-450,-531,869,-5,996,-9
"2024-02-15",18,32480,34113,29521,1980,6562,604,16884,0,48,621,1500,-4,320,-450,-531,896,7,997,0
"2024-02-15",19,33002,34598,29928,1999,6562,1077,16884,0,11,371,1501,-4,546,-450,-531,922,199,997,170
"2024-02-15",20,32680,34277,29557,2018,6562,1519,16884,0,11,190,1501,-4,575,-451,-531,924,235,997,192
"2024-02-15",21,32416,34014,29238,2005,6562,1955,16884,0,12,128,1501,-4,363,-451,-531,994,363,997,192
"2024-02-15",22,31926,33619,28742,1991,6562,2633,16884,0,107,185,1500,-4,346,-451,-531,999,403,997,196
"2024-02-15",23,31687,33285,28448,1960,6562,2924,16884,0,12,85,1452,-4,574,-451,-531,999,726,997,348
"2024-02-15",24,31255,32853,28013,1928,6562,3258,16884,0,12,55,1448,-4,605,-451,-531,999,784,997,363
"2024-02-15",25,31187,32786,27917,1893,6562,3286,16884,0,13,17,1497,-4,578,-451,-531,999,957,997,555
"2024-02-15",26,30898,32496,27652,1857,6562,3493,16884,0,12,-138,1501,-4,576,-451,-531,999,1003,997,568
"2024-02-15",27,31024,32623,27802,1785,6562,3350,16884,0,12,-270,1501,-4,236,-452,-531,999,1324,997,176
"2024-02-15",28,31139,32737,27929,1713,6562,2895,16884,0,12,-347,1501,-4,194,-451,-531,999,1367,997,131
"2024-02-15",29,31426,33488,28258,1603,6562,2124,16884,0,11,-340,1492,-4,-214,-451,-531,999,1285,997,-251
"2024-02-15",30,31970,34078,28802,1493,6562,1600,16884,0,11,-431,1475,-4,-217,-452,-531,999,1250,997,-293
"2024-02-15",31,32166,34396,28984,1383,6562,1133,16884,0,3,-98,579,-4,215,-451,-531,758,880,999,-641
"2024-02-15",32,32778,35042,29584,1272,6562,547,16884,0,7,-101,556,-4,251,-449,-531,740,812,999,-673
"2024-02-15",33,33753,36015,30599,1195,6562,243,16884,0,8,-173,1868,-3,8,-447,-531,836,602,997,-673
"2024-02-15",34,34823,37072,31618,1117,6562,51,16884,0,5,-97,2002,-3,0,-451,-531,842,594,997,-659
"2024-02-15",35,36191,37781,32853,1083,6562,0,16884,0,5,-174,2001,-3,193,-451,-531,983,966,997,225
"2024-02-15",36,37019,38611,33605,1048,6562,0,16884,0,7,376,2001,-3,221,-451,-531,993,1035,997,312
"2024-02-15",37,37399,38989,34044,1024,6562,0,16884,0,5,292,2001,-3,886,-451,-531,1016,1266,997,680
"2024-02-15",38,36926,38518,33639,1000,6562,0,16884,0,7,255,2001,-3,943,-451,-531,1018,1306,997,714
"2024-02-15",39,36378,37976,33232,978,6562,0,16884,0,13,661,2000,-3,999,-451,-531,1019,1385,997,777
"2024-02-15",40,35579,37155,32527,955,6562,0,16884,0,7,613,2000,-3,1003,-451,-515,1019,1397,997,785
"2024-02-15",41,34197,35680,31265,938,6562,0,16884,0,7,672,2000,-3,1002,-446,-427,1019,1397,997,785
"2024-02-15",42,32892,34256,30114,921,6562,0,16884,0,7,789,2000,-3,1003,-451,-303,1019,1398,997,785
"2024-02-15",43,31406,32636,28772,931,6562,0,16884,0,8,1034,2001,-4,1003,-452,-166,1001,1398,997,785
"2024-02-15",44,29620,30776,27115,940,6562,0,16884,0,13,1184,2001,-4,1003,-442,-97,999,1398,997,785
"2024-02-15",45,28130,29071,25816,952,6562,0,16884,0,12,1419,2001,-3,1003,-323,-3,999,1398,997,785
"2024-02-15",46,26719,27508,24498,964,6562,0,16884,0,12,1525,2001,-4,1003,-173,0,999,1398,997,789
"2024-02-15",47,25297,26121,23197,985,6562,0,16884,0,11,1475,2001,-4,1051,-149,-60,999,1398,997,1093
"2024-02-15",48,24650,25771,22591,1006,6562,0,16887,0,12,1485,2001,-4,1055,-300,-205,999,1398,997,1120
"2024-02-16",1,24270,25467,22204,1028,6562,0,16887,0,10,1504,2000,-4,1055,-430,-153,999,1398,997,828
"2024-02-16",2,24415,25438,22361,1049,6562,0,16887,0,12,1513,1998,-4,1056,-388,-19,999,1398,997,797
"2024-02-16",3,24040,25097,22037,1064,6562,0,16887,0,15,1453,1889,-4,921,-409,-29,999,1398,997,685
"2024-02-16",4,23423,24476,21475,1078,6562,0,16887,0,43,1537,1881,-4,912,-406,0,999,1398,997,666
"2024-02-16",5,22915,24386,21025,1092,6562,0,16887,0,543,1583,1971,-4,752,-324,0,999,1398,996,473
"2024-02-16",6,22490,24201,20597,1106,6562,0,16887,0,798,1590,1979,-4,739,-309,0,999,1399,996,457
"2024-02-16",7,22079,24195,20218,1122,6562,0,16887,0,1164,1645,1999,-4,737,-348,0,999,1398,997,783
"2024-02-16",8,21640,23766,19779,1138,6562,0,16887,0,1182,1659,2001,-4,737,-340,0,999,1398,997,813
"2024-02-16",9,21471,23531,19617,1150,6562,0,16887,0,1167,1563,2001,-4,539,-289,0,999,1398,997,641
"2024-02-16",10,21497,23561,19654,1162,6562,0,16887,0,1163,1474,2001,-4,516,-297,0,999,1393,997,626
"2024-02-16",11,21869,23427,19959,1188,6562,0,16887,0,742,1494,2001,-4,111,-212,0,999,1310,997,909
"2024-02-16",12,22545,23869,20558,1214,6562,0,16887,0,481,1392,2001,-4,103,-239,0,999,1303,996,940
"2024-02-16",13,24671,25530,22539,1214,6562,0,16887,0,151,1359,1955,-4,181,-104,0,833,1386,997,1224
"2024-02-16",14,26758,27489,24422,1213,6562,0,16887,0,19,955,1951,-4,190,-93,-15,821,1399,997,1247
"2024-02-16",15,29118,30180,26521,1247,6562,0,16887,0,74,388,1978,-4,724,-245,-139,928,1399,980,1045
"2024-02-16",16,30456,31640,27708,1281,6562,68,16887,0,12,330,1980,-4,768,-395,-173,935,1399,979,1025
"2024-02-16",17,31867,33102,28981,1323,6562,738,16887,0,8,158,1999,-3,1034,-420,-204,995,1399,995,1374
"2024-02-16",18,32054,33456,29078,1365,6562,1416,16887,0,7,25,2001,-3,1056,-438,-354,999,1399,997,1406
"2024-02-16",19,31780,33335,28818,1407,6562,2293,16887,0,4,-19,2001,-3,1056,-451,-497,999,1399,997,1201
"2024-02-16",20,31419,33009,28373,1448,6562,3100,16887,0,4,-171,2001,-3,1039,-452,-531,999,1399,997,1174
"2024-02-16",21,30531,32121,27519,1500,6562,3907,16887,0,4,-220,2001,-3,616,-452,-531,999,1398,997,836
"2024-02-16",22,30378,31967,27408,1551,6562,4044,16887,0,4,-349,2000,-3,609,-451,-531,999,1398,997,804
"2024-02-16",23,30233,31825,27283,1595,6562,4406,16887,0,6,-321,2001,-3,370,-452,-531,999,1398,997,804
"2024-02-16",24,29844,31434,26876,1639,6562,4248,16887,0,4,-347,2001,-3,366,-452,-531,999,1398,997,804
"2024-02-16",25,29828,31417,26860,1630,6562,4344,16887,0,4,-590,2001,-3,582,-451,-531,995,1398,997,804
"2024-02-16",26,29655,31245,26687,1620,6562,4138,16887,0,4,-628,2000,-3,599,-452,-531,994,1398,997,811
"2024-02-16",27,30060,31650,27072,1585,6562,3390,16887,0,4,-749,2001,-3,612,-452,-531,999,1398,997,1331
"2024-02-16",28,30217,31807,27263,1549,6562,2803,16887,0,5,-456,2000,-3,614,-451,-531,999,1398,997,1382
"2024-02-16",29,30183,31780,27259,1470,6562,2470,16887,0,11,-453,2001,-3,522,-452,-531,999,1398,997,1383
"2024-02-16",30,30229,31827,27269,1391,6562,2215,16887,0,12,-385,2001,-3,515,-452,-531,999,1398,997,1383
"2024-02-16",31,30944,32542,27944,1246,6562,1487,16887,0,13,-437,2001,-3,912,-451,-531,907,1398,997,1362
"2024-02-16",32,31752,33355,28727,1100,6562,990,16887,0,18,-217,2001,-3,944,-451,-531,900,1398,997,1359
"2024-02-16",33,32645,34243,29497,993,6562,519,16887,0,12,-532,2000,-3,841,-452,-531,1011,1399,997,1401
"2024-02-16",34,33892,35482,30652,886,6562,138,16887,0,5,-506,2000,-3,831,-451,-531,1019,1398,997,1407
"2024-02-16",35,35105,36698,31732,828,6562,1,16887,0,8,-359,2001,-3,947,-451,-531,1019,1398,997,1406
"2024-02-16",36,36035,37628,32626,769,6562,0,16887,0,7,-247,2001,-3,957,-452,-531,1019,1398,998,1407
"2024-02-16",37,36394,37985,32982,735,6562,0,16887,0,6,-362,2000,-3,1047,-451,-531,1019,1399,997,1407
"2024-02-16",38,35928,37520,32525,701,6562,0,16887,0,7,-533,2000,-3,1055,-451,-531,1019,1399,997,1406
"2024-02-16",39,35086,36683,31807,679,6562,0,16887,0,11,-430,2001,-3,1056,-452,-531,1019,1399,997,1407
"2024-02-16",40,34126,35721,30920,656,6562,0,16887,0,10,-485,2000,-3,1056,-451,-531,1019,1399,997,1407
"2024-02-16",41,33195,34789,30072,641,6562,0,16887,0,9,-443,2000,-3,1056,-451,-531,1019,1399,997,1406
"2024-02-16",42,32181,33776,29177,626,6562,0,16887,0,9,-374,2001,-3,1055,-452,-531,1019,1399,998,1407
"2024-02-16",43,30952,32546,28089,619,6562,0,16887,0,9,-580,2000,-3,1055,-451,-531,1001,1399,997,1406
"2024-02-16",44,29735,31328,27005,611,6562,0,16887,0,8,-469,2000,-3,1056,-451,-531,999,1399,998,1406
"2024-02-16",45,28183,29782,25536,613,6562,0,16887,0,13,-732,1985,-3,1055,-452,-531,999,1399,998,1407
"2024-02-16",46,26725,28294,24250,615,6562,0,16887,0,13,-458,1983,-3,1056,-434,-519,999,1399,997,1406
"2024-02-16",47,25365,26956,22993,607,6562,0,16887,0,13,-83,1919,-4,1032,-446,-528,854,1399,965,1407
"2024-02-16",48,24349,25949,22042,599,6562,0,16887,0,13,58,1914,-4,1029,-452,-531,843,1399,962,1407
"2024-02-17",1,24139,25698,21898,608,6562,0,16887,0,13,44,1994,-4,1054,-452,-490,960,1399,971,1407
"2024-02-17",2,24330,25717,22160,617,6562,0,16887,0,13,111,2001,-4,1056,-426,-344,968,1399,972,1406
"2024-02-17",3,24045,25276,21883,639,6562,0,16887,0,17,113,1997,-4,1039,-417,-193,997,1399,995,1407
"2024-02-17",4,23306,24427,21234,660,6562,0,16887,0,44,335,1996,-4,1038,-358,-115,999,1399,997,1406
"2024-02-17",5,22599,24389,20569,682,6562,0,16887,0,582,512,1999,-4,1042,-351,-253,999,1399,997,1407
"2024-02-17",6,22189,24148,20227,703,6562,0,16887,0,603,599,1999,-4,1041,-347,-405,999,1398,997,1406
"2024-02-17",7,21828,24042,19858,756,6562,0,16887,0,910,841,1997,-4,620,-302,-398,831,1398,997,1406
"2024-02-17",8,21201,23363,19286,809,6562,0,16887,0,914,1185,1995,-4,563,-302,-342,819,1398,996,1406
"2024-02-17",9,20998,23014,19071,856,6562,0,16887,0,913,1532,1827,-4,9,-301,-198,711,1398,996,1289
"2024-02-17",10,20864,22731,18994,902,6562,0,16887,0,912,1818,1813,-4,0,-302,-49,703,1398,995,1276
"2024-02-17",11,21029,22956,19189,947,6562,0,16887,0,765,2174,1866,-4,-270,-288,0,699,1397,899,1339
"2024-02-17",12,21138,23229,19288,991,6562,0,16887,0,903,2273,1870,-4,-309,-275,0,698,1397,887,1347
"2024-02-17",13,22196,23906,20255,1011,6562,0,16887,0,402,2377,1805,-4,-486,-218,0,604,1397,674,1338
"2024-02-17",14,23068,24487,21070,1031,6562,0,16887,0,219,2573,1799,-4,-501,-85,-10,597,1398,659,1334
"2024-02-17",15,24285,25366,22171,1084,6562,0,16887,0,14,2855,1732,-4,-463,32,0,611,1397,947,1183
"2024-02-17",16,25229,26300,23052,1136,6562,62,16887,0,17,3326,1728,-4,-450,172,0,612,1397,972,1169
"2024-02-17",17,26728,27429,24514,1199,6562,293,16887,0,88,3742,1982,-4,-9,322,50,459,1397,994,1298
"2024-02-17",18,27502,28115,25273,1262,6562,619,16887,0,9,4369,2001,-4,1,400,26,450,1397,997,1311
"2024-02-17",19,28566,29179,26217,1389,6562,1040,16887,0,9,4514,2000,-4,97,390,0,961,1397,997,1312
"2024-02-17",20,28857,29470,26504,1516,6562,1267,16887,0,9,4646,2000,-4,107,399,0,999,1397,997,1311
"2024-02-17",21,29056,29668,26701,1641,6562,1522,16887,0,9,4552,2000,-3,596,327,0,999,1397,997,1311
"2024-02-17",22,29081,29694,26802,1765,6562,1834,16887,0,9,4591,2000,-4,668,270,0,999,1397,997,1311
"2024-02-17",23,29013,29686,26773,1881,6562,1628,16887,0,9,4412,2000,-4,897,130,-60,999,1397,997,1248
"2024-02-17",24,29088,29899,26847,1997,6562,1552,16887,0,8,4283,1999,-4,928,-20,-179,999,1397,997,1239
"2024-02-17",25,29117,30047,26859,2112,6562,1607,16887,0,8,4100,2000,-4,717,-171,-147,999,1398,997,1196
"2024-02-17",26,29311,30350,27126,2226,6562,1504,16887,0,7,4053,1999,-4,713,-322,-106,999,1398,997,1188
"2024-02-17",27,29433,30536,27265,2325,6562,1192,16887,0,8,3934,2000,-4,758,-441,-50,999,1398,997,939
"2024-02-17",28,29231,30414,27037,2424,6562,937,16887,0,11,3790,2000,-4,715,-440,-128,999,1392,997,903
"2024-02-17",29,28708,30097,26603,2510,6562,836,16887,0,12,4123,2000,-4,-389,-346,-38,999,1289,996,69
"2024-02-17",30,28990,30623,26854,2595,6562,651,16887,0,12,4050,2000,-4,-473,-429,-100,999,1260,997,-15
"2024-02-17",31,28682,31447,26484,2671,6562,482,16887,0,9,4060,1999,-4,-1001,-397,-18,999,1049,997,-736
"2024-02-17",32,28945,31874,26837,2747,6562,266,16887,0,12,4044,2000,-4,-1048,-393,-73,992,994,997,-799
"2024-02-17",33,29597,32413,27467,2806,6562,108,16887,0,11,4601,2001,-4,-1068,-279,-55,247,623,996,-799
"2024-02-17",34,30545,33583,28408,2864,6562,14,16887,0,15,4319,2002,-4,-1069,-369,-182,186,590,993,-799
"2024-02-17",35,32156,35274,29914,2931,6562,0,16887,0,12,4119,2000,-4,-927,-450,-334,625,961,770,-791
"2024-02-17",36,33140,36378,30819,2997,6562,0,16887,0,8,3911,1996,-4,-906,-450,-482,657,1022,745,-788
"2024-02-17",37,33334,35949,30732,3023,6562,0,16887,0,6,3618,1647,-4,-227,-450,-531,729,1107,438,-797
"2024-02-17",38,32810,35362,30119,3049,6562,0,16887,0,10,3067,1612,-4,-164,-450,-531,734,1134,405,-793
"2024-02-17",39,31579,33837,29000,3009,6562,0,16887,0,15,3023,1164,-4,-315,-450,-531,866,1363,92,-343
"2024-02-17",40,30568,32784,28131,2968,6562,0,16887,0,9,2867,1127,-4,-322,-450,-531,875,1398,64,-300
"2024-02-17",41,29504,31651,27186,2895,6562,0,16887,0,9,2830,1109,-4,-285,-450,-531,780,1399,65,-268
"2024-02-17",42,28572,30712,26390,2821,6562,0,16887,0,9,3022,1108,-4,-282,-450,-531,773,1399,64,-264
"2024-02-17",43,27548,29654,25501,2764,6562,0,16887,0,15,3159,1058,-4,-294,-450,-531,804,1399,21,-212
"2024-02-17",44,26142,28238,24211,2707,6562,0,16887,0,14,3402,1053,-4,-294,-450,-531,806,1398,22,-203
"2024-02-17",45,24825,26680,23099,2673,6562,0,16887,0,21,3340,970,-4,-239,-450,-531,893,1398,348,-10
"2024-02-17",46,23733,25881,22172,2638,6562,0,16887,0,359,3514,963,-4,-233,-421,-531,899,1398,385,0
"2024-02-17",47,22430,24690,21001,2469,6562,0,16887,0,736,3484,919,-4,-9,-380,-531,572,1399,800,112
"2024-02-17",48,21690,24360,20373,2300,6562,0,16887,0,1155,3292,916,-4,0,-380,-531,548,1399,839,121
"2024-02-18",1,21800,24645,20442,2223,6562,0,16887,0,1151,3252,939,-4,-179,-380,-531,645,1399,964,143
"2024-02-18",2,22569,25671,21211,2146,6562,0,16887,0,1387,3781,935,-4,-200,-380,-531,651,1395,972,145
"2024-02-18",3,22121,24763,20725,2065,6562,0,16887,0,1127,3796,462,-4,477,-380,-531,808,1334,814,145
"2024-02-18",4,21549,24253,20276,1984,6562,0,16887,0,1189,3814,421,-4,588,-380,-531,811,1323,800,145
"2024-02-18",5,20602,23296,19385,1917,6562,0,16887,0,1179,3653,482,-4,475,-380,-531,35,1306,780,145
"2024-02-18",6,20535,23255,19333,1849,6562,0,16887,0,1173,3682,487,-4,465,-380,-531,-32,1284,778,145
"2024-02-18",7,20087,22762,18855,1750,6562,0,16887,0,1160,3468,479,-4,588,-380,-531,150,950,850,145
"2024-02-18",8,19607,22210,18332,1650,6562,0,16887,0,1088,3333,476,-4,593,-380,-531,163,914,858,145
"2024-02-18",9,19761,22315,18448,1576,6562,0,16887,0,1039,3223,312,-4,481,-380,-531,174,1142,984,145
"2024-02-18",10,19898,22502,18576,1502,6562,0,16887,0,1089,3195,305,-4,471,-380,-531,174,1188,987,145
"2024-02-18",11,19620,22226,18189,1457,6562,0,16887,0,1091,3261,814,-4,642,-380,-531,395,1371,464,230
"2024-02-18",12,20209,22793,18754,1412,6562,0,16887,0,1069,3440,859,-4,656,-380,-531,412,1399,419,247
"2024-02-18",13,20908,23319,19386,1348,6562,0,16887,0,896,3429,800,-4,573,-380,-531,412,1399,516,710
"2024-02-18",14,21592,23667,20060,1284,6562,0,16887,0,560,3003,799,-4,565,-380,-531,411,1399,528,760
"2024-02-18",15,22347,24039,20694,1279,6562,0,16887,0,178,2421,995,-4,814,-380,-530,504,1399,701,1233
"2024-02-18",16,22526,24046,20833,1273,6562,4,16887,0,68,2221,1028,-4,835,-410,-438,511,1399,721,1271
"2024-02-18",17,23887,25271,22074,1273,6562,100,16887,0,17,2438,1917,-3,1038,-451,-313,966,1398,974,845
"2024-02-18",18,25095,26347,23209,1273,6562,403,16887,0,14,2629,1998,-3,1055,-417,-218,999,1398,996,806
"2024-02-18",19,26249,27701,24250,1343,6562,864,16887,0,61,2726,1998,-3,1055,-450,-338,999,1399,996,806
"2024-02-18",20,26998,28420,24936,1412,6562,1454,16887,0,14,2666,1998,-3,1055,-450,-355,999,1398,996,806
"2024-02-18",21,27441,28873,25295,1518,6562,2055,16887,0,14,2465,1998,-3,1055,-451,-364,999,1399,996,806
"2024-02-18",22,27607,29056,25531,1623,6562,2522,16887,0,14,2326,1998,-3,1056,-452,-380,999,1399,996,806
"2024-02-18",23,27185,28713,25152,1767,6562,2865,16887,0,63,2382,1998,-3,1056,-387,-475,999,1398,996,806
"2024-02-18",24,27021,28523,25073,1910,6562,3648,16887,0,81,3048,1998,-3,1056,-358,-460,999,1398,997,806
"2024-02-18",25,26974,28581,25193,2004,6562,4141,16887,0,68,3376,1998,-3,1056,-407,-529,999,1398,996,806
"2024-02-18",26,26745,28389,24979,2097,6562,4472,16887,0,59,3867,1999,-3,1055,-451,-531,1000,1397,997,806
"2024-02-18",27,26169,27767,24445,2137,6562,4998,16887,0,13,3931,1999,-3,1055,-451,-531,999,1397,997,806
"2024-02-18",28,25487,27345,23838,2177,6562,4291,16887,0,272,3945,1999,-3,1056,-452,-531,1000,1397,996,806
"2024-02-18",29,25272,27386,23621,2127,6562,4014,16887,0,528,3879,1999,-3,979,-452,-531,999,1397,997,806
"2024-02-18",30,25562,27616,23924,2077,6562,3398,16887,0,490,3527,1999,-3,971,-430,-531,999,1377,996,812
"2024-02-18",31,26297,27939,24617,1940,6562,2825,16887,0,136,3234,1999,-3,937,-393,-510,999,1050,996,1320
"2024-02-18",32,27689,29235,25921,1802,6562,2191,16887,0,11,3111,1999,-3,932,-402,-530,999,1022,997,1370
"2024-02-18",33,29282,30723,27453,1717,6562,1260,16887,0,9,3216,1999,-3,687,-298,-531,1018,1349,997,1207
"2024-02-18",34,31141,32498,29107,1631,6562,428,16887,0,8,3409,1999,-3,682,-215,-531,1019,1398,996,1192
"2024-02-18",35,33101,34569,30703,1606,6562,22,16887,0,10,3054,1999,-3,1027,-324,-531,1019,1397,996,1224
"2024-02-18",36,34494,35871,31977,1580,6562,0,16887,0,4,3142,1999,-3,1055,-239,-531,1019,1397,997,1226
"2024-02-18",37,34684,36057,32273,1607,6562,0,16887,0,6,3689,2000,-3,1056,-233,-531,1019,1397,997,1053
"2024-02-18",38,33950,35277,31793,1634,6562,0,16887,0,2,3959,1999,-3,1055,-191,-531,1019,1397,997,1032
"2024-02-18",39,32831,34139,30740,1657,6562,0,16887,0,8,4162,1999,-3,1055,-181,-516,1019,1397,997,816
"2024-02-18",40,31632,32907,29545,1679,6562,0,16887,0,10,4071,1999,-3,1055,-173,-489,1019,1384,997,797
"2024-02-18",41,30738,31894,28701,1657,6562,0,16887,0,11,4058,1999,-3,1056,-196,-346,1019,1172,989,797
"2024-02-18",42,29582,30779,27572,1634,6562,0,16887,0,10,3390,1999,-4,1055,-309,-274,1019,1153,989,797
"2024-02-18",43,28117,29178,26202,1609,6562,0,16887,0,7,3672,1999,-4,1056,-207,-243,1001,1366,996,797
"2024-02-18",44,26493,27458,24755,1584,6562,0,16887,0,7,3668,1999,-4,1056,-203,-151,999,1399,996,797
"2024-02-18",45,24929,25775,23265,1595,6562,0,16887,0,7,3472,1999,-4,1056,-215,-20,999,1399,996,797
"2024-02-18",46,24056,24877,22384,1605,6562,0,16887,0,8,3405,1998,-4,1056,-209,0,999,1399,997,797
"2024-02-18",47,22967,23720,21382,1609,6562,0,16887,0,8,2890,1836,-4,1054,-141,65,954,1399,997,797
"2024-02-18",48,22096,22709,20560,1613,6562,0,16890,0,9,2423,1804,-4,1053,4,186,950,1398,997,791
"2024-02-19",1,21398,22013,20192,1677,6562,0,16890,0,11,3462,847,-4,472,150,85,513,1398,998,398
"2024-02-19",2,21911,22649,20724,1740,6562,0,16890,0,134,4536,755,-4,420,296,30,481,1397,998,360
"2024-02-19",3,21459,22456,20335,1867,6562,0,16890,0,393,4094,818,-4,255,259,1,363,1398,998,381
"2024-02-19",4,20933,22151,19783,1993,6562,0,16890,0,614,3995,796,-4,241,248,0,354,1380,997,384
"2024-02-19",5,20625,22064,19481,2140,6562,0,16890,0,574,4836,-261,-4,110,114,0,36,1089,919,375
"2024-02-19",6,20621,22235,19443,2287,6562,0,16890,0,612,5116,-398,-4,103,102,0,13,1023,912,368
"2024-02-19",7,20130,22392,18914,2400,6562,0,16890,0,446,5436,-758,-4,-454,55,0,57,652,879,119
"2024-02-19",8,19727,22294,18524,2512,6562,0,16890,0,610,5682,-800,-4,-553,57,0,60,607,874,89
"2024-02-19",9,19298,22940,18186,2587,6562,0,16890,0,472,5546,-1458,-4,-782,42,0,184,781,722,-326
"2024-02-19",10,19234,23060,18112,2661,6562,0,16890,0,547,5429,-1508,-4,-802,0,0,186,830,702,-365
"2024-02-19",11,19472,22579,18427,2714,6562,0,16890,0,124,5378,-848,-4,-589,54,4,-577,1199,292,-365
"2024-02-19",12,20461,23394,19338,2766,6562,0,16890,0,10,5020,-783,-4,-543,13,61,-635,1247,261,-358
"2024-02-19",13,23114,24036,21830,2799,6562,0,16890,0,50,4809,-138,-4,-9,-63,-58,31,1125,524,103
"2024-02-19",14,25829,27072,24388,2832,6562,0,16890,0,161,5560,-80,-4,0,-187,-211,83,1112,542,144
"2024-02-19",15,28545,29859,26699,2853,6562,0,16890,0,14,5483,545,-4,0,-334,-362,95,1193,209,8
"2024-02-19",16,30409,31976,28410,2873,6562,65,16890,0,17,5294,890,-3,0,-445,-502,96,1215,184,4
"2024-02-19",17,31780,33378,29627,2909,6562,420,16890,0,15,4848,1392,-2,190,-450,-531,432,1373,529,420
"2024-02-19",18,31717,33315,29562,2945,6562,962,16890,0,14,4844,1434,-3,213,-450,-531,456,1389,561,460
"2024-02-19",19,31737,33336,29485,3072,6562,1694,16890,0,15,5261,1245,-3,281,-450,-531,553,1258,665,524
"2024-02-19",20,31264,32864,29026,3199,6562,2990,16890,0,13,5175,1235,-3,289,-450,-531,559,1216,673,529
"2024-02-19",21,30374,32001,28239,3336,6562,3753,16890,0,11,5045,1628,-3,124,-450,-531,309,845,631,335
"2024-02-19",22,30222,31828,28092,3473,6562,4323,16890,0,12,5150,1664,-3,108,-450,-531,291,766,629,314
"2024-02-19",23,29430,31215,27367,3533,6562,5113,16890,0,13,4969,1502,-4,-156,-450,-531,407,396,768,226
"2024-02-19",24,29079,30847,26900,3593,6562,5297,16890,0,13,4878,1493,-3,-167,-450,-531,416,324,782,221
"2024-02-19",25,28735,30776,26542,3542,6562,5090,16890,0,11,4776,1960,-3,-413,-450,-531,599,38,933,348
"2024-02-19",26,28721,30742,26446,3490,6562,4921,16890,0,11,4897,1999,-3,-418,-450,-531,612,-2,947,363
"2024-02-19",27,28859,31062,26444,3371,6562,4756,16890,0,8,4920,1936,-3,-611,-450,-531,355,35,948,279
"2024-02-19",28,28591,30814,26225,3252,6562,4328,16890,0,12,4714,1931,-3,-627,-450,-531,336,48,948,264
"2024-02-19",29,28980,31148,26638,3049,6562,3775,16890,0,12,4797,1996,-3,-572,-450,-531,200,179,934,16
"2024-02-19",30,29503,31666,27120,2846,6562,3290,16890,0,12,4648,2002,-3,-567,-450,-531,191,200,932,0
"2024-02-19",31,30178,32510,27757,2550,6562,2492,16890,0,10,4612,2000,-3,-738,-450,-531,622,222,846,30
"2024-02-19",32,31472,33821,29083,2254,6562,1479,16890,0,12,4627,2000,-3,-753,-450,-531,653,248,842,35
"2024-02-19",33,32693,35365,30236,2043,6562,787,16890,0,15,4484,2001,-3,-862,-450,-531,503,620,984,-211
"2024-02-19",34,34158,36861,31536,1832,6562,270,16890,0,14,4744,2000,-3,-866,-451,-531,491,698,996,-238
"2024-02-19",35,35659,37693,32827,1746,6562,12,16890,0,8,4588,1852,-3,-389,-451,-531,-39,1068,953,-13
"2024-02-19",36,36756,38773,33693,1659,6562,0,16890,0,9,4404,1836,-3,-345,-451,-531,-78,1137,948,15
"2024-02-19",37,37952,39544,34856,1664,6562,0,16890,0,7,4256,1725,-3,404,-451,-531,470,1363,949,781
"2024-02-19",38,37747,39338,34676,1668,6562,0,16890,0,6,3989,1714,-3,490,-451,-531,510,1397,949,848
"2024-02-19",39,37145,38690,34190,1697,6562,0,16890,0,11,3888,1784,-3,794,-451,-480,484,1397,949,979
"2024-02-19",40,35764,37223,32963,1726,6562,0,16890,0,12,3573,1785,-3,818,-450,-394,482,1398,947,989
"2024-02-19",41,34144,35367,31516,1763,6562,0,16890,0,13,3959,1303,-3,327,-363,-244,374,1398,867,861
"2024-02-19",42,32500,33533,30055,1799,6562,0,16890,0,13,4216,1257,-3,285,-325,-92,367,1398,860,846
"2024-02-19",43,31144,31970,28895,1858,6562,0,16890,0,17,4579,1048,-3,348,-205,-1,390,1397,855,846
"2024-02-19",44,29269,30013,27238,1916,6562,0,16890,0,16,4674,1017,-4,353,-86,-38,391,1397,850,846
"2024-02-19",45,27475,28093,25611,1979,6562,0,16890,0,14,4893,446,-4,111,6,29,210,1397,571,974
"2024-02-19",46,25757,26373,23976,2041,6562,0,16890,0,12,5021,396,-4,102,117,0,199,1397,548,985
"2024-02-19",47,24117,24733,22270,2058,6562,0,16890,0,12,4783,861,-4,117,254,61,758,1397,721,640
"2024-02-19",48,22903,23520,21148,2074,6562,0,16917,0,13,4875,895,-4,119,383,104,800,1398,735,603
"2024-02-20",1,22869,23490,21220,2141,6562,0,16917,0,17,5104,532,-4,363,400,180,613,1398,683,603
"2024-02-20",2,23402,24089,21875,2208,6562,0,16917,0,83,5392,510,-4,398,400,327,599,1398,679,605
"2024-02-20",3,23271,24427,21794,2258,6562,0,16917,0,552,5540,1229,-4,609,400,298,441,1399,768,777
"2024-02-20",4,22639,23931,21236,2307,6562,0,16917,0,688,5715,1295,-4,625,400,332,429,1398,774,792
"2024-02-20",5,22196,23485,20908,2371,6562,0,16917,0,685,5766,1419,-4,147,400,304,567,1398,663,512
"2024-02-20",6,21749,23043,20556,2434,6562,0,16917,0,690,5616,1421,-4,116,400,216,576,1398,649,483
"2024-02-20",7,21209,22503,19989,2501,6562,0,16917,0,690,5425,789,-4,114,400,338,165,1398,414,483
"2024-02-20",8,20770,22053,19612,2568,6562,0,16917,0,679,5574,722,-4,114,400,325,136,1393,391,482
"2024-02-20",9,20315,21639,19308,2674,6562,0,16917,0,326,5411,-117,-4,-125,400,434,-152,1332,240,289
"2024-02-20",10,20101,21697,19063,2780,6562,0,16917,0,460,5143,-213,-4,-145,400,393,-174,1310,221,266
"2024-02-20",11,20199,22705,19144,2860,6562,0,16917,0,49,5494,-491,-4,-598,400,486,-632,1108,-132,18
"2024-02-20",12,21443,24039,20324,2940,6562,0,16917,0,14,5402,-510,-4,-639,400,504,-665,1054,-161,-3
"2024-02-20",13,23664,26404,22405,3018,6562,0,16917,0,10,5545,-166,-4,-916,400,504,-792,685,94,-252
"2024-02-20",14,25644,28379,24297,3095,6562,0,16917,0,10,5515,-125,-4,-921,400,487,-800,633,119,-275
"2024-02-20",15,28685,31104,27115,3189,6562,1,16917,0,10,5430,566,-4,-877,356,359,-662,682,233,-266
"2024-02-20",16,29938,32271,28255,3282,6562,87,16917,0,15,5441,636,-4,-806,237,279,-649,712,241,-259
"2024-02-20",17,31477,32154,29670,3395,6562,387,16917,0,17,5440,52,-4,-10,87,140,-46,1083,83,17
"2024-02-20",18,31726,32392,29866,3508,6562,751,16917,0,16,5384,5,-4,0,-46,12,0,1146,70,46
"2024-02-20",19,32416,33424,30523,3625,6562,1054,16917,0,20,5310,475,13,209,-194,-61,-133,1270,160,577
"2024-02-20",20,32733,34034,30780,3742,6562,1540,16917,0,14,5498,520,141,235,-333,-211,-143,1287,167,624
"2024-02-20",21,32435,33806,30555,3840,6562,2003,16917,0,14,5451,863,326,235,-444,-313,231,1264,44,604
"2024-02-20",22,31554,32952,29747,3938,6562,2679,16917,0,17,5343,904,593,235,-450,-331,256,1255,40,600
"2024-02-20",23,31081,32646,29217,3977,6562,3388,16917,0,10,5520,1471,843,339,-387,-313,-255,1158,444,620
"2024-02-20",24,30746,32115,28851,4015,6562,3823,16917,0,12,5693,1527,590,643,-237,-249,-271,1145,480,629
"2024-02-20",25,30931,31998,28956,3995,6562,4022,16917,0,12,5898,1616,-5,883,-90,-360,733,1148,483,735
"2024-02-20",26,30751,31861,28711,3975,6562,3590,16917,0,12,5883,1612,-5,903,-126,-367,830,1138,489,755
"2024-02-20",27,30295,31482,28219,3970,6562,3706,16917,0,12,5668,757,-5,995,-155,-415,450,954,815,755
"2024-02-20",28,29668,30949,27629,3965,6562,3577,16917,0,12,5473,683,-5,1004,-191,-473,422,927,842,756
"2024-02-20",29,29029,30326,27046,3904,6562,3206,16917,0,12,5081,996,-5,718,-251,-429,252,925,736,840
"2024-02-20",30,29364,30690,27444,3843,6562,2749,16917,0,9,5078,1023,-5,691,-235,-477,240,910,724,849
"2024-02-20",31,29989,31219,28126,3802,6562,2021,16917,0,8,5735,963,-5,154,-94,-348,-175,682,590,720
"2024-02-20",32,31104,32432,29276,3760,6562,1152,16917,0,6,5759,961,-5,119,-159,-353,-205,666,575,703
"2024-02-20",33,32668,33879,30752,3688,6562,517,16917,0,7,5747,1272,-5,6,-295,-265,-39,957,336,463
"2024-02-20",34,33568,34877,31620,3616,6562,133,16917,0,12,5843,1287,-5,0,-298,-367,-27,1021,315,446
"2024-02-20",35,35104,36796,33105,3426,6562,6,16917,0,10,5797,436,-5,469,-426,-505,-146,1348,325,783
"2024-02-20",36,36130,37875,34122,3235,6562,0,16917,0,4,5983,352,-5,566,-451,-531,-154,1397,328,825
"2024-02-20",37,36404,38155,34298,2991,6562,0,16917,0,6,5807,-158,-5,860,-451,-531,131,1397,469,1309
"2024-02-20",38,35906,37704,33731,2747,6562,0,16917,0,7,5318,-204,-5,907,-451,-531,152,1397,485,1354
"2024-02-20",39,35490,37089,33398,2517,6562,0,16917,0,12,5217,780,-5,912,-451,-531,586,1397,681,1290
"2024-02-20",40,34451,36052,32476,2287,6562,0,16917,0,14,5297,897,-5,912,-451,-531,618,1397,700,1282
"2024-02-20",41,33380,34976,31429,2131,6562,0,16917,0,9,4818,868,-5,961,-451,-531,538,1397,702,1325
"2024-02-20",42,32265,33860,30311,1975,6562,0,16917,0,8,4649,874,-5,967,-451,-531,532,1398,702,1331
"2024-02-20",43,30721,32311,28755,1851,6562,0,16917,0,3,3859,1421,-5,1000,-451,-531,876,1398,702,1331
"2024-02-20",44,29161,30757,27245,1726,6562,0,16917,0,9,3402,1477,-5,1003,-451,-531,900,1398,703,1339
"2024-02-20",45,27926,29502,25943,1666,6562,0,16917,0,5,3308,1847,-5,1003,-451,-515,993,1399,764,1254
"2024-02-20",46,26400,27849,24482,1605,6562,0,16917,0,9,3064,1865,-5,1003,-450,-385,999,1399,773,1234
"2024-02-20",47,24879,26120,23009,1560,6562,0,16917,0,12,2902,948,-5,1048,-387,-237,955,1399,978,1265
"2024-02-20",48,24059,25000,22169,1514,6562,0,16920,0,14,2765,860,-5,1053,-237,-85,951,1399,997,1271
"2024-02-21",1,23755,24459,21805,1595,6562,0,16920,0,13,2744,566,-5,1053,-86,34,790,1399,997,1271
"2024-02-21",2,24392,25008,22437,1676,6562,0,16920,0,11,3435,538,-5,1053,64,170,777,1399,998,1269
"2024-02-21",3,23861,24477,21932,1833,6562,0,16920,0,11,3537,352,-5,554,213,116,253,1399,999,1142
"2024-02-21",4,23051,23860,21309,1989,6562,0,16920,0,204,4175,328,-5,505,309,69,213,1376,995,1124
"2024-02-21",5,22324,23459,20821,2166,6562,0,16920,0,530,4806,108,-5,112,387,216,130,1004,797,921
"2024-02-21",6,21862,23157,20375,2343,6562,0,16920,0,690,5089,82,-5,103,298,315,124,926,779,899
"2024-02-21",7,21361,23400,19841,2592,6562,0,16920,0,1099,5209,-246,-5,-89,381,456,54,554,728,930
"2024-02-21",8,20850,22895,19429,2841,6562,0,16920,0,1057,5607,-279,-5,-104,400,436,49,499,719,916
"2024-02-21",9,20283,22527,18927,3075,6562,0,16920,0,1028,5761,-271,-5,-287,400,495,-53,499,418,19
"2024-02-21",10,20198,22606,18874,3308,6562,0,16920,0,1077,5672,-275,-5,-312,400,496,-72,522,379,-67
"2024-02-21",11,20520,24265,19222,3541,6562,0,16920,0,253,5691,-743,-5,-822,400,504,-933,893,-389,208
"2024-02-21",12,21487,25377,20121,3773,6562,0,16920,0,190,5676,-770,-5,-866,400,504,-1007,971,-452,249
"2024-02-21",13,24033,26410,22437,3944,6562,0,16920,0,14,5640,1,-5,-993,400,500,-657,1342,-108,789
"2024-02-21",14,26084,28409,24314,4114,6562,0,16920,0,12,5507,36,-5,-998,387,493,-633,1397,-77,847
"2024-02-21",15,28853,30341,26836,4288,6562,0,16920,0,11,5604,89,-5,-525,284,372,-271,1397,-76,1296
"2024-02-21",16,30017,31420,27930,4461,6562,7,16920,0,11,5774,109,-5,-473,354,229,-246,1397,-68,1337
"2024-02-21",17,31708,32337,29572,4612,6562,49,16920,0,16,5941,922,-4,-9,259,91,10,1397,386,1401
"2024-02-21",18,32121,32741,30125,4763,6562,111,16920,0,15,6035,1010,-5,1,155,134,28,1397,429,1408
"2024-02-21",19,33111,33726,31087,4832,6562,233,16920,0,10,5749,1804,-5,562,24,31,106,1397,674,1408
"2024-02-21",20,33292,33908,31204,4900,6562,365,16920,0,11,5775,1881,-5,696,57,0,117,1397,697,1408
"2024-02-21",21,33563,34176,31464,4957,6562,529,16920,0,8,5776,1869,-5,705,103,0,801,1397,796,1408
"2024-02-21",22,33442,34058,31381,5013,6562,665,16920,0,11,5727,1865,-5,706,156,0,855,1397,808,1408
"2024-02-21",23,33619,34233,31592,5030,6562,789,16920,0,9,5661,1748,-5,1006,177,0,906,1397,958,1408
"2024-02-21",24,33644,34257,31600,5047,6562,968,16920,0,9,5807,1736,-4,1053,163,0,910,1398,972,1407
"2024-02-21",25,33792,34406,31752,5051,6562,1111,16920,0,9,5840,1749,-5,1026,180,0,993,1398,988,1321
"2024-02-21",26,33751,34369,31684,5054,6562,1194,16920,0,13,6035,1756,-5,1023,80,0,999,1398,987,1313
"2024-02-21",27,33433,34051,31431,5001,6562,1213,16920,0,13,5988,1976,-5,865,78,0,911,1398,821,1396
"2024-02-21",28,32968,33602,31078,4947,6562,1195,16920,0,13,6101,1999,-5,851,-16,0,904,1397,809,1405
"2024-02-21",29,32692,33394,30821,4803,6562,1257,16920,0,13,6200,1999,-4,441,-73,-12,775,1391,923,1167
"2024-02-21",30,32589,33345,30749,4659,6562,1170,16920,0,17,6058,1997,-4,405,26,-135,765,1368,934,1140
"2024-02-21",31,32608,33581,30762,4385,6562,1084,16920,0,18,5970,1721,-5,173,-63,-287,675,1019,992,881
"2024-02-21",32,32865,34001,30947,4111,6562,896,16920,0,17,5530,1699,-5,153,-113,-401,668,989,997,853
"2024-02-21",33,33145,34421,31150,3762,6562,543,16920,0,18,5328,1747,-5,268,-146,-507,861,1344,997,573
"2024-02-21",34,33690,35027,31496,3412,6562,193,16920,0,18,5015,1750,-5,283,-293,-421,875,1397,997,549
"2024-02-21",35,35190,36745,32713,3127,6562,16,16920,0,16,4653,1797,-5,862,-428,-506,941,1397,997,876
"2024-02-21",36,36393,37982,33612,2841,6562,0,16920,0,3,4323,1800,-5,915,-450,-531,946,1397,997,914
"2024-02-21",37,36834,38425,33908,2702,6562,0,16920,0,5,4171,1800,-5,1043,-450,-531,665,1397,997,1317
"2024-02-21",38,36487,38011,33557,2563,6562,0,16920,0,5,3957,1801,-5,1053,-447,-467,645,1397,996,1355
"2024-02-21",39,36337,37613,33631,2538,6562,0,16920,0,6,4458,1847,-5,1053,-348,-317,994,1397,960,1400
"2024-02-21",40,35538,36641,32909,2512,6562,0,16920,0,11,4486,1850,-5,1053,-322,-165,1019,1397,957,1414
"2024-02-21",41,34428,35300,31821,2524,6562,0,16920,0,15,4399,1896,-5,1054,-223,-29,1019,1397,957,1414
"2024-02-21",42,32905,33684,30451,2536,6562,0,16920,0,13,4350,1901,-5,1053,-85,-76,1019,1397,958,1414
"2024-02-21",43,31456,32082,29194,2573,6562,0,16920,0,13,4758,1991,-5,1054,63,-8,1001,1397,993,1394
"2024-02-21",44,29899,30516,27850,2610,6562,0,16920,0,12,5022,1998,-5,1054,59,0,999,1397,996,1379
"2024-02-21",45,28085,28942,26243,2670,6562,0,16920,0,252,5044,1984,-5,1008,46,0,975,1397,996,701
"2024-02-21",46,26198,28009,24501,2730,6562,0,16920,0,1211,4832,1958,10,987,19,0,972,1374,995,634
"2024-02-21",47,24208,26465,22649,2773,6562,0,16920,0,1537,5103,910,907,528,-77,-43,445,1004,850,441
"2024-02-21",48,23258,25918,21790,2815,6562,0,16923,0,1854,5019,801,990,519,-203,-3,405,926,838,419
"2024-02-22",1,22634,25386,21261,2916,6562,0,16923,0,1791,4906,602,900,256,-341,-20,608,554,893,268
"2024-02-22",2,22686,25498,21348,3016,6562,0,16923,0,1811,4917,587,892,251,-308,-93,622,476,898,255
"2024-02-22",3,22508,25517,21171,3077,6562,0,16923,0,1816,5029,914,928,198,-350,-243,548,105,898,407
"2024-02-22",4,21884,24992,20536,3138,6562,0,16923,0,1811,4760,950,931,193,-351,-346,542,25,899,422
"2024-02-22",5,21305,24794,19902,3199,6562,0,16923,0,1793,4010,1577,948,168,-351,-395,422,-350,957,446
"2024-02-22",6,20844,24459,19358,3260,6562,0,16923,0,1763,3631,1635,950,166,-351,-517,413,-384,963,441
"2024-02-22",7,20399,24164,18851,3185,6562,0,16923,0,1754,3721,1968,987,-530,-351,-496,308,-34,993,32
"2024-02-22",8,19928,23737,18426,3109,6562,0,16923,0,1659,3546,1997,991,-661,-351,-530,301,43,997,-8
"2024-02-22",9,19538,23342,18002,2987,6562,0,16923,0,1513,2988,2001,992,-578,-351,-444,-50,413,997,-268
"2024-02-22",10,19700,23544,18067,2865,6562,0,16923,0,1649,3023,2002,992,-588,-351,-292,-77,491,996,-287
"2024-02-22",11,20618,24600,18947,2697,6562,0,16923,0,1001,3943,1975,992,-1061,-334,-140,-559,863,996,-287
"2024-02-22",12,21906,25053,20172,2528,6562,0,16923,0,172,3904,1973,992,-1068,-425,-13,-587,941,997,-282
"2024-02-22",13,24905,27061,22991,2396,6562,0,16923,0,48,3444,1998,992,-987,-450,-71,143,1312,996,176
"2024-02-22",14,27592,29832,25409,2263,6562,0,16923,0,20,3384,2000,992,-980,-423,-217,202,1369,997,218
"2024-02-22",15,29771,32342,27343,2170,6562,0,16923,0,125,3421,2001,992,-1029,-450,-367,65,1395,996,26
"2024-02-22",16,31305,33810,28702,2076,6562,45,16923,0,21,3794,2001,992,-928,-451,-505,58,1397,997,17
"2024-02-22",17,33277,34907,30517,2002,6562,245,16923,0,49,3358,1999,992,316,-450,-531,637,1397,996,882
"2024-02-22",18,33999,35591,31235,1928,6562,441,16923,0,14,3507,1998,992,378,-451,-527,681,1397,996,964
"2024-02-22",19,34747,36341,31942,1955,6562,708,16923,0,13,3230,1998,992,764,-450,-531,978,1397,996,1370
"2024-02-22",20,35198,36769,32437,1982,6562,869,16923,0,6,3119,1998,992,837,-450,-515,999,1397,996,1419
"2024-02-22",21,35448,36895,32652,2033,6562,1060,16923,0,10,2862,1998,993,1050,-451,-386,999,1397,996,1420
"2024-02-22",22,35172,36439,32453,2083,6562,1457,16923,0,9,2748,1997,992,1053,-424,-234,999,1397,996,1419
"2024-02-22",23,35499,36750,32851,2128,6562,1382,16923,0,11,2851,1997,992,1053,-437,-203,999,1397,995,1419
"2024-02-22",24,35909,37029,33305,2172,6562,1299,16923,0,11,3361,1997,992,1053,-366,-143,999,1397,995,1420
"2024-02-22",25,35473,36313,32936,2294,6562,1360,16923,0,7,3929,1997,992,1054,-217,-16,999,1398,985,1419
"2024-02-22",26,35366,36062,32786,2415,6562,1299,16923,0,13,4547,1998,992,1053,-83,0,999,1399,985,1420
"2024-02-22",27,34933,35543,32445,2520,6562,1292,16923,0,10,4240,1998,992,1053,6,0,999,1397,994,1419
"2024-02-22",28,34775,35413,32300,2625,6562,1147,16923,0,12,4233,1998,992,1053,-26,0,999,1398,996,1419
"2024-02-22",29,34517,35153,32190,2748,6562,1183,16923,0,10,3993,1999,993,1053,-26,0,999,1398,996,1420
"2024-02-22",30,34151,34866,31733,2871,6562,1221,16923,0,14,3666,1999,992,1054,-101,31,999,1398,996,1419
"2024-02-22",31,34143,35065,31743,2917,6562,1197,16923,0,12,3497,1999,992,1053,-252,-58,999,1398,996,1377
"2024-02-22",32,34527,35605,32023,2962,6562,1065,16923,0,6,3319,1999,992,1053,-400,-72,999,1398,996,1372
"2024-02-22",33,35226,36455,32495,2880,6562,758,16923,0,10,3069,1999,992,1054,-450,-169,1018,1397,996,1393
"2024-02-22",34,36323,37633,33428,2797,6562,373,16923,0,7,2974,1998,992,1054,-450,-253,1019,1397,996,1395
"2024-02-22",35,37776,39236,34757,2741,6562,64,16923,0,8,3130,1997,992,1054,-450,-402,1019,1397,996,1386
"2024-02-22",36,38916,40494,35760,2684,6562,0,16923,0,6,2871,1997,992,1053,-450,-522,1019,1397,996,1383
"2024-02-22",37,39033,40624,35864,2650,6562,0,16923,0,10,2985,1998,992,1055,-450,-531,972,1397,997,1384
"2024-02-22",38,38853,40445,35638,2615,6562,0,16923,0,11,2956,1999,992,1055,-450,-531,968,1397,997,1375
"2024-02-22",39,38101,39693,35053,2619,6562,0,16923,0,11,3102,1998,992,1052,-450,-531,1016,1397,996,847
"2024-02-22",40,37002,38507,34087,2623,6562,0,16923,0,9,2603,1998,992,1053,-450,-446,1019,1397,996,797
"2024-02-22",41,35681,37034,32814,2599,6562,0,16923,0,8,2472,1998,992,1054,-450,-295,1019,1398,996,797
"2024-02-22",42,34318,35518,31598,2575,6562,0,16923,0,7,2308,1998,992,1053,-450,-143,1019,1398,997,797
"2024-02-22",43,32604,33716,30032,2535,6562,0,16923,0,7,2598,1998,991,1053,-385,-120,1001,1399,996,797
"2024-02-22",44,31014,32120,28570,2494,6562,0,16923,0,14,2581,1998,991,1053,-444,-48,999,1399,996,797
"2024-02-22",45,29327,30606,27077,2484,6562,0,16923,0,172,2714,1998,991,1053,-450,-57,999,1399,996,797
"2024-02-22",46,28056,29641,25839,2474,6562,0,16923,0,414,2778,1994,991,1053,-450,-121,999,1398,996,797
"2024-02-22",47,26252,28380,24213,2381,6562,0,16923,0,981,2670,1541,992,1053,-451,-96,999,1398,996,797
"2024-02-22",48,25379,27560,23496,2287,6562,0,16927,0,1141,2283,1500,992,1054,-439,-1,999,1398,996,797
"2024-02-23",1,24900,27201,23059,2275,6562,0,16927,0,1381,2043,1322,992,1053,-320,0,999,1399,996,797
"2024-02-23",2,25247,27376,23480,2263,6562,0,16927,0,1354,2119,1308,991,1054,-175,0,999,1399,996,796
"2024-02-23",3,24807,27196,23063,2256,6562,0,16927,0,1566,2065,1486,904,960,-223,0,999,1399,996,720
"2024-02-23",4,24174,26767,22447,2248,6562,0,16927,0,1704,2091,1494,897,953,-280,-9,999,1399,996,703
"2024-02-23",5,23615,26257,21936,2242,6562,0,16927,0,1565,2023,960,984,1049,-350,-127,817,1399,997,773
"2024-02-23",6,23362,26330,21719,2235,6562,0,16927,0,1770,2025,911,990,1054,-350,-248,803,1399,996,785
"2024-02-23",7,22942,25610,21321,2226,6562,0,16927,0,1523,1667,855,816,1054,-350,-195,813,1399,996,754
"2024-02-23",8,22492,25254,20844,2216,6562,0,16927,0,1511,1433,849,799,1053,-350,-301,813,1398,996,749
"2024-02-23",9,22326,25224,20652,2173,6562,0,16927,0,1727,1444,719,758,1053,-350,-221,715,1399,997,749
"2024-02-23",10,22434,25322,20741,2129,6562,0,16927,0,1715,1525,707,755,1053,-350,-223,707,1398,993,749
"2024-02-23",11,23077,25672,21323,2097,6562,0,16927,0,1544,1807,615,846,1017,-350,-101,889,1389,805,770
"2024-02-23",12,23831,26103,22012,2065,6562,0,16927,0,1140,1828,610,854,1013,-371,-161,901,1388,790,782
"2024-02-23",13,26435,28008,24467,1980,6562,0,16927,0,211,1868,807,846,923,-449,-313,894,1397,872,1312
"2024-02-23",14,29058,30511,26862,1894,6562,0,16927,0,10,2288,841,847,920,-448,-395,893,1398,881,1360
"2024-02-23",15,32071,33340,29577,1886,6562,20,16927,0,33,2307,1743,891,754,-376,-260,808,1398,987,1360
"2024-02-23",16,33431,34721,30724,1877,6562,408,16927,0,6,2053,1826,896,746,-442,-242,801,1398,996,1360
"2024-02-23",17,34097,35546,31317,1914,6562,1393,16927,0,8,2164,1881,984,1013,-450,-391,986,1397,996,1330
"2024-02-23",18,34339,35794,31537,1951,6562,2369,16927,0,8,2408,1886,992,1053,-450,-397,999,1397,997,1320
"2024-02-23",19,34120,35672,31293,1988,6562,2957,16927,0,8,2097,1945,992,1054,-450,-494,999,1397,996,996
"2024-02-23",20,33420,35006,30586,2025,6562,3719,16927,0,7,1870,1949,992,1053,-450,-529,999,1397,996,962
"2024-02-23",21,32944,34430,30030,2028,6562,4671,16927,0,7,1606,1995,992,1053,-450,-429,999,1397,996,813
"2024-02-23",22,32368,33766,29497,2031,6562,4969,16927,0,8,1637,1999,992,1052,-450,-340,999,1397,996,802
"2024-02-23",23,32592,34026,29645,2000,6562,4973,16927,0,8,1564,1964,992,1053,-450,-376,926,1397,997,1150
"2024-02-23",24,32543,34067,29632,1968,6562,4852,16927,0,8,1857,1962,992,1053,-450,-466,920,1397,996,1187
"2024-02-23",25,32661,34066,29735,1916,6562,5338,16927,0,8,1938,1997,992,1054,-450,-347,994,1397,997,1381
"2024-02-23",26,32669,34101,29745,1864,6562,5158,16927,0,6,2064,1999,992,1053,-450,-376,999,1397,996,1398
"2024-02-23",27,32426,33746,29534,1776,6562,3817,16927,0,8,1771,1994,992,1053,-450,-262,999,1397,996,1398
"2024-02-23",28,32544,33713,29675,1688,6562,3963,16927,0,8,1830,1993,992,1053,-450,-111,999,1398,996,1398
"2024-02-23",29,32948,33967,30196,1571,6562,3637,16927,0,8,2219,1997,992,1053,-407,-4,944,1397,996,1398
"2024-02-23",30,33465,34451,30787,1454,6562,2678,16927,0,12,2300,1995,993,1053,-374,0,940,1397,996,1399
"2024-02-23",31,34175,35237,31377,1293,6562,1798,16927,0,12,1858,1806,992,1054,-450,0,980,1397,995,1398
"2024-02-23",32,34724,35835,31899,1132,6562,1303,16927,0,12,1686,1789,992,1052,-450,-49,983,1397,995,1398
"2024-02-23",33,35701,36904,32761,1013,6562,857,16927,0,17,1310,1728,974,986,-435,-151,906,1397,996,1399
"2024-02-23",34,36766,37741,33732,894,6562,395,16927,0,14,1257,1689,969,979,-324,-37,900,1397,995,1398
"2024-02-23",35,37321,38337,34155,847,6562,63,16927,0,13,1530,542,688,772,-403,0,454,1397,937,1398
"2024-02-23",36,37990,39130,34751,799,6562,0,16927,0,11,1227,440,666,744,-450,-79,422,1397,932,1398
"2024-02-23",37,39035,40323,35743,795,6562,0,16927,0,8,1226,1430,965,845,-450,-230,744,1397,942,1399
"2024-02-23",38,38425,39860,35143,790,6562,0,16927,0,9,1134,1528,992,855,-450,-376,767,1397,944,1398
"2024-02-23",39,37927,39341,34762,778,6562,0,16927,0,8,1157,1778,992,1038,-450,-356,1002,1397,992,1398
"2024-02-23",40,37204,38501,34118,765,6562,0,16927,0,9,1042,1800,992,1055,-450,-238,1019,1398,996,1398
"2024-02-23",41,35859,37065,32853,765,6562,0,16927,0,18,852,1897,991,1054,-426,-162,1019,1399,997,1398
"2024-02-23",42,34668,36029,31842,765,6562,0,16927,0,12,657,1897,991,1054,-450,-299,1019,1399,996,1398
"2024-02-23",43,33259,34771,30595,757,6562,0,16927,0,12,860,1475,991,1031,-450,-450,971,1399,967,1398
"2024-02-23",44,31809,33409,29248,748,6562,0,16927,0,19,758,1439,991,1031,-450,-531,967,1399,966,1398
"2024-02-23",45,30445,32044,27928,731,6562,0,16927,0,18,676,1805,992,1051,-450,-531,997,1399,994,1399
"2024-02-23",46,29181,30715,26724,713,6562,0,16927,0,13,640,1839,991,1053,-450,-471,999,1399,995,1395
"2024-02-23",47,27609,29035,25234,683,6562,0,16927,0,13,581,1862,910,984,-450,-363,895,1399,892,1081
"2024-02-23",48,26767,28105,24469,653,6562,0,16927,0,13,529,1866,904,979,-450,-275,887,1399,884,1045
"2024-02-24",1,26660,27944,24402,621,6562,0,16927,0,13,507,1979,985,999,-450,-221,985,1399,987,752
"2024-02-24",2,26970,28109,24719,588,6562,0,16927,0,15,454,1991,991,1000,-408,-116,992,1399,995,720
"2024-02-24",3,26363,28035,24147,565,6562,0,16927,0,386,558,1979,903,893,-448,-238,996,1399,996,671
"2024-02-24",4,25585,27626,23454,541,6562,0,16927,0,617,463,1978,896,889,-450,-374,996,1399,997,667
"2024-02-24",5,25078,27307,22982,525,6562,0,16927,0,671,-25,1998,984,1041,-450,-508,999,1399,997,718
"2024-02-24",6,24860,27118,22758,508,6562,0,16927,0,677,-294,2000,992,1053,-450,-531,999,1399,996,726
"2024-02-24",7,24478,26731,22421,502,6562,0,16927,0,672,-410,2000,993,1053,-450,-531,999,1399,997,716
"2024-02-24",8,24078,26312,22028,496,6562,0,16927,0,675,-453,2000,992,1053,-450,-509,999,1399,997,714
"2024-02-24",9,23745,25950,21692,475,6562,0,16927,0,676,-458,1999,992,1053,-450,-479,999,1399,997,714
"2024-02-24",10,23527,25732,21461,453,6562,0,16927,0,674,-573,2000,992,1053,-450,-481,999,1399,996,714
"2024-02-24",11,23637,25680,21557,434,6562,0,16927,0,590,-622,1996,991,863,-450,-403,856,1399,993,747
"2024-02-24",12,23911,25728,21795,414,6562,0,16927,0,364,-597,1995,990,847,-432,-421,846,1399,990,749
"2024-02-24",13,25092,26337,22886,383,6562,0,16927,0,61,-200,1931,914,809,-304,-280,855,1399,834,749
"2024-02-24",14,26355,27334,24054,352,6562,0,16927,0,16,-222,1926,908,807,-235,-128,856,1399,822,755
"2024-02-24",15,27651,28381,25216,340,6562,41,16927,0,17,-249,1993,978,721,-86,-27,772,1399,969,1148
"2024-02-24",16,28626,29240,26051,327,6562,556,16927,0,14,-23,1998,985,717,32,0,766,1399,982,1188
"2024-02-24",17,29824,30436,27111,316,6562,1548,16927,0,12,-59,2000,992,644,84,0,983,1399,995,1382
"2024-02-24",18,30324,30932,27525,304,6562,2594,16927,0,8,-66,1999,992,641,86,0,999,1399,996,1394
"2024-02-24",19,30534,31176,27703,305,6562,3475,16927,0,8,-243,1999,992,992,-34,0,999,1399,996,850
"2024-02-24",20,30020,30794,27159,305,6562,4597,16927,0,7,-565,2000,992,1054,-167,0,999,1399,996,797
"2024-02-24",21,29365,30351,26479,311,6562,5585,16927,0,7,-809,1999,992,1053,-318,-61,999,1399,996,797
"2024-02-24",22,29001,30113,26080,316,6562,6160,16927,0,9,-1010,2000,992,1053,-441,-62,999,1399,996,797
"2024-02-24",23,28587,29624,25712,332,6562,6661,16927,0,4,-1239,2000,992,1053,-388,-45,999,1399,996,797
"2024-02-24",24,28445,29445,25585,347,6562,6985,16927,0,3,-1097,2000,992,1054,-304,-93,999,1399,997,797
"2024-02-24",25,28537,29626,25666,366,6562,6766,16927,0,5,-1017,1999,993,1053,-282,-202,999,1399,997,797
"2024-02-24",26,28617,29766,25719,384,6562,6416,16927,0,7,-949,1999,992,1053,-260,-282,999,1399,997,797
"2024-02-24",27,28647,29819,25764,401,6562,5970,16927,0,7,-775,1999,993,1025,-222,-343,999,1399,996,797
"2024-02-24",28,28483,29763,25611,418,6562,5307,16927,0,9,-763,1999,992,1022,-210,-461,999,1399,996,797
"2024-02-24",29,28546,29921,25702,427,6562,4694,16927,0,9,-804,1999,992,1051,-235,-531,999,1399,996,797
"2024-02-24",30,28661,30103,25808,435,6562,3970,16927,0,7,-851,1999,993,1053,-304,-531,999,1399,996,796
"2024-02-24",31,29293,30838,26384,420,6562,3328,16927,0,5,-960,2000,992,1054,-409,-531,999,1399,997,754
"2024-02-24",32,30250,31841,27323,404,6562,2556,16927,0,9,-860,1999,992,1052,-451,-531,999,1399,997,749
"2024-02-24",33,31339,32927,28358,356,6562,1608,16927,0,6,-597,1999,992,500,-451,-531,903,1399,997,770
"2024-02-24",34,32943,34534,29906,308,6562,717,16927,0,8,-625,1999,992,464,-452,-531,896,1399,997,773
"2024-02-24",35,34595,36182,31431,285,6562,100,16927,0,4,-830,2000,992,862,-452,-531,1011,1399,996,773
"2024-02-24",36,36005,37590,32716,262,6562,0,16927,0,3,-599,1999,992,867,-451,-531,1019,1399,996,773
"2024-02-24",37,36722,38310,33430,254,6562,0,16927,0,5,-446,1999,992,1039,-452,-531,1019,1399,997,780
"2024-02-24",38,36689,38275,33379,245,6562,0,16927,0,3,-590,1999,992,1052,-452,-531,1019,1399,996,786
"2024-02-24",39,35870,37458,32669,247,6562,0,16927,0,6,-895,1999,992,1053,-451,-531,1019,1399,997,786
"2024-02-24",40,34933,36524,31852,248,6562,0,16927,0,9,-937,2000,992,1053,-451,-531,1019,1399,997,790
"2024-02-24",41,33735,35328,30737,253,6562,0,16927,0,11,-994,1999,992,1053,-451,-531,1019,1399,997,1104
"2024-02-24",42,33240,34832,30302,257,6562,0,16927,0,10,-919,1999,992,1054,-451,-531,1019,1399,997,1134
"2024-02-24",43,31930,33524,29076,269,6562,0,16927,0,12,-907,1999,992,1030,-451,-531,1000,1399,997,1144
"2024-02-24",44,30927,32520,28172,280,6562,0,16927,0,11,-814,2000,993,1027,-451,-531,999,1399,997,1143
"2024-02-24",45,29613,31206,26984,290,6562,0,16927,0,11,-769,1999,992,936,-451,-531,999,1398,997,828
"2024-02-24",46,28363,29948,25761,300,6562,0,16927,0,11,-793,1999,992,930,-451,-523,999,1398,997,802
"2024-02-24",47,26814,28327,24310,303,6562,0,16927,0,10,-924,2000,992,1043,-450,-453,999,1399,996,1242
"2024-02-24",48,25904,27224,23507,305,6562,0,16928,0,11,-759,1999,992,1053,-382,-327,999,1398,997,1285
"2024-02-25",1,25762,27171,23404,308,6562,0,16928,0,11,-591,1999,993,1052,-410,-388,999,1399,997,1372
"2024-02-25",2,26348,27661,24037,311,6562,0,16928,0,20,-373,1999,993,1053,-402,-291,999,1399,996,1377
"2024-02-25",3,26023,27363,23763,318,6562,0,16928,0,17,-349,2000,993,1053,-402,-321,999,1399,997,1130
"2024-02-25",4,25213,26524,23046,324,6562,0,16928,0,18,-505,1999,992,1053,-402,-291,999,1399,996,1101
"2024-02-25",5,24760,26420,22652,331,6562,0,16928,0,385,-419,1999,992,1054,-402,-273,999,1399,996,887
"2024-02-25",6,24075,26045,21979,337,6562,0,16928,0,834,-524,1999,992,1053,-402,-134,999,1399,997,865
"2024-02-25",7,23892,25887,21790,373,6562,0,16928,0,982,-612,1999,992,1052,-402,-11,999,1399,996,811
"2024-02-25",8,23525,25484,21387,408,6562,0,16928,0,980,-702,1999,992,1053,-357,-22,999,1399,996,805
"2024-02-25",9,23384,25198,21236,440,6562,0,16928,0,976,-612,2000,993,1053,-238,0,998,1399,996,784
"2024-02-25",10,23099,24935,21001,471,6562,0,16928,0,967,-552,1999,992,1054,-269,0,998,1399,996,784
"2024-02-25",11,22922,24705,20794,513,6562,0,16928,0,972,-662,2000,992,956,-211,0,999,1399,997,999
"2024-02-25",12,23156,24919,20975,555,6562,0,16928,0,968,-623,2000,992,952,-195,0,999,1399,997,1023
"2024-02-25",13,23642,25218,21417,589,6562,0,16928,0,781,-573,1974,980,912,-195,0,987,1399,997,1141
"2024-02-25",14,24386,25939,22130,622,6562,0,16928,0,690,-612,1971,979,907,-263,0,986,1399,997,1153
"2024-02-25",15,25111,26142,22796,669,6562,61,16928,0,298,-298,1943,984,317,-133,0,894,1399,996,1217
"2024-02-25",16,25865,26635,23470,715,6562,533,16928,0,41,-359,1941,984,265,-129,0,887,1399,997,1225
"2024-02-25",17,26953,27717,24411,763,6562,1438,16928,0,8,-661,1990,988,820,-156,0,985,1399,996,1300
"2024-02-25",18,27611,28398,24967,810,6562,2476,16928,0,8,-774,1994,988,871,-179,0,992,1399,996,1303
"2024-02-25",19,28148,29063,25416,886,6562,3305,16928,0,8,-964,1998,992,1039,-298,-9,999,1398,996,976
"2024-02-25",20,28365,29269,25586,962,6562,3972,16928,0,8,-971,1999,992,1053,-192,-104,999,1399,996,942
"2024-02-25",21,28429,29104,25612,1034,6562,4651,16928,0,8,-896,1999,992,1054,-45,-22,999,1399,996,812
"2024-02-25",22,28312,28921,25510,1105,6562,4754,16928,0,5,-898,1999,992,1053,-4,0,999,1398,996,801
"2024-02-25",23,28948,29552,26133,1181,6562,4390,16928,0,4,-917,1999,992,1053,15,64,999,1398,996,801
"2024-02-25",24,29458,30062,26644,1257,6562,4375,16928,0,4,-722,1999,992,1054,163,89,999,1399,996,801
"2024-02-25",25,30197,30801,27421,1337,6562,4127,16928,0,4,-366,1999,992,1053,313,1,999,1398,996,801
"2024-02-25",26,30665,31277,27911,1416,6562,3441,16928,0,4,-287,1998,992,1054,334,-8,999,1399,996,801
"2024-02-25",27,30924,31566,28193,1515,6562,3026,16928,0,3,-225,1998,992,1053,302,-39,999,1399,996,801
"2024-02-25",28,31113,31788,28432,1613,6562,2901,16928,0,5,-110,1998,992,1053,239,-70,999,1399,996,801
"2024-02-25",29,31274,31938,28606,1710,6562,2387,16928,0,6,-16,1998,992,1053,215,-58,999,1399,996,801
"2024-02-25",30,31557,32165,28883,1806,6562,1921,16928,0,8,43,1998,992,1054,230,0,999,1399,996,801
"2024-02-25",31,32192,32799,29479,1858,6562,1335,16928,0,7,176,1998,992,1044,251,17,906,1399,996,778
"2024-02-25",32,32932,33544,30201,1909,6562,930,16928,0,12,318,1998,992,1034,249,148,899,1399,996,768
"2024-02-25",33,33302,33915,30506,1937,6562,582,16928,0,13,797,2000,992,189,378,295,662,1399,997,234
"2024-02-25",34,34276,34887,31341,1964,6562,228,16928,0,11,604,1999,992,103,400,284,644,1399,996,182
"2024-02-25",35,35773,36382,32681,2040,6562,31,16928,0,9,649,1998,993,6,371,374,930,1399,996,9
"2024-02-25",36,36284,36894,33081,2116,6562,0,16928,0,10,631,1997,992,0,332,358,950,1398,995,2
"2024-02-25",37,37115,37722,33795,2189,6562,0,16928,0,7,698,1993,992,616,332,219,885,1399,933,332
"2024-02-25",38,36612,37219,33312,2261,6562,0,16928,0,7,548,1992,990,777,307,70,880,1399,927,363
"2024-02-25",39,35195,35805,31991,2302,6562,0,16928,0,10,493,1905,896,761,234,74,848,1399,887,363
"2024-02-25",40,33972,34584,30798,2342,6562,0,16928,0,12,446,1898,887,760,88,69,846,1398,883,360
"2024-02-25",41,32730,33384,29648,2379,6562,0,16928,0,13,236,1843,888,565,-41,46,905,1399,801,40
"2024-02-25",42,31262,32062,28298,2415,6562,0,16928,0,12,230,1836,883,547,-188,1,909,1398,791,1
"2024-02-25",43,29707,30552,26907,2439,6562,0,16928,0,16,462,1674,606,479,-229,0,810,1399,586,157
"2024-02-25",44,28209,29312,25577,2463,6562,0,16928,0,209,563,1651,576,475,-244,-50,802,1392,564,167
"2024-02-25",45,27075,28362,24566,2502,6562,0,16928,0,564,961,966,351,253,-112,-11,394,1286,349,28
"2024-02-25",46,25645,26928,23232,2541,6562,0,16928,0,623,1272,910,334,249,-60,0,365,1272,333,6
"2024-02-25",47,24081,25553,21768,2597,6562,0,16928,0,872,1464,1370,646,134,11,0,190,1298,522,114
"2024-02-25",48,23234,24780,21064,2652,6562,0,16930,0,946,1840,1412,674,129,61,0,177,1296,536,120
"2024-02-26",1,23145,24854,21041,2706,6562,0,16930,0,1109,2045,1717,644,104,63,0,165,1185,325,120
"2024-02-26",2,23469,25516,21396,2760,6562,0,16930,0,1447,2314,1744,641,103,148,18,164,1144,307,120
"2024-02-26",3,23121,25221,21065,2783,6562,0,16930,0,1500,2129,1828,621,201,37,0,201,775,302,120
"2024-02-26",4,22763,24970,20754,2806,6562,0,16930,0,1558,2055,1836,618,212,-49,0,203,697,301,120
"2024-02-26",5,22385,24486,20378,2825,6562,0,16930,0,1488,2350,1857,488,172,-13,0,202,326,270,23
"2024-02-26",6,22270,24393,20280,2844,6562,0,16930,0,1481,2412,1856,476,168,-42,0,202,256,266,1
"2024-02-26",7,21734,23900,19775,2846,6562,0,16930,0,1459,2424,1585,483,187,-7,0,196,30,267,-100
"2024-02-26",8,21613,23940,19662,2847,6562,0,16930,0,1542,2461,1547,479,188,-60,0,196,-5,267,-120
"2024-02-26",9,21182,23541,19285,2844,6562,0,16930,0,1313,2894,758,228,-438,49,0,227,-5,297,-3
"2024-02-26",10,21340,23611,19461,2840,6562,0,16930,0,1127,2956,662,202,-535,41,0,230,-5,300,-4
"2024-02-26",11,21997,23935,20081,2832,6562,0,16930,0,137,3126,-289,114,-462,148,0,272,-5,273,-445
"2024-02-26",12,23214,25227,21189,2824,6562,0,16930,0,68,2716,-397,102,-456,131,0,275,-3,266,-489
"2024-02-26",13,26357,28099,24034,2777,6562,0,16930,0,51,2193,-213,-76,-340,31,0,-102,21,-65,-295
"2024-02-26",14,29125,30852,26576,2729,6562,0,16930,0,11,1924,-199,-91,-328,113,0,-130,47,-93,-275
"2024-02-26",15,32073,33347,29274,2697,6562,18,16930,0,11,1655,-384,14,-9,211,0,-39,417,11,-231
"2024-02-26",16,33342,34546,30394,2664,6562,392,16930,0,11,1748,-336,28,0,87,47,-33,495,22,-224
"2024-02-26",17,35088,35774,31946,2692,6562,1344,16930,0,10,1051,1055,261,344,-50,-26,86,866,17,51
"2024-02-26",18,34925,35744,31720,2720,6562,2302,16930,0,8,874,1264,284,401,-199,-12,95,897,22,75
"2024-02-26",19,34930,36024,31659,2826,6562,2893,16930,0,8,558,1346,381,533,-351,-135,252,527,74,159
"2024-02-26",20,34629,35956,31382,2931,6562,3396,16930,0,6,434,1352,391,545,-450,-271,263,454,83,168
"2024-02-26",21,34229,35472,31006,2982,6562,4098,16930,0,4,262,1099,465,637,-451,-188,262,154,352,125
"2024-02-26",22,34081,35226,30912,3032,6562,4364,16930,0,3,216,1087,475,651,-451,-91,262,112,376,120
"2024-02-26",23,33828,35106,30661,3019,6562,4948,16930,0,9,-62,1612,697,572,-451,-218,281,144,382,271
"2024-02-26",24,33308,34725,30164,3005,6562,5410,16930,0,8,-305,1677,719,565,-451,-358,283,146,383,290
"2024-02-26",25,33427,34985,30309,2943,6562,5768,16930,0,8,-454,1624,808,664,-451,-499,652,112,415,407
"2024-02-26",26,33252,34830,30152,2880,6562,5380,16930,0,4,-636,1617,813,672,-451,-523,679,114,421,418
"2024-02-26",27,33026,34587,29890,2792,6562,5558,16930,0,4,-848,1515,541,620,-451,-506,357,226,634,234
"2024-02-26",28,32686,34271,29573,2703,6562,5425,16930,0,4,-885,1503,517,615,-451,-530,334,245,654,215
"2024-02-26",29,32692,34279,29587,2599,6562,4765,16930,0,5,-959,1370,606,527,-451,-531,384,282,721,280
"2024-02-26",30,32842,34435,29749,2495,6562,4124,16930,0,11,-1034,1364,616,519,-451,-531,387,285,726,284
"2024-02-26",31,33283,34874,30150,2279,6562,3420,16930,0,9,-939,1827,702,361,-451,-531,337,238,676,23
"2024-02-26",32,34454,36042,31281,2063,6562,2798,16930,0,6,-930,1870,712,348,-451,-531,334,252,676,0
"2024-02-26",33,35807,37475,32547,1809,6562,1778,16930,0,7,-1040,1986,810,390,-451,-531,383,575,948,-79
"2024-02-26",34,37306,38982,33913,1555,6562,848,16930,0,6,-747,1998,821,394,-451,-531,386,640,972,-88
"2024-02-26",35,39046,40633,35536,1453,6562,155,16930,0,5,-518,1999,882,708,-451,-531,723,909,994,187
"2024-02-26",36,40339,41926,36733,1351,6562,0,16930,0,5,-75,1999,889,735,-451,-531,747,972,997,225
"2024-02-26",37,41179,42766,37526,1314,6562,0,16930,0,5,-145,1999,984,1029,-451,-531,798,1343,997,727
"2024-02-26",38,40927,42518,37338,1277,6562,0,16930,0,9,201,1999,992,1053,-451,-531,802,1398,996,773
"2024-02-26",39,40490,42080,37091,1263,6562,0,16930,0,8,918,1999,992,1040,-451,-531,986,1398,996,773
"2024-02-26",40,39834,41419,36565,1249,6562,0,16930,0,3,1232,1999,993,1040,-451,-531,999,1392,996,773
"2024-02-26",41,38751,40340,35613,1240,6562,0,16930,0,7,1390,1998,992,1038,-451,-531,1018,1302,996,773
"2024-02-26",42,37011,38601,34024,1230,6562,0,16930,0,8,1639,1998,992,1038,-451,-531,1019,1267,996,773
"2024-02-26",43,34932,36526,32102,1239,6562,0,16930,0,12,2163,1999,992,972,-451,-531,955,926,996,773
"2024-02-26",44,33364,34948,30712,1248,6562,0,16930,0,12,2421,1998,992,967,-442,-530,950,883,991,773
"2024-02-26",45,31051,32526,28710,1268,6562,0,16930,0,12,2520,1998,992,855,-419,-444,996,1015,702,753
"2024-02-26",46,29226,30549,27097,1287,6562,0,16930,0,12,3018,1991,990,845,-383,-328,999,1053,676,747
"2024-02-26",47,27546,28667,25641,1333,6562,0,16930,0,10,3465,1611,827,860,-310,-201,628,1353,721,619
"2024-02-26",48,26485,27482,24798,1379,6562,0,16933,0,12,3803,1579,811,861,-333,-52,601,1397,724,606
"2024-02-27",1,26167,27257,24604,1439,6562,0,16933,0,281,4293,1780,817,746,-209,0,571,1397,691,585
"2024-02-27",2,26382,27305,24941,1499,6562,0,16933,0,206,4712,1800,817,737,-117,0,568,1397,688,582
"2024-02-27",3,26092,27487,24767,1559,6562,0,16933,0,715,5082,1803,835,507,-80,0,527,1397,722,582
"2024-02-27",4,25294,26905,24068,1619,6562,0,16933,0,964,5165,1806,837,487,-47,0,523,1374,726,576
"2024-02-27",5,24933,26387,23841,1708,6562,0,16933,0,854,5324,1983,863,147,40,0,514,1004,810,161
"2024-02-27",6,24668,26235,23701,1797,6562,0,16933,0,967,5670,2001,867,118,79,0,513,925,820,114
"2024-02-27",7,24248,26096,23302,1907,6562,0,16933,0,962,5947,2001,982,-124,222,0,175,554,936,-162
"2024-02-27",8,23834,25979,22885,2017,6562,0,16933,0,1204,6037,2000,990,-144,253,0,150,476,941,-197
"2024-02-27",9,23264,25438,22427,2116,6562,0,16933,0,771,6135,1752,841,-261,296,56,27,105,575,-542
"2024-02-27",10,23441,25583,22581,2215,6562,0,16933,0,696,6085,1724,823,-267,246,206,19,47,541,-579
"2024-02-27",11,23762,25816,22931,2298,6562,0,16933,0,150,6465,1333,524,-319,369,358,-214,3,441,-771
"2024-02-27",12,25019,27006,24131,2381,6562,0,16933,0,18,6585,1301,499,-323,400,456,-231,-25,434,-790
"2024-02-27",13,27769,30916,26660,2444,6562,0,16933,0,17,6518,1518,746,-670,399,368,-793,-342,594,-725
"2024-02-27",14,30255,33489,28927,2506,6562,0,16933,0,15,6231,1549,768,-700,399,346,-834,-369,606,-716
"2024-02-27",15,33197,35786,31644,2540,6562,90,16933,0,13,6190,1963,664,-775,335,205,-516,-52,498,-633
"2024-02-27",16,34145,36656,32517,2574,6562,419,16933,0,17,6472,2003,657,-777,236,58,-493,7,488,-624
"2024-02-27",17,35669,37227,33826,2597,6562,773,16933,0,15,6002,1911,843,-223,87,0,-33,196,456,-687
"2024-02-27",18,35807,37307,33889,2620,6562,1182,16933,0,13,5740,1904,860,-175,-17,0,0,246,448,-695
"2024-02-27",19,36190,37707,34200,2622,6562,1677,16933,0,13,5573,1995,803,406,-148,-61,134,617,128,-695
"2024-02-27",20,35898,37628,33833,2623,6562,2203,16933,0,13,5542,2001,800,491,-299,-123,144,652,107,-695
"2024-02-27",21,35634,37431,33478,2632,6562,2588,16933,0,13,5209,1911,976,708,-431,-101,181,335,587,-652
"2024-02-27",22,35060,36904,32920,2641,6562,2952,16933,0,11,4946,1902,992,727,-451,-135,183,288,629,-647
"2024-02-27",23,34909,36809,32701,2671,6562,3322,16933,0,9,4299,1902,971,924,-388,-127,373,292,558,-776
"2024-02-27",24,35060,36864,32751,2700,6562,3432,16933,0,8,4256,1902,967,950,-368,-38,386,290,551,-790
"2024-02-27",25,34539,36277,32332,2798,6562,3765,16933,0,8,4717,1949,871,833,-340,0,290,255,533,-790
"2024-02-27",26,34012,35754,31828,2896,6562,3969,16933,0,8,4731,1948,859,824,-344,0,283,237,523,-790
"2024-02-27",27,33678,35324,31547,2936,6562,3795,16933,0,8,4945,1613,707,796,-248,0,478,27,59,-790
"2024-02-27",28,33147,34859,31129,2975,6562,3443,16933,0,8,4920,1582,692,783,-309,0,487,-5,21,-790
"2024-02-27",29,32948,34856,30982,2914,6562,3124,16933,0,8,4903,1335,630,395,-300,0,-205,-5,154,-790
"2024-02-27",30,33141,35287,31153,2853,6562,2711,16933,0,8,4617,1324,624,386,-427,-56,-260,-5,168,-790
"2024-02-27",31,33678,36441,31554,2651,6562,2401,16933,0,8,4556,1847,613,-145,-443,-206,-566,-5,228,-790
"2024-02-27",32,34805,37774,32598,2448,6562,1626,16933,0,12,4475,1892,616,-171,-450,-358,-588,10,240,-790
"2024-02-27",33,35912,39864,33571,2303,6562,876,16933,0,11,4542,1706,869,-629,-450,-499,-991,238,639,-772
"2024-02-27",34,36870,40839,34390,2157,6562,372,16933,0,11,4430,1680,880,-641,-451,-483,-1020,295,665,-763
"2024-02-27",35,37785,40636,35221,2054,6562,67,16933,0,8,4862,1003,71,140,-451,-526,-741,665,108,-525
"2024-02-27",36,38416,41232,35774,1951,6562,0,16933,0,7,4774,942,-6,167,-451,-531,-721,743,56,-500
"2024-02-27",37,39645,42090,36855,1873,6562,0,16933,0,6,4630,873,-96,151,-452,-531,-281,1114,-150,-329
"2024-02-27",38,39290,41703,36601,1795,6562,0,16933,0,6,4901,865,-102,151,-451,-531,-249,1181,-163,-311
"2024-02-27",39,39155,41544,36542,1771,6562,0,16933,0,2,4590,568,60,-497,-452,-531,-17,1369,217,-290
"2024-02-27",40,38579,41075,36002,1746,6562,0,16933,0,13,4156,534,76,-613,-451,-531,0,1397,248,-288
"2024-02-27",41,37288,39909,34707,1710,6562,0,16933,0,11,4027,129,70,-498,-452,-531,-264,1398,79,-265
"2024-02-27",42,35635,38226,33216,1673,6562,0,16933,0,13,3808,88,69,-451,-451,-531,-283,1398,64,-262
"2024-02-27",43,34046,36551,31729,1627,6562,0,16933,0,4,3612,252,14,-762,-452,-531,7,1398,66,-156
"2024-02-27",44,32294,34804,30166,1580,6562,0,16933,0,8,3644,269,6,-788,-443,-531,28,1398,63,-140
"2024-02-27",45,30295,32363,28268,1543,6562,0,16933,0,7,3752,219,-151,-332,-350,-531,185,1398,-97,119
"2024-02-27",46,28555,30657,26560,1505,6562,0,16933,0,5,3595,206,-163,-292,-401,-531,196,1398,-110,144
"2024-02-27",47,26862,28605,24945,1403,6562,0,16933,0,7,3523,-173,35,-9,-423,-531,13,1398,9,167
"2024-02-27",48,25818,27535,24007,1301,6562,0,16937,0,8,3595,-224,54,0,-354,-531,0,1398,26,171
"2024-02-28",1,25955,27388,24203,1277,6562,0,16937,0,5,3829,233,54,94,-282,-515,-31,1398,41,405
"2024-02-28",2,26237,27533,24440,1253,6562,0,16937,0,16,3734,294,54,103,-257,-389,-34,1398,43,431
"2024-02-28",3,26120,27462,24368,1221,6562,0,16937,0,175,3678,774,54,230,-238,-329,37,1399,23,469
"2024-02-28",4,25491,27290,23765,1188,6562,0,16937,0,631,3516,816,54,245,-212,-356,43,1399,22,480
"2024-02-28",5,24880,27008,23228,1174,6562,0,16937,0,1079,3515,844,90,131,-173,-276,21,1399,69,652
"2024-02-28",6,24448,26901,22770,1159,6562,0,16937,0,1553,3654,830,94,121,-133,-167,19,1398,74,670
"2024-02-28",7,24205,26644,22475,1189,6562,0,16937,0,1716,3971,814,126,6,-96,-27,45,1397,74,607
"2024-02-28",8,23863,26197,22170,1218,6562,0,16937,0,1690,3995,807,127,0,-44,0,47,1397,72,594
"2024-02-28",9,23511,25707,21826,1237,6562,0,16937,0,1425,4068,334,-49,-95,15,0,3,1397,-27,336
"2024-02-28",10,23770,25995,22094,1256,6562,0,16937,0,1400,4161,240,-70,-114,143,0,-4,1397,-37,311
"2024-02-28",11,23963,28428,22304,1303,6562,0,16937,0,762,4324,-1078,-355,-971,285,39,-669,1398,-30,441
"2024-02-28",12,25197,29725,23454,1349,6562,0,16937,0,484,4524,-1258,-378,-1058,277,1,-722,1398,-28,449
"2024-02-28",13,27896,31208,25978,1421,6562,0,16937,0,49,4952,-690,-171,-943,383,78,-859,1397,100,31
"2024-02-28",14,30029,33239,27904,1493,6562,0,16937,0,17,5614,-636,-153,-934,400,152,-870,1397,111,0
"2024-02-28",15,32644,35714,30351,1626,6562,12,16937,0,15,5857,-476,-280,-852,374,245,-847,1397,104,0
"2024-02-28",16,33947,36916,31626,1758,6562,152,16937,0,13,5741,-451,-284,-783,237,157,-837,1397,106,-1
"2024-02-28",17,35348,36113,32933,1896,6562,439,16937,0,13,5522,231,203,-10,87,21,-50,1397,292,-92
"2024-02-28",18,35500,36245,33188,2034,6562,732,16937,0,14,5649,318,251,0,-34,0,15,1397,308,-97
"2024-02-28",19,36148,37159,33837,2177,6562,994,16937,0,13,5706,989,403,206,-178,-61,1,1397,315,-159
"2024-02-28",20,36262,37494,34021,2320,6562,1184,16937,0,13,5600,1044,417,233,-305,-153,0,1397,314,-161
"2024-02-28",21,36088,37316,33846,2485,6562,1443,16937,0,11,5589,597,354,401,-432,-185,257,1397,178,162
"2024-02-28",22,35626,36887,33366,2649,6562,1788,16937,0,13,5450,576,355,423,-451,-197,276,1397,168,195
"2024-02-28",23,35356,36718,33149,2809,6562,2123,16937,0,13,5712,1371,782,955,-451,-298,731,1398,330,368
"2024-02-28",24,35204,36410,33040,2968,6562,2417,16937,0,13,5780,1444,819,1001,-406,-187,765,1397,344,384
"2024-02-28",25,35278,36482,33122,3081,6562,2467,16937,0,11,5627,1113,679,1048,-448,-145,836,1397,376,364
"2024-02-28",26,34979,36183,32870,3194,6562,2631,16937,0,8,5325,1087,664,1053,-451,-145,841,1397,380,360
"2024-02-28",27,34804,35926,32655,3230,6562,2274,16937,0,8,4719,1286,611,829,-452,-62,681,1398,400,360
"2024-02-28",28,34547,35606,32362,3266,6562,2033,16937,0,8,4601,1296,601,806,-451,0,669,1398,401,359
"2024-02-28",29,34238,35259,32066,3275,6562,1554,16937,0,12,4521,749,326,516,-409,0,293,1398,298,233
"2024-02-28",30,34579,35570,32300,3284,6562,1193,16937,0,12,4571,717,302,496,-379,0,259,1398,292,204
"2024-02-28",31,34551,37204,32308,3227,6562,837,16937,0,12,4620,1670,487,-688,-288,0,-477,1398,482,-588
"2024-02-28",32,35459,38322,33196,3169,6562,512,16937,0,11,4823,1757,502,-902,-150,0,-537,1398,497,-663
"2024-02-28",33,36145,38970,33724,3149,6562,268,16937,0,9,4744,1444,405,-957,-163,0,-433,1398,348,-663
"2024-02-28",34,36966,39769,34361,3128,6562,90,16937,0,9,4679,1413,394,-963,-88,-56,-426,1398,331,-661
"2024-02-28",35,37444,39967,34819,3146,6562,9,16937,0,9,4891,1210,303,-840,26,-5,-614,1397,143,-455
"2024-02-28",36,38228,40660,35608,3164,6562,0,16937,0,8,5097,1174,290,-770,15,0,-627,1397,126,-427
"2024-02-28",37,38409,39430,35825,3238,6562,0,16937,0,8,5109,385,-7,-10,69,0,-396,1397,42,97
"2024-02-28",38,37928,39018,35449,3312,6562,0,16937,0,8,5141,313,-30,0,-62,-11,-379,1397,37,150
"2024-02-28",39,37191,37838,34823,3421,6562,0,16937,0,9,5083,659,289,149,-38,0,97,1397,211,433
"2024-02-28",40,35727,36334,33524,3530,6562,0,16937,0,7,5196,691,320,166,9,0,132,1397,227,458
"2024-02-28",41,34143,34769,32030,3587,6562,0,16937,0,7,5276,689,371,239,-19,0,77,1397,206,397
"2024-02-28",42,32611,33269,30604,3643,6562,0,16937,0,7,5409,692,373,246,-41,-10,74,1397,205,386
"2024-02-28",43,30889,31497,29077,3732,6562,0,16937,0,8,5700,858,219,179,63,23,33,1397,301,257
"2024-02-28",44,29305,29910,27475,3820,6562,0,16937,0,5,5499,865,201,173,151,0,29,1381,306,241
"2024-02-28",45,27351,28049,25485,3867,6562,0,16937,0,14,5484,225,11,8,186,0,-84,1136,171,18
"2024-02-28",46,25734,26751,24058,3913,6562,0,16937,0,312,5947,155,-13,0,204,0,-92,1115,156,36
"2024-02-28",47,23814,26739,22499,3935,6562,0,16937,0,1056,5953,-753,-432,141,149,0,63,1360,-84,1116
"2024-02-28",48,22658,26037,21584,3957,6562,0,16941,0,1351,5635,-853,-468,156,136,0,74,1381,-107,1240
"2024-02-29",1,22751,25633,21720,3917,6562,0,16941,0,1381,5274,-524,-270,211,183,0,35,1123,-107,1239
"2024-02-29",2,23187,26128,22151,3876,6562,0,16941,0,1488,5423,-496,-251,213,248,0,31,1081,-106,1239
"2024-02-29",3,22987,26399,21957,3744,6562,0,16941,0,1818,5505,-645,-274,9,216,0,39,1019,-75,1198
"2024-02-29",4,22528,25931,21547,3612,6562,0,16941,0,1804,5490,-655,-272,0,172,0,40,986,-72,1188
"2024-02-29",5,22054,24924,21148,3494,6562,0,16941,0,1731,5692,-389,-45,94,34,0,274,615,-105,916
"2024-02-29",6,21995,24752,21030,3376,6562,0,16941,0,1659,5724,-367,-24,103,0,0,292,551,-107,888
"2024-02-29",7,21625,24565,20670,3228,6562,0,16941,0,1757,5773,-355,-31,228,-63,0,213,406,-134,729
"2024-02-29",8,21362,24393,20463,3079,6562,0,16941,0,1748,5720,-353,-32,242,-162,0,207,395,-136,719
"2024-02-29",9,21168,24191,20353,2972,6562,0,16941,0,1736,5938,-263,-64,-86,-41,0,-115,577,-118,1184
"2024-02-29",10,21204,24202,20454,2865,6562,0,16941,0,1722,5833,-250,-68,-104,0,0,-138,596,-116,1231
"2024-02-29",11,21716,24664,20885,2764,6562,0,16941,0,1666,5701,59,-141,-242,-26,0,-166,466,-107,1391
"2024-02-29",12,22909,25102,21971,2662,6562,0,16941,0,866,5773,97,-144,-259,-41,-16,-168,440,-99,1408
"2024-02-29",13,25552,26875,24394,2597,6562,0,16941,0,287,5581,-11,169,85,-186,-127,-112,35,298,1408
"2024-02-29",14,28075,29157,26710,2532,6562,0,16941,0,18,5494,-19,200,103,-245,-92,-108,4,333,1407
"2024-02-29",15,31052,32273,29423,2469,6562,24,16941,0,11,5307,468,326,149,-387,-216,-7,408,399,1408
"2024-02-29",16,32425,33855,30628,2405,6562,264,16941,0,13,5433,541,339,154,-450,-367,0,459,407,1408
"2024-02-29",17,33656,35224,31799,2418,6562,661,16941,0,13,5502,1072,451,696,-450,-505,339,666,545,1408
"2024-02-29",18,33506,35099,31629,2431,6562,991,16941,0,12,5442,1127,468,743,-450,-531,364,697,564,1408
"2024-02-29",19,34389,35961,32451,2512,6562,1369,16941,0,10,5007,1613,947,773,-445,-517,829,697,961,1408
"2024-02-29",20,34132,35469,32257,2592,6562,1765,16941,0,9,4902,1659,990,775,-337,-391,863,697,997,1408
"2024-02-29",21,34074,35147,32260,2636,6562,1842,16941,0,9,5139,1842,903,818,-225,-239,833,697,996,1408
"2024-02-29",22,33856,34661,32101,2679,6562,2160,16941,0,9,5458,1860,896,822,-87,-109,831,697,996,1407
"2024-02-29",23,33853,34510,32084,2693,6562,2243,16941,0,8,5460,1988,984,897,-44,-5,965,697,995,1408
"2024-02-29",24,33667,34275,31936,2706,6562,2292,16941,0,8,5621,1998,993,904,25,0,974,684,995,1408
"2024-02-29",25,34207,34813,32460,2713,6562,2215,16941,0,6,5710,1999,992,940,159,0,929,478,996,1408
"2024-02-29",26,34277,34886,32529,2719,6562,2134,16941,0,9,5669,1998,992,943,171,0,925,440,996,1408
"2024-02-29",27,34222,34830,32475,2694,6562,2011,16941,0,8,5863,1999,992,932,209,0,923,35,996,1407
"2024-02-29",28,33972,34581,32267,2668,6562,1907,16941,0,9,5622,1999,992,931,72,33,922,2,997,1408
"2024-02-29",29,33892,34534,32218,2622,6562,1621,16941,0,8,5529,1999,992,895,-34,0,908,407,997,1407
"2024-02-29",30,33849,34574,32171,2575,6562,1419,16941,0,8,5168,1999,992,892,-117,0,907,469,995,1408
"2024-02-29",31,34292,35168,32493,2416,6562,1296,16941,0,8,4733,2000,992,613,-268,0,993,840,861,1408
"2024-02-29",32,35014,36054,33111,2257,6562,1022,16941,0,8,4456,2000,992,585,-371,-61,999,919,851,1408
"2024-02-29",33,35533,36801,33507,2125,6562,722,16941,0,8,4280,2000,992,222,-449,-211,896,1290,923,1408
"2024-02-29",34,36240,37654,33971,1992,6562,390,16941,0,8,3757,2000,992,213,-444,-362,888,1348,930,1407
"2024-02-29",35,37336,38893,34909,1878,6562,97,16941,0,5,4006,1993,960,611,-450,-502,824,1391,929,1408
"2024-02-29",36,37950,39535,35312,1764,6562,0,16941,0,4,3972,1993,957,687,-450,-531,819,1397,930,1408
"2024-02-29",37,38608,40193,35797,1670,6562,0,16941,0,4,4024,1999,989,977,-450,-531,1006,1397,990,1408
"2024-02-29",38,38333,39917,35426,1575,6562,0,16941,0,3,3810,2000,992,1003,-450,-531,1019,1397,996,1408
"2024-02-29",39,37958,39541,35112,1489,6562,0,16941,0,2,3480,2000,993,1003,-450,-531,1019,1397,996,1408
"2024-02-29",40,37075,38659,34282,1402,6562,0,16941,0,3,3401,1999,993,1003,-450,-531,1019,1397,996,1408
"2024-02-29",41,36134,37646,33308,1332,6562,0,16941,0,9,3206,1999,992,1003,-372,-531,1019,1397,997,1408
"2024-02-29",42,34895,36328,32166,1262,6562,0,16941,0,7,3158,2000,993,1003,-299,-527,1019,1397,996,1408
"2024-02-29",43,33539,35103,30890,1254,6562,0,16941,0,8,2752,1999,992,1003,-425,-531,1001,1397,998,1407
"2024-02-29",44,31791,33385,29223,1246,6562,0,16941,0,12,2495,1999,992,1003,-451,-531,999,1397,997,1408
"2024-02-29",45,30049,31607,27561,1256,6562,0,16941,0,12,2094,2000,992,987,-415,-531,816,1398,997,1408
"2024-02-29",46,28472,29976,26070,1266,6562,0,16941,0,12,1608,2001,992,987,-361,-531,802,1399,996,1408
"2024-02-29",47,26821,28298,24523,1223,6562,0,16941,0,8,1468,2000,992,1001,-338,-531,986,1399,997,1408
"2024-02-29",48,25894,27369,23631,1180,6562,0,16994,0,8,1069,2001,992,1003,-354,-513,999,1399,998,1408
"2024-03-01",1,25469,26824,23195,1232,6562,0,16994,0,8,818,2001,992,1003,-365,-382,999,1399,998,1408
"2024-03-01",2,25799,26953,23523,1284,6562,0,16994,0,9,799,2000,992,1004,-304,-241,999,1399,997,1408
"2024-03-01",3,25563,26955,23293,1336,6562,0,16994,0,137,475,2000,992,1004,-346,-309,999,1399,998,1408
"2024-03-01",4,24907,26853,22681,1387,6562,0,16994,0,488,245,1999,993,1003,-397,-461,999,1399,997,1408
"2024-03-01",5,24435,26736,22232,1433,6562,0,16994,0,795,65,2000,992,1003,-375,-531,999,1399,997,1387
"2024-03-01",6,24096,26635,21928,1478,6562,0,16994,0,1033,-84,2000,992,1001,-375,-531,999,1399,997,1384
"2024-03-01",7,23859,26603,21685,1565,6562,0,16994,0,1213,-111,1999,992,453,-400,-531,998,1399,997,1403
"2024-03-01",8,23441,26199,21307,1652,6562,0,16994,0,1235,6,2000,990,399,-392,-531,998,1399,995,1407
"2024-03-01",9,23155,25904,21053,1708,6562,0,16994,0,1237,8,2000,843,9,-381,-531,850,1399,874,1277
"2024-03-01",10,23041,25723,20944,1763,6562,0,16994,0,1221,58,1994,826,0,-349,-512,825,1399,856,1265
"2024-03-01",11,23329,25561,21232,1829,6562,0,16994,0,468,344,1500,633,-390,-315,-385,-74,1399,438,1349
"2024-03-01",12,24340,26274,22151,1895,6562,0,16994,0,10,163,1463,619,-464,-372,-332,-156,1399,400,1360
"2024-03-01",13,26946,29545,24492,1999,6562,0,16994,0,10,112,1958,389,-790,-451,-373,-375,1398,327,1403
"2024-03-01",14,28982,31660,26344,2103,6562,0,16994,0,17,358,2002,-1,-746,-451,-476,-387,1399,331,1408
"2024-03-01",15,31650,33249,28798,2237,6562,70,16994,0,17,118,2001,-1,352,-450,-531,270,1399,942,1408
"2024-03-01",16,33129,34728,30132,2370,6562,269,16994,0,17,198,1998,-1,425,-450,-531,326,1398,994,1408
"2024-03-01",17,34608,36202,31517,2497,6562,527,16994,0,12,69,1887,-1,957,-450,-531,950,1398,840,1408
"2024-03-01",18,35071,36665,32014,2623,6562,895,16994,0,12,387,1875,-1,1003,-450,-531,999,1398,827,1408
"2024-03-01",19,35604,37198,32538,2739,6562,1449,16994,0,12,609,1875,-1,1003,-450,-531,999,1398,826,1408
"2024-03-01",20,35543,37138,32517,2854,6562,1874,16994,0,13,655,1874,-1,1003,-450,-531,999,1397,827,1407
"2024-03-01",21,35337,36930,32392,2942,6562,2433,16994,0,11,580,1785,-1,1003,-450,-531,999,1397,915,1280
"2024-03-01",22,34858,36451,31965,3030,6562,3003,16994,0,11,606,1780,-1,1004,-450,-531,1000,1398,924,1260
"2024-03-01",23,34141,35608,31288,3064,6562,3709,16994,0,12,671,1888,-1,1003,-386,-468,999,1397,991,836
"2024-03-01",24,33927,35189,31134,3098,6562,4727,16994,0,10,1017,1900,-1,1003,-237,-414,999,1397,997,793
"2024-03-01",25,33887,35015,31090,3063,6562,4322,16994,0,7,1240,1901,-1,1005,-104,-416,999,1397,998,793
"2024-03-01",26,33219,34233,30446,3027,6562,4422,16994,0,7,1310,1902,-1,1003,-106,-300,999,1397,997,788
"2024-03-01",27,32521,33515,29810,2976,6562,5071,16994,0,7,1404,1986,-1,958,-129,-257,586,1397,988,452
"2024-03-01",28,32210,33103,29546,2924,6562,4188,16994,0,8,1743,1993,-1,869,-77,-207,556,1397,988,414
"2024-03-01",29,31819,32679,29232,2826,6562,3965,16994,0,8,1837,2000,-1,-194,27,-57,629,1397,996,42
"2024-03-01",30,32047,32887,29512,2728,6562,3999,16994,0,7,2019,2000,-1,-231,65,0,634,1397,998,-1
"2024-03-01",31,32196,33866,29647,2548,6562,3046,16994,0,11,2194,2001,-1,-729,209,0,905,1397,997,-329
"2024-03-01",32,33087,34856,30529,2368,6562,2398,16994,0,6,2501,2000,-1,-772,328,-28,924,1397,997,-362
"2024-03-01",33,34196,35717,31578,2200,6562,1684,16994,0,7,2810,2001,-1,-542,399,62,637,1397,997,-371
"2024-03-01",34,35707,37199,32994,2031,6562,759,16994,0,5,3169,2001,-1,-509,338,86,616,1397,997,-377
"2024-03-01",35,37317,37971,34555,1934,6562,208,16994,0,6,3074,1999,-1,264,189,-47,943,1397,997,125
"2024-03-01",36,38006,38626,35159,1836,6562,3,16994,0,3,3126,2000,-1,316,43,-16,966,1397,998,181
"2024-03-01",37,38790,39524,35806,1784,6562,0,16994,0,2,3219,2001,-1,856,-4,-127,977,1397,998,728
"2024-03-01",38,38629,39491,35582,1732,6562,0,16994,0,4,3080,2000,-1,904,-85,-172,978,1397,998,777
"2024-03-01",39,38032,38905,35156,1672,6562,0,16994,0,6,3108,2000,-1,996,-51,-215,1017,1397,998,777
"2024-03-01",40,37350,38331,34602,1612,6562,0,16994,0,10,3075,2001,-1,1004,-127,-243,1019,1397,998,783
"2024-03-01",41,36136,37224,33532,1552,6562,0,16994,0,9,2825,2001,-1,1003,-189,-289,1019,1397,998,1196
"2024-03-01",42,34869,35979,32365,1492,6562,0,16994,0,8,2668,2000,-1,1002,-139,-362,1019,1397,998,1237
"2024-03-01",43,33710,34616,31351,1434,6562,0,16994,0,7,2901,2000,-1,978,-70,-228,1001,1398,998,1323
"2024-03-01",44,32110,32980,29884,1375,6562,0,16994,0,6,3090,2000,-1,975,-188,-75,999,1397,997,1329
"2024-03-01",45,30325,31042,28169,1303,6562,0,16994,0,7,2873,1953,-1,1001,-109,0,908,1397,975,1071
"2024-03-01",46,29022,29743,26922,1230,6562,0,16994,0,7,2706,1950,-1,1003,-113,0,901,1398,974,1047
"2024-03-01",47,27534,28322,25534,1160,6562,0,16994,0,7,2528,1944,-1,1048,-119,-61,993,1398,994,1330
"2024-03-01",48,26586,27521,24671,1089,6562,0,16994,0,10,2339,1943,-1,1051,-119,-205,999,1398,997,1351
"2024-03-02",1,26325,27204,24418,1058,6562,0,16994,0,12,2117,1995,-1,1052,-119,-147,999,1399,996,842
"2024-03-02",2,26745,27485,24878,1027,6562,0,16994,0,11,2301,1999,-1,1052,-111,-17,999,1398,996,791
"2024-03-02",3,26315,27024,24504,1011,6562,0,16994,0,9,2367,1999,-1,1052,-99,0,999,1398,996,791
"2024-03-02",4,25690,26404,23920,995,6562,0,16994,0,14,2378,1998,-1,1052,-99,0,999,1398,996,794
"2024-03-02",5,25202,26265,23451,1008,6562,0,16994,0,405,2115,1998,-1,1051,-57,0,999,1398,996,1029
"2024-03-02",6,24866,26175,23076,1020,6562,0,16994,0,708,1987,1996,-1,1052,0,0,999,1399,996,1054
"2024-03-02",7,24355,26148,22554,1068,6562,0,16994,0,1192,1850,1815,-1,1051,0,0,999,1399,996,1096
"2024-03-02",8,23774,25592,21920,1115,6562,0,16994,0,1217,1699,1798,-1,1052,0,0,999,1399,996,1102
"2024-03-02",9,23479,25537,21635,1115,6562,0,16994,0,1457,1653,1798,-1,1051,0,0,999,1399,997,1071
"2024-03-02",10,23238,25364,21409,1115,6562,0,16994,0,1471,1300,1798,-1,1051,-50,-4,999,1399,997,1062
"2024-03-02",11,23415,25569,21514,1140,6562,0,16994,0,1469,1004,1798,-1,1051,-84,0,999,1399,997,816
"2024-03-02",12,23667,25711,21686,1164,6562,0,16994,0,1414,817,1798,-1,1052,-29,0,999,1399,996,791
"2024-03-02",13,24800,26244,22735,1176,6562,0,16994,0,695,693,1859,-1,1007,-148,0,999,1399,938,791
"2024-03-02",14,25600,26679,23445,1188,6562,0,16994,0,350,843,1862,-1,1003,-128,0,999,1399,933,791
"2024-03-02",15,26824,27812,24544,1209,6562,109,16994,0,144,753,1699,-1,956,-243,0,936,1399,956,791
"2024-03-02",16,27626,28549,25241,1230,6562,525,16994,0,95,565,1686,-1,954,-227,0,931,1399,958,791
"2024-03-02",17,29064,30023,26484,1266,6562,816,16994,0,11,243,1952,-1,953,-347,0,994,1399,927,791
"2024-03-02",18,30075,31017,27336,1302,6562,1199,16994,0,8,-39,1973,-1,954,-333,0,999,1399,924,791
"2024-03-02",19,31097,32133,28229,1377,6562,1468,16994,0,7,-26,1940,-2,1047,-427,0,999,1399,954,791
"2024-03-02",20,31426,32426,28522,1451,6562,1931,16994,0,7,13,1937,-3,1052,-390,0,999,1399,957,791
"2024-03-02",21,31735,32695,28778,1503,6562,2232,16994,0,7,324,1994,-3,1052,-350,0,999,1398,904,791
"2024-03-02",22,31755,32604,28768,1555,6562,2652,16994,0,7,451,1998,-3,1051,-239,0,999,1397,900,791
"2024-03-02",23,31726,32585,28755,1594,6562,3149,16994,0,7,374,1999,-3,1052,-249,0,999,1398,989,791
"2024-03-02",24,31623,32566,28680,1633,6562,3536,16994,0,7,490,1999,11,1052,-336,0,999,1397,997,791
"2024-03-02",25,31885,32776,28971,1664,6562,3741,16994,0,5,448,1999,908,1051,-286,0,999,1398,997,791
"2024-03-02",26,31810,32686,28894,1694,6562,3893,16994,0,6,317,1999,992,1052,-270,0,999,1397,997,791
"2024-03-02",27,31611,32461,28703,1712,6562,3381,16994,0,13,77,1999,992,1052,-237,0,1000,1397,996,791
"2024-03-02",28,31109,31912,28205,1729,6562,3274,16994,0,13,397,1999,992,1052,-190,0,1000,1398,996,791
"2024-03-02",29,30694,31467,27907,1726,6562,3484,16994,0,12,665,1998,990,1052,-161,0,999,1398,996,791
"2024-03-02",30,30502,31390,27741,1723,6562,3075,16994,0,12,731,1996,990,1049,-276,0,999,1397,997,788
"2024-03-02",31,30263,31074,27518,1677,6562,2797,16994,0,12,1010,1819,990,345,-199,0,758,1397,998,552
"2024-03-02",32,30553,31439,27818,1630,6562,2052,16994,0,10,1288,1804,990,264,-276,0,740,1397,997,525
"2024-03-02",33,31713,32622,28973,1576,6562,1385,16994,0,12,1341,1756,992,-86,-211,0,314,1397,997,376
"2024-03-02",34,33230,34261,30411,1522,6562,758,16994,0,12,1382,1750,991,-104,-315,0,283,1397,997,362
"2024-03-02",35,35086,36152,32135,1495,6562,215,16994,0,9,1597,1482,918,657,-387,-70,758,1397,972,500
"2024-03-02",36,36308,37589,33287,1468,6562,6,16994,0,8,2042,1466,913,851,-451,-222,794,1397,970,520
"2024-03-02",37,37616,39046,34571,1468,6562,0,16994,0,6,2504,1957,985,1022,-451,-373,1004,1397,994,748
"2024-03-02",38,37449,39016,34432,1468,6562,0,16994,0,7,2726,2000,992,1044,-452,-508,1019,1397,997,778
"2024-03-02",39,36457,38058,33541,1478,6562,0,16994,0,19,2958,1989,992,1050,-451,-531,1019,1397,997,1350
"2024-03-02",40,35165,36761,32433,1488,6562,0,16994,0,14,3117,1989,992,1052,-451,-531,1019,1397,997,1403
"2024-03-02",41,33969,35564,31392,1474,6562,0,16994,0,12,3294,1982,992,979,-452,-531,968,1397,998,1403
"2024-03-02",42,33039,34633,30610,1459,6562,0,16994,0,12,3522,1981,991,971,-451,-531,964,1397,998,1403
"2024-03-02",43,31668,33260,29389,1430,6562,0,16994,0,10,3666,1850,920,1046,-451,-531,812,1397,998,1403
"2024-03-02",44,30478,32069,28371,1400,6562,0,16994,0,8,3657,1839,915,1051,-452,-531,801,1397,998,1403
"2024-03-02",45,29306,30895,27234,1383,6562,0,16994,0,7,3324,1851,983,1051,-451,-531,633,1397,998,1403
"2024-03-02",46,28059,29650,25966,1366,6562,0,16994,0,8,3095,1846,989,1052,-452,-531,622,1399,998,1396
"2024-03-02",47,26595,28188,24591,1337,6562,0,16994,0,10,3101,1639,929,961,-452,-531,551,1399,975,852
"2024-03-02",48,25957,27552,23996,1308,6562,0,16995,0,13,3084,1623,925,953,-451,-531,546,1399,973,799
"2024-03-03",1,25841,27425,23911,1269,6562,0,16995,0,13,2990,1843,987,944,-452,-519,511,1399,989,799
"2024-03-03",2,26116,27586,24238,1230,6562,0,16995,0,15,2962,1866,992,940,-452,-403,508,1399,991,799
"2024-03-03",3,25740,27236,23907,1188,6562,0,16995,0,60,2759,1948,992,675,-452,-384,631,1399,997,799
"2024-03-03",4,25225,26941,23443,1145,6562,0,16995,0,295,2736,1955,992,669,-451,-370,639,1399,997,799
"2024-03-03",5,24955,27287,23192,1097,6562,0,16995,0,804,2809,1955,992,749,-452,-476,707,1399,997,799
"2024-03-03",6,24463,27182,22684,1049,6562,0,16995,0,1194,2806,1955,992,757,-452,-473,712,1399,997,800
"2024-03-03",7,23805,26840,21998,1019,6562,0,16995,0,1454,2593,1998,992,836,-451,-530,605,1398,998,939
"2024-03-03",8,23437,26474,21661,989,6562,0,16995,0,1454,2599,2002,992,844,-452,-531,597,1399,998,960
"2024-03-03",9,23146,26175,21338,942,6562,0,16995,0,1446,2544,1979,992,812,-452,-531,661,1399,997,1328
"2024-03-03",10,23004,26010,21189,895,6562,0,16995,0,1424,2512,1977,992,810,-451,-531,665,1399,997,1362
"2024-03-03",11,23067,26076,21196,865,6562,0,16995,0,1426,2505,2000,992,905,-452,-531,710,1399,997,1363
"2024-03-03",12,23219,26219,21297,835,6562,0,16995,0,1418,2390,2002,992,911,-451,-531,713,1399,997,1363
"2024-03-03",13,24086,26641,22093,801,6562,0,16995,0,972,2251,2002,992,700,-452,-531,851,1398,997,1405
"2024-03-03",14,24572,27011,22609,766,6562,0,16995,0,857,2184,2001,992,696,-452,-530,860,1398,997,1402
"2024-03-03",15,25557,27279,23473,760,6562,130,16995,0,222,2316,2002,992,814,-451,-449,555,1398,991,846
"2024-03-03",16,26191,27769,24030,753,6562,717,16995,0,86,2283,2002,992,829,-432,-460,532,1398,990,793
"2024-03-03",17,27212,28461,24909,750,6562,1738,16995,0,16,2281,2000,993,1036,-306,-327,898,1397,996,793
"2024-03-03",18,27524,28876,25109,746,6562,2686,16995,0,207,2201,2000,992,1040,-360,-185,924,1397,997,793
"2024-03-03",19,27915,29261,25425,779,6562,3900,16995,0,42,2306,2001,993,898,-451,-253,619,1397,996,793
"2024-03-03",20,27958,29341,25422,812,6562,4827,16995,0,12,2232,2001,992,892,-452,-319,597,1397,996,793
"2024-03-03",21,28009,29518,25447,827,6562,5334,16995,0,9,2032,2000,993,1039,-452,-448,954,1397,997,793
"2024-03-03",22,27677,29141,25112,841,6562,6077,16995,0,7,2001,2000,993,1052,-452,-405,980,1397,997,793
"2024-03-03",23,27699,29261,25104,831,6562,6315,16995,0,7,1713,1999,993,1052,-452,-503,998,1397,996,793
"2024-03-03",24,28005,29595,25348,820,6562,6520,16995,0,7,1656,1999,993,1052,-452,-531,999,1398,996,793
"2024-03-03",25,28262,29852,25587,791,6562,6514,16995,0,7,1494,1999,993,1052,-452,-531,999,1398,996,793
"2024-03-03",26,28252,29842,25561,761,6562,6420,16995,0,7,1284,2000,993,1051,-452,-531,999,1398,997,793
"2024-03-03",27,28375,29962,25690,720,6562,6202,16995,0,4,982,2000,992,1051,-452,-531,999,1399,997,793
"2024-03-03",28,28387,29975,25715,679,6562,5346,16995,0,5,1314,2000,992,1052,-452,-531,999,1399,997,797
"2024-03-03",29,28791,30376,26133,642,6562,4761,16995,0,2,1207,2000,992,1052,-452,-531,999,1399,997,1125
"2024-03-03",30,29198,30788,26515,604,6562,4083,16995,0,7,1221,2000,993,1052,-452,-531,1000,1399,997,1156
"2024-03-03",31,29929,31524,27191,566,6562,3321,16995,0,12,1042,2000,993,1052,-452,-531,954,1399,998,1137
"2024-03-03",32,31222,32817,28391,527,6562,2614,16995,0,12,815,2000,992,1051,-452,-531,950,1398,997,1128
"2024-03-03",33,32402,33997,29464,486,6562,1935,16995,0,12,705,1948,975,1051,-452,-531,538,1398,979,824
"2024-03-03",34,33771,35364,30652,445,6562,1096,16995,0,10,787,1944,974,1052,-452,-531,508,1399,977,797
"2024-03-03",35,35652,37243,32435,446,6562,391,16995,0,8,738,1996,991,1052,-452,-531,947,1399,986,1013
"2024-03-03",36,36776,38365,33504,446,6562,17,16995,0,6,778,2000,992,1052,-452,-531,979,1398,987,1040
"2024-03-03",37,37782,39371,34502,458,6562,0,16995,0,6,984,1999,992,1051,-452,-531,1016,1399,996,1368
"2024-03-03",38,37878,39467,34598,470,6562,0,16995,0,6,1184,1999,992,1052,-452,-531,1019,1399,997,1394
"2024-03-03",39,37439,39027,34235,483,6562,0,16995,0,5,1000,2000,992,1052,-452,-531,1019,1399,997,1122
"2024-03-03",40,36402,37994,33289,496,6562,0,16995,0,9,1034,1999,992,1051,-452,-531,1019,1399,997,1090
"2024-03-03",41,35081,36675,32076,513,6562,0,16995,0,11,924,1962,992,1007,-452,-531,893,1399,998,841
"2024-03-03",42,33895,35490,31027,530,6562,0,16995,0,12,818,1943,988,1003,-452,-531,883,1399,993,818
"2024-03-03",43,32340,33935,29604,537,6562,0,16995,0,12,979,1165,700,978,-452,-531,679,1399,727,797
"2024-03-03",44,30916,32507,28341,544,6562,0,16995,0,8,1048,1102,677,977,-452,-531,663,1399,704,795
"2024-03-03",45,29259,30798,26806,545,6562,0,16995,0,6,1017,1829,926,1015,-452,-481,830,1399,819,795
"2024-03-03",46,27587,29008,25202,546,6562,0,16995,0,9,984,1896,945,1018,-452,-360,842,1399,829,795
"2024-03-03",47,26192,27611,23904,531,6562,0,16995,0,13,845,1833,722,948,-452,-354,819,1399,781,795
"2024-03-03",48,25420,27239,23174,516,6562,0,16998,0,271,871,1830,706,944,-452,-496,817,1399,778,795
"2024-03-04",1,25333,27256,23109,512,6562,0,16998,0,340,774,1987,968,915,-452,-531,803,1399,956,795
"2024-03-04",2,25758,27642,23574,507,6562,0,16998,0,301,694,2000,992,912,-452,-531,803,1399,972,795
"2024-03-04",3,25639,27596,23483,509,6562,0,16998,0,374,599,2000,955,997,-452,-531,984,1399,986,795
"2024-03-04",4,25143,27527,23030,511,6562,0,16998,0,801,555,2000,953,1003,-452,-531,996,1399,987,795
"2024-03-04",5,24864,27345,22756,509,6562,0,16998,0,898,509,2000,988,976,-452,-531,998,1399,995,786
"2024-03-04",6,24581,26980,22472,507,6562,0,16998,0,892,490,1996,989,974,-429,-478,998,1399,996,781
"2024-03-04",7,24361,26482,22255,548,6562,0,16998,0,890,518,1817,862,828,-302,-329,880,1399,974,642
"2024-03-04",8,24099,26079,21961,589,6562,0,16998,0,887,367,1795,847,816,-316,-177,871,1399,968,627
"2024-03-04",9,23657,25290,21520,617,6562,0,16998,0,810,484,1326,657,684,-190,-33,618,1399,720,518
"2024-03-04",10,23786,25346,21654,645,6562,0,16998,0,881,532,1277,634,672,-46,-33,598,1399,697,507
"2024-03-04",11,24269,25113,22130,699,6562,0,16998,0,244,678,766,299,463,64,59,42,1399,585,444
"2024-03-04",12,25472,26084,23242,752,6562,0,16998,0,12,575,726,270,445,213,32,0,1399,573,438
"2024-03-04",13,28327,28936,25870,791,6562,0,16998,0,9,789,1214,398,517,358,36,191,1399,457,511
"2024-03-04",14,30738,31346,28054,829,6562,3,16998,0,8,1161,1264,416,523,400,61,204,1398,452,523
"2024-03-04",15,33218,33831,30287,891,6562,325,16998,0,13,1389,1774,770,382,400,131,186,1399,758,662
"2024-03-04",16,34023,34635,30965,953,6562,1252,16998,0,12,1477,1808,806,377,400,143,191,1398,789,677
"2024-03-04",17,34727,35339,31583,1022,6562,2426,16998,0,12,1161,1075,976,996,400,37,915,1398,981,761
"2024-03-04",18,34721,35333,31597,1091,6562,3493,16998,0,12,1213,1007,992,1052,400,60,975,1398,996,771
"2024-03-04",19,34554,35166,31406,1273,6562,4490,16998,0,12,1166,1005,993,1052,400,71,770,1397,997,771
"2024-03-04",20,33948,34557,30854,1455,6562,5619,16998,0,9,1109,1005,992,1052,368,1,754,1397,996,771
"2024-03-04",21,33070,33678,30076,1658,6562,6364,16998,0,8,1355,997,992,1051,346,0,655,1397,952,771
"2024-03-04",22,32370,32978,29483,1861,6562,6722,16998,0,8,1749,997,992,1048,316,0,648,1397,947,771
"2024-03-04",23,31807,32412,29043,2079,6562,6748,16998,0,5,2244,994,993,716,395,62,385,1397,876,771
"2024-03-04",24,31391,31998,28713,2297,6562,6640,16998,0,7,2499,993,993,708,400,163,366,1397,869,771
"2024-03-04",25,31513,32121,28929,2451,6562,6667,16998,0,8,2635,995,992,1017,400,42,856,1397,901,778
"2024-03-04",26,31388,32000,28857,2604,6562,6235,16998,0,12,2785,995,991,1043,372,0,892,1397,904,783
"2024-03-04",27,31516,32126,28990,2706,6562,5347,16998,0,10,2806,998,903,970,344,0,515,1397,989,783
"2024-03-04",28,31761,32369,29303,2808,6562,4274,16998,0,8,3006,997,891,959,377,11,487,1397,995,783
"2024-03-04",29,32003,32609,29605,2885,6562,3444,16998,0,6,3201,963,668,40,379,110,66,1397,880,783
"2024-03-04",30,32542,33150,30141,2961,6562,2575,16998,0,8,3762,962,644,0,398,31,36,1397,864,783
"2024-03-04",31,32989,33599,30617,2963,6562,1878,16998,0,10,3791,1002,471,0,308,119,3,1397,495,783
"2024-03-04",32,34191,34807,31711,2965,6562,1332,16998,0,16,3770,1000,459,0,267,176,0,1397,467,783
"2024-03-04",33,35056,35715,32507,2979,6562,809,16998,0,17,3964,779,753,0,289,147,-42,1397,729,783
"2024-03-04",34,36111,36767,33495,2993,6562,477,16998,0,11,3920,749,768,0,233,136,-45,1397,742,783
"2024-03-04",35,37106,38251,34414,3076,6562,147,16998,0,7,4067,102,-14,-319,361,17,-205,1397,141,783
"2024-03-04",36,37965,39242,35253,3158,6562,3,16998,0,6,4397,49,-86,-369,368,0,-216,1397,87,786
"2024-03-04",37,38884,39742,36103,3206,6562,0,16998,0,5,4475,4,-11,-113,290,0,-129,1397,58,1023
"2024-03-04",38,38668,39503,35818,3254,6562,0,16998,0,7,4359,6,0,-105,143,0,-123,1397,55,1052
"2024-03-04",39,37881,38608,35139,3273,6562,0,16998,0,17,4484,385,231,-6,57,0,-104,1397,24,1368
"2024-03-04",40,36645,37418,34044,3291,6562,0,16998,0,14,4620,420,250,0,-56,0,-103,1397,22,1398
"2024-03-04",41,35361,36224,32905,3278,6562,0,16998,0,12,4552,340,114,0,-183,-61,-7,1397,102,1398
"2024-03-04",42,33862,34718,31507,3265,6562,0,16998,0,12,4612,341,105,0,-86,-158,0,1397,109,1397
"2024-03-04",43,32328,32976,30116,3233,6562,0,16998,0,10,4601,725,409,0,26,-38,0,1397,82,1269
"2024-03-04",44,30676,31288,28651,3201,6562,0,16998,0,12,4786,761,438,0,0,0,0,1397,79,1255
"2024-03-04",45,28733,29704,26878,3158,6562,0,16998,0,12,4932,606,435,0,64,61,-359,1397,25,1340
"2024-03-04",46,27236,28238,25579,3115,6562,0,16998,0,17,5049,577,423,0,213,38,-385,1377,15,1344
"2024-03-04",47,25227,27476,23630,3001,6562,0,16998,0,119,4998,-323,-357,-389,356,62,-176,1065,-285,883
"2024-03-04",48,24469,27327,22989,2887,6562,0,17000,0,484,4988,-417,-428,-459,400,215,-161,1038,-309,837
"2024-03-05",1,24425,26928,23013,2824,6562,0,17000,0,993,5034,18,-255,-389,400,366,-42,1336,-224,880
"2024-03-05",2,24791,27182,23422,2760,6562,0,17000,0,924,4991,38,-236,-382,400,491,-34,1382,-215,890
"2024-03-05",3,24760,26735,23388,2667,6562,0,17000,0,994,4836,340,-116,-162,400,504,-23,1395,-80,1237
"2024-03-05",4,24243,26395,22953,2574,6562,0,17000,0,1215,4718,374,-104,-144,400,504,-22,1397,-67,1271
"2024-03-05",5,23810,25945,22541,2489,6562,0,17000,0,1208,4688,898,-118,126,400,504,-209,1397,10,1218
"2024-03-05",6,23552,25841,22253,2404,6562,0,17000,0,1350,4798,946,-116,129,400,504,-223,1397,20,1211
"2024-03-05",7,23219,25658,21899,2308,6562,0,17000,0,1370,4757,900,82,-329,400,504,-140,1397,31,1253
"2024-03-05",8,22975,25495,21678,2212,6562,0,17000,0,1452,4891,898,99,-334,400,504,-134,1397,30,1260
"2024-03-05",9,22654,24973,21335,2146,6562,0,17000,0,1235,4753,1178,20,-219,400,504,-89,1397,-176,1346
"2024-03-05",10,22748,24926,21463,2080,6562,0,17000,0,1090,4828,1190,12,-209,400,504,-86,1397,-193,1355
"2024-03-05",11,23304,25030,21998,2015,6562,0,17000,0,146,4839,378,-7,-487,400,504,-389,1397,-97,1402
"2024-03-05",12,24562,26198,23162,1950,6562,0,17000,0,16,4752,299,-9,-510,400,504,-411,1397,-90,1415
"2024-03-05",13,27525,29258,25879,1867,6562,0,17000,0,10,4719,-61,-20,-209,400,504,-680,1397,-153,1415
"2024-03-05",14,30229,31960,28358,1783,6562,0,17000,0,13,4685,-72,-13,-183,400,498,-698,1397,-152,1415
"2024-03-05",15,33384,34833,31106,1739,6562,88,17000,0,7,4510,1152,463,-109,400,387,-733,1397,247,1415
"2024-03-05",16,34366,35821,31884,1694,6562,398,17000,0,17,4716,1325,511,-105,365,244,-733,1397,283,1415
"2024-03-05",17,35544,36297,32932,1672,6562,855,17000,0,12,4279,1523,731,592,223,97,-141,1397,421,1415
"2024-03-05",18,35616,36321,33023,1650,6562,1447,17000,0,8,4188,1545,752,748,77,105,-97,1397,434,1415
"2024-03-05",19,35742,36412,33206,1685,6562,2114,17000,0,7,4168,1816,729,493,-63,14,132,1397,433,1414
"2024-03-05",20,35249,36125,32841,1719,6562,2879,17000,0,4,4291,1837,729,488,-214,-58,148,1397,433,1415
"2024-03-05",21,34812,35838,32400,1734,6562,3475,17000,0,3,4173,1749,797,706,-366,-57,270,1397,421,1415
"2024-03-05",22,34221,35301,31868,1749,6562,4103,17000,0,3,4014,1743,806,737,-451,-26,279,1397,424,1415
"2024-03-05",23,34052,35159,31713,1726,6562,4579,17000,0,3,3747,1831,972,911,-390,-114,627,1397,680,1415
"2024-03-05",24,33544,34743,31226,1702,6562,4516,17000,0,3,3514,1841,987,926,-420,-176,652,1397,702,1415
"2024-03-05",25,33230,34584,30885,1646,6562,4680,17000,0,3,3363,1933,988,998,-451,-300,763,1397,702,1415
"2024-03-05",26,32698,34164,30288,1589,6562,5043,17000,0,3,3182,1934,984,1004,-452,-411,771,1397,704,1415
"2024-03-05",27,32160,33661,29759,1505,6562,5274,17000,0,3,3134,1281,772,838,-452,-446,611,1397,826,1415
"2024-03-05",28,31964,33482,29538,1420,6562,4611,17000,0,3,3051,1235,752,822,-452,-463,599,1397,839,1415
"2024-03-05",29,31588,33176,29164,1335,6562,4579,17000,0,6,2661,1821,775,348,-452,-530,272,1398,939,1415
"2024-03-05",30,31862,33452,29385,1249,6562,4245,17000,0,7,2377,1876,773,307,-452,-531,249,1399,947,1415
"2024-03-05",31,32062,33652,29527,1174,6562,3322,17000,0,7,2086,1727,487,441,-452,-531,200,1399,858,1415
"2024-03-05",32,33248,34838,30594,1099,6562,2567,17000,0,8,1807,1711,461,451,-451,-531,196,1398,849,1415
"2024-03-05",33,34442,36245,31612,1008,6562,1794,17000,0,14,1747,1521,541,229,-451,-531,-207,1399,787,1415
"2024-03-05",34,35768,37596,32799,916,6562,1116,17000,0,13,1787,1504,550,225,-451,-531,-233,1399,779,1415
"2024-03-05",35,37329,38922,34225,864,6562,387,17000,0,10,1679,1590,642,683,-452,-531,426,1398,641,1415
"2024-03-05",36,38348,39934,35193,812,6562,24,17000,0,4,1508,1597,651,722,-451,-531,478,1398,628,1415
"2024-03-05",37,39271,40855,35995,778,6562,0,17000,0,1,1475,1455,699,968,-452,-531,33,1398,535,1415
"2024-03-05",38,39902,41488,36477,743,6562,0,17000,0,3,1449,1452,706,1004,-452,-531,0,1399,527,1415
"2024-03-05",39,39619,41197,36182,712,6562,0,17000,0,9,1279,1861,876,1004,-438,-531,311,1399,610,1372
"2024-03-05",40,38372,39797,35174,680,6562,0,17000,0,9,1256,1902,887,1003,-314,-502,334,1399,616,1367
"2024-03-05",41,37068,38242,33913,655,6562,0,17000,0,12,1398,1869,554,1003,-200,-362,623,1399,493,1356
"2024-03-05",42,36143,37269,33134,630,6562,0,17000,0,9,1181,1864,526,1003,-306,-211,643,1399,479,1355
"2024-03-05",43,34513,35563,31620,617,6562,0,17000,0,11,1378,1763,749,1004,-277,-162,267,1399,361,1385
"2024-03-05",44,32777,33859,30080,603,6562,0,17000,0,10,1423,1747,766,1003,-305,-167,239,1399,351,1389
"2024-03-05",45,30850,31928,28294,596,6562,0,17000,0,11,1550,1524,544,958,-261,-206,540,1399,356,1206
"2024-03-05",46,29049,30335,26623,589,6562,0,17000,0,11,1623,1501,521,954,-351,-324,561,1399,358,1182
"2024-03-05",47,27374,28608,25039,592,6562,0,17000,0,9,1766,1357,428,717,-343,-282,501,1399,400,833
"2024-03-05",48,26430,27266,24194,595,6562,0,17004,0,11,2057,1345,419,696,-195,-30,496,1399,405,801
"2024-03-06",1,26452,27228,24244,616,6562,0,17004,0,91,2159,1296,419,632,-85,0,519,1399,457,789
"2024-03-06",2,26651,27381,24476,636,6562,0,17004,0,130,2228,1293,421,627,8,0,520,1399,461,778
"2024-03-06",3,26377,27689,24245,664,6562,0,17004,0,712,2310,1420,502,569,115,0,576,1398,423,767
"2024-03-06",4,25786,27360,23710,692,6562,0,17004,0,974,2224,1426,507,566,130,0,580,1398,418,765
"2024-03-06",5,25396,26971,23359,709,6562,0,17004,0,975,2296,1085,336,453,85,0,525,1399,357,700
"2024-03-06",6,25131,26706,23098,725,6562,0,17004,0,975,2325,1046,321,443,111,0,521,1399,350,693
"2024-03-06",7,24549,26104,22586,787,6562,0,17004,0,955,2660,649,380,264,155,0,166,1398,278,597
"2024-03-06",8,24364,25864,22446,848,6562,0,17004,0,900,2755,612,383,249,193,0,140,1399,269,582
"2024-03-06",9,23967,25568,22088,868,6562,0,17004,0,949,3013,891,225,9,326,0,-52,1398,156,187
"2024-03-06",10,24043,25609,22188,887,6562,0,17004,0,900,2996,903,206,0,339,0,-66,1392,143,140
"2024-03-06",11,24503,26344,22588,917,6562,0,17004,0,109,3053,318,-52,-512,399,125,-256,1302,-83,-229
"2024-03-06",12,25920,27880,23914,946,6562,0,17004,0,16,3187,260,-79,-625,400,128,-269,1265,-107,-264
"2024-03-06",13,28092,30288,25935,939,6562,0,17004,0,16,3157,160,-262,-550,389,94,-362,896,-294,-112
"2024-03-06",14,30223,32404,27878,932,6562,4,17004,0,16,3065,161,-271,-528,267,200,-369,843,-309,-88
"2024-03-06",15,32955,33973,30394,973,6562,220,17004,0,53,2847,737,262,293,119,23,-200,877,-165,257
"2024-03-06",16,34095,35039,31383,1013,6562,904,17004,0,16,2608,802,317,350,7,0,-188,880,-140,291
"2024-03-06",17,35307,35984,32438,1039,6562,1715,17004,0,15,2250,1625,625,686,-62,0,252,856,523,291
"2024-03-06",18,35256,35945,32344,1065,6562,2487,17004,0,12,2302,1699,653,746,-77,0,284,864,580,291
"2024-03-06",19,35333,36097,32390,1147,6562,3192,17004,0,12,2174,1751,626,999,-152,0,601,1035,534,248
"2024-03-06",20,34987,35767,32105,1229,6562,4043,17004,0,8,2240,1755,624,1004,-172,0,623,1075,530,243
"2024-03-06",21,34199,35015,31390,1311,6562,4868,17004,0,7,2310,1628,602,1004,-209,0,473,1314,568,222
"2024-03-06",22,33311,34096,30575,1392,6562,5629,17004,0,7,2415,1615,599,1004,-178,0,462,1336,573,220
"2024-03-06",23,32338,33153,29582,1439,6562,6071,17004,0,7,2364,1302,539,787,-208,0,368,1115,628,220
"2024-03-06",24,31602,32348,28832,1486,6562,6414,17004,0,7,2536,1277,534,768,-139,0,362,1073,633,220
"2024-03-06",25,31270,31941,28512,1527,6562,6578,17004,0,7,2585,1423,632,781,-64,0,345,938,579,220
"2024-03-06",26,30881,31599,28100,1567,6562,6446,17004,0,7,2483,1433,641,783,-111,0,343,894,571,220
"2024-03-06",27,30474,31094,27696,1569,6562,6009,17004,0,3,2457,1123,614,426,-17,0,328,523,437,115
"2024-03-06",28,30478,31114,27723,1571,6562,5484,17004,0,7,2663,1094,612,395,-29,0,327,444,426,101
"2024-03-06",29,31167,31771,28421,1576,6562,4881,17004,0,4,2776,978,653,634,43,0,448,74,467,143
"2024-03-06",30,31322,31929,28623,1580,6562,4211,17004,0,7,2685,965,655,655,63,0,457,21,476,139
"2024-03-06",31,31636,32714,28941,1550,6562,3626,17004,0,7,2935,1019,526,278,200,0,233,46,757,-471
"2024-03-06",32,32705,33846,30024,1520,6562,2922,17004,0,7,3082,1031,517,209,243,0,215,73,783,-534
"2024-03-06",33,33925,35708,31130,1416,6562,1945,17004,0,7,3129,1694,681,-86,371,118,-319,444,858,-771
"2024-03-06",34,35306,37162,32390,1312,6562,1164,17004,0,6,2897,1741,686,-104,400,80,-359,523,840,-787
"2024-03-06",35,36212,37728,33236,1329,6562,365,17004,0,5,3082,1035,25,-313,400,227,-95,894,-208,-295
"2024-03-06",36,37096,38704,34092,1345,6562,23,17004,0,5,3322,975,-32,-342,400,103,-76,972,-311,-242
"2024-03-06",37,38559,39430,35398,1414,6562,0,17004,0,4,3346,1170,289,64,400,103,195,1342,-267,114
"2024-03-06",38,39046,39905,35800,1483,6562,0,17004,0,5,3304,1181,317,148,368,99,215,1396,-254,146
"2024-03-06",39,38636,39243,35470,1531,6562,0,17004,0,7,3125,651,189,500,280,1,581,1377,315,209
"2024-03-06",40,37868,38475,34809,1578,6562,0,17004,0,7,3146,607,180,531,224,0,607,1364,362,216
"2024-03-06",41,36493,37100,33484,1601,6562,0,17004,0,7,3130,815,347,485,83,0,405,1205,279,108
"2024-03-06",42,35059,35666,32213,1623,6562,0,17004,0,7,3342,835,361,482,131,0,390,1192,271,103
"2024-03-06",43,33647,34255,30952,1619,6562,0,17004,0,8,3434,774,275,654,213,0,480,1371,271,522
"2024-03-06",44,31906,32516,29375,1614,6562,0,17004,0,10,3414,758,267,668,153,0,487,1388,271,559
"2024-03-06",45,29629,30236,27272,1600,6562,0,17004,0,7,3586,182,208,594,205,0,391,1229,226,275
"2024-03-06",46,27929,28536,25683,1586,6562,0,17004,0,7,3705,153,203,591,293,0,385,1216,223,245
"2024-03-06",47,26345,26952,24191,1544,6562,0,17004,0,7,3806,1231,253,352,362,0,229,1374,364,96
"2024-03-06",48,25423,26030,23345,1502,6562,0,17007,0,7,3838,1346,264,332,399,127,218,1398,377,81
"2024-03-07",1,25541,26152,23489,1478,6562,0,17007,0,11,3729,1551,686,398,400,228,417,1398,402,81
"2024-03-07",2,25930,26547,23876,1454,6562,0,17007,0,17,3773,1578,725,403,400,346,431,1399,409,81
"2024-03-07",3,25694,26643,23646,1439,6562,0,17007,0,349,3449,1799,764,325,400,247,427,1399,742,101
"2024-03-07",4,25191,26468,23100,1423,6562,0,17007,0,677,3327,1822,766,319,400,290,427,1399,770,105
"2024-03-07",5,24562,26082,22533,1397,6562,0,17007,0,920,3349,1761,667,299,400,219,562,1399,733,105
"2024-03-07",6,24288,25804,22243,1371,6562,0,17007,0,916,3370,1749,656,298,400,212,571,1399,728,105
"2024-03-07",7,23729,25240,21732,1382,6562,0,17007,0,911,3469,1371,594,345,400,224,523,1399,638,82
"2024-03-07",8,23359,24869,21334,1393,6562,0,17007,0,910,3231,1329,583,349,400,217,519,1399,625,81
"2024-03-07",9,23045,24552,21091,1399,6562,0,17007,0,907,3480,842,276,344,400,262,167,1399,291,76
"2024-03-07",10,23312,24615,21373,1405,6562,0,17007,0,703,3530,790,243,341,400,248,142,1398,258,71
"2024-03-07",11,23496,24578,21502,1431,6562,0,17007,0,34,3560,224,-53,-230,400,268,-43,1375,42,-122
"2024-03-07",12,24543,25697,22453,1456,6562,0,17007,0,9,3439,179,-76,-271,374,101,-56,1374,27,-142
"2024-03-07",13,27562,28176,25285,1484,6562,0,17007,0,14,3272,852,179,85,238,62,83,1396,280,55
"2024-03-07",14,29792,30404,27380,1511,6562,3,17007,0,12,3235,924,212,103,88,133,94,1399,311,74
"2024-03-07",15,32745,33427,29958,1587,6562,161,17007,0,13,2787,1769,774,432,-33,-36,625,1399,836,183
"2024-03-07",16,33519,34393,30607,1663,6562,587,17007,0,13,2577,1845,829,487,-179,-82,665,1399,884,204
"2024-03-07",17,34765,35768,31725,1768,6562,1205,17007,0,77,2161,1987,978,963,-325,-1,976,1398,988,981
"2024-03-07",18,34899,35848,31868,1872,6562,1793,17007,0,8,1971,2000,992,1004,-341,0,1000,1398,997,1052
"2024-03-07",19,35127,36205,32120,2077,6562,2354,17007,0,8,1761,1999,992,1003,-441,-29,920,1398,997,1020
"2024-03-07",20,34779,36020,31818,2282,6562,2895,17007,0,8,2058,2000,992,1003,-450,-183,914,1397,997,1015
"2024-03-07",21,33913,34944,31088,2425,6562,3479,17007,0,8,2550,2000,992,1004,-411,-12,878,1397,988,951
"2024-03-07",22,33296,34374,30549,2568,6562,3931,17007,0,11,2819,2000,992,1003,-393,-74,875,1397,987,945
"2024-03-07",23,32686,33619,29985,2679,6562,4166,17007,0,11,2809,1999,992,1004,-320,-2,991,1397,996,883
"2024-03-07",24,32679,33575,29998,2789,6562,4113,17007,0,8,2920,1999,993,1004,-288,0,999,1397,996,877
"2024-03-07",25,32994,33802,30316,2846,6562,3819,17007,0,8,3138,1999,992,1004,-200,0,999,1397,996,1093
"2024-03-07",26,33080,33924,30408,2903,6562,3918,17007,0,8,2990,1999,992,1003,-236,0,999,1380,997,1112
"2024-03-07",27,32771,33489,30095,2918,6562,3907,17007,0,8,3118,1999,993,852,-110,0,838,1105,997,895
"2024-03-07",28,32332,33011,29676,2932,6562,3346,17007,0,8,3188,2000,993,839,-71,0,826,1041,996,870
"2024-03-07",29,32357,32964,29787,2942,6562,3102,17007,0,7,3322,1999,993,809,40,0,988,671,996,654
"2024-03-07",30,32418,33026,29808,2952,6562,2683,17007,0,8,3275,1999,993,755,1,0,999,598,996,622
"2024-03-07",31,31946,32710,29345,2900,6562,2061,17007,0,8,3367,1999,992,10,-4,0,931,318,996,-152
"2024-03-07",32,33280,34174,30642,2847,6562,1612,17007,0,8,3247,1999,992,0,-61,0,924,299,996,-225
"2024-03-07",33,34228,35501,31488,2734,6562,1135,17007,0,8,3359,2001,992,-399,37,0,350,669,997,-266
"2024-03-07",34,35077,36435,32210,2620,6562,580,17007,0,8,3089,2001,992,-477,1,26,306,747,997,-273
"2024-03-07",35,36610,38583,33613,2629,6562,205,17007,0,7,3408,2001,947,-865,-56,1,316,1119,997,-445
"2024-03-07",36,37514,39588,34488,2638,6562,17,17007,0,6,3252,1998,942,-807,-207,-1,316,1185,996,-453
"2024-03-07",37,38561,39535,35394,2661,6562,0,17007,0,6,3006,1886,924,-10,-358,0,581,1369,900,164
"2024-03-07",38,38432,39612,35316,2684,6562,0,17007,0,5,2910,1874,923,0,-449,-126,601,1397,893,227
"2024-03-07",39,38160,39640,35120,2686,6562,0,17007,0,7,2947,1926,943,719,-450,-423,830,1397,988,729
"2024-03-07",40,37447,38930,34451,2687,6562,0,17007,0,7,2976,1926,943,942,-450,-426,847,1397,994,774
"2024-03-07",41,35784,37094,32936,2664,6562,0,17007,0,7,3290,1611,815,790,-402,-301,856,1397,840,774
"2024-03-07",42,34279,35553,31656,2641,6562,0,17007,0,3,3812,1584,803,784,-328,-343,857,1397,826,774
"2024-03-07",43,32654,33642,30205,2622,6562,0,17007,0,3,4013,1593,825,999,-253,-132,768,1397,827,774
"2024-03-07",44,30950,31827,28651,2603,6562,0,17007,0,3,4230,1591,822,1004,-170,-104,761,1397,821,770
"2024-03-07",45,28691,29417,26616,2575,6562,0,17007,0,3,4201,1299,562,761,-122,-1,544,1397,429,489
"2024-03-07",46,26993,27720,25041,2547,6562,0,17007,0,6,4029,1277,541,737,-121,0,528,1397,398,453
"2024-03-07",47,25420,26322,23495,2580,6562,0,17007,0,15,3950,1550,767,393,-170,0,236,1398,641,-117
"2024-03-07",48,24359,25502,22496,2613,6562,0,17011,0,283,3776,1573,787,385,-88,0,214,1398,664,-172
"2024-03-08",1,24409,25392,22531,2615,6562,0,17011,0,202,3659,1524,743,585,24,0,525,1397,711,-181
"2024-03-08",2,24798,25883,22953,2617,6562,0,17011,0,297,3848,1520,742,589,156,0,547,1398,719,-188
"2024-03-08",3,24422,26220,22587,2617,6562,0,17011,0,729,4093,1554,900,446,228,0,338,1397,882,-469
"2024-03-08",4,23749,25716,21977,2617,6562,0,17011,0,869,3895,1557,913,434,178,0,322,1397,896,-498
"2024-03-08",5,23100,25248,21434,2613,6562,0,17011,0,819,3968,1545,792,615,141,0,-25,1397,822,-704
"2024-03-08",6,22953,25221,21291,2609,6562,0,17011,0,892,4142,1538,779,630,159,0,-51,1398,812,-725
"2024-03-08",7,22506,24860,20814,2657,6562,0,17011,0,966,4271,1313,602,622,241,0,62,1398,649,-788
"2024-03-08",8,22214,24575,20525,2705,6562,0,17011,0,968,4090,1296,585,622,216,0,70,1374,630,-793
"2024-03-08",9,21917,23990,20281,2730,6562,0,17011,0,1012,4307,1530,605,323,344,0,218,1004,392,-461
"2024-03-08",10,21995,24138,20348,2755,6562,0,17011,0,981,4386,1549,606,297,324,0,228,952,370,-562
"2024-03-08",11,22393,24291,20704,2799,6562,0,17011,0,219,4501,1327,542,-547,395,16,-66,998,337,-466
"2024-03-08",12,23319,25124,21608,2842,6562,0,17011,0,18,4509,1309,540,-655,398,45,-87,1010,339,-445
"2024-03-08",13,26129,26879,24241,2892,6562,0,17011,0,150,4356,1790,820,92,305,41,39,1077,649,230
"2024-03-08",14,27999,28608,25965,2941,6562,15,17011,0,9,4073,1833,847,112,159,54,50,1103,682,292
"2024-03-08",15,30635,31243,28347,3068,6562,284,17011,0,8,3720,1984,926,697,24,1,644,1359,971,324
"2024-03-08",16,31709,32377,29204,3194,6562,909,17011,0,5,3616,1997,934,788,-63,0,689,1397,995,333
"2024-03-08",17,32303,33119,29694,3367,6562,1654,17011,0,2,3352,1997,987,987,-214,0,967,1397,908,635
"2024-03-08",18,32394,33280,29800,3540,6562,2367,17011,0,7,3663,1999,992,1004,-279,0,988,1397,899,658
"2024-03-08",19,32189,33039,29525,3727,6562,3174,17011,0,7,3595,1999,992,1004,-243,0,999,1397,854,658
"2024-03-08",20,31657,32503,28913,3914,6562,4137,17011,0,5,3625,1994,992,1004,-241,0,1000,1397,851,668
"2024-03-08",21,30750,31490,27980,3999,6562,4773,17011,0,3,3829,1782,991,1003,-137,0,883,1397,843,684
"2024-03-08",22,29873,30666,27135,4083,6562,5532,17011,0,3,3908,1762,992,1003,-190,0,874,1379,844,684
"2024-03-08",23,29462,30300,26736,4123,6562,5871,17011,0,3,4206,1890,992,1003,-235,100,991,1091,983,684
"2024-03-08",24,29129,30032,26404,4163,6562,6028,17011,0,3,4163,1901,992,1003,-300,153,999,1037,996,684
"2024-03-08",25,28953,29830,26308,4183,6562,6157,17011,0,3,4101,1901,992,1003,-274,154,999,859,997,684
"2024-03-08",26,28603,29504,26019,4202,6562,6201,17011,0,3,4248,1902,992,1004,-298,201,999,809,997,684
"2024-03-08",27,28249,29152,25754,4224,6562,5931,17011,0,3,4416,1992,992,1003,-300,203,814,439,996,684
"2024-03-08",28,28038,28937,25668,4246,6562,5665,17011,0,5,4610,2000,992,1003,-294,203,800,371,995,684
"2024-03-08",29,27951,28762,25718,4244,6562,4918,17011,0,7,4804,2000,992,1004,-204,203,884,171,870,684
"2024-03-08",30,28034,28900,25783,4241,6562,4299,17011,0,7,4644,2000,992,1003,-259,203,890,165,861,684
"2024-03-08",31,28548,29306,26282,4200,6562,3691,17011,0,7,4736,2001,992,975,-151,203,683,534,985,684
"2024-03-08",32,29607,30306,27300,4159,6562,2821,17011,0,7,4751,2001,992,972,-92,84,667,603,991,681
"2024-03-08",33,30758,31382,28398,3994,6562,1806,17011,0,5,4687,1999,991,852,-19,0,742,814,655,472
"2024-03-08",34,32044,32780,29580,3829,6562,924,17011,0,4,4676,1999,991,841,-132,0,747,869,630,455
"2024-03-08",35,33715,34431,31216,3757,6562,314,17011,0,4,4595,1999,992,991,-112,0,790,1239,967,663
"2024-03-08",36,34829,35613,32340,3684,6562,25,17011,0,6,4651,1999,991,1003,-178,0,793,1300,997,683
"2024-03-08",37,35728,36533,33168,3667,6562,0,17011,0,5,4612,2000,992,1004,-200,0,803,1384,997,683
"2024-03-08",38,35994,36878,33455,3650,6562,0,17011,0,6,4654,2000,992,1004,-278,0,804,1397,997,683
"2024-03-08",39,35657,36558,33165,3645,6562,0,17011,0,6,4665,2000,992,1004,-295,0,945,1397,997,683
"2024-03-08",40,34547,35412,32188,3640,6562,0,17011,0,6,4735,2000,992,1003,-259,0,955,1397,997,683
"2024-03-08",41,33322,34222,31048,3621,6562,0,17011,0,8,4635,1999,992,1003,-292,0,1015,1397,996,683
"2024-03-08",42,32173,33018,29984,3601,6562,0,17011,0,8,4812,1999,991,1003,-237,0,1019,1397,993,675
"2024-03-08",43,30452,31148,28469,3576,6562,0,17011,0,10,4764,2000,948,1004,-86,0,908,1397,780,60
"2024-03-08",44,29396,30008,27372,3550,6562,0,17011,0,12,4671,1989,939,1004,5,0,900,1389,757,6
"2024-03-08",45,28043,28655,25941,3503,6562,0,17011,0,12,4754,1416,640,849,30,0,859,1257,422,516
"2024-03-08",46,26435,27051,24561,3456,6562,0,17011,0,16,4457,1352,610,831,57,0,855,1214,393,558
"2024-03-08",47,24654,25361,22851,3382,6562,0,17011,0,19,4230,939,522,189,9,-88,303,844,431,48
"2024-03-08",48,23874,24643,22149,3308,6562,0,17011,0,21,4039,900,514,139,-141,-7,261,776,434,0
"2024-03-09",1,23519,24671,21825,3291,6562,0,17011,0,287,3947,1003,515,7,-265,0,104,565,443,0
"2024-03-09",2,24032,25192,22376,3273,6562,0,17011,0,318,4222,1007,516,0,-242,0,92,538,444,0
"2024-03-09",3,23615,25209,22010,3247,6562,0,17011,0,693,4396,643,610,0,-177,0,62,610,445,-124
"2024-03-09",4,22879,24766,21369,3221,6562,0,17011,0,1007,4683,610,618,0,-137,0,59,611,444,-143
"2024-03-09",5,22267,24525,20800,3221,6562,0,17011,0,1502,4685,878,558,302,-144,0,93,460,381,-12
"2024-03-09",6,21833,24170,20364,3221,6562,0,17011,0,1569,4539,896,553,349,-167,0,96,415,377,-1
"2024-03-09",7,21225,23686,19801,3233,6562,0,17011,0,1557,4712,696,532,192,-117,0,-10,50,472,-177
"2024-03-09",8,20678,23217,19281,3245,6562,0,17011,0,1542,4550,677,531,184,-159,0,-18,-28,481,-192
"2024-03-09",9,20237,23116,18870,3288,6562,0,17011,0,1452,4653,716,584,8,-54,0,-220,-403,514,-150
"2024-03-09",10,19997,23017,18652,3330,6562,0,17011,0,1531,4698,719,589,0,-40,0,-235,-469,516,-145
"2024-03-09",11,20158,23058,18728,3359,6562,0,17011,0,1462,4612,771,580,0,-72,0,101,-621,458,-145
"2024-03-09",12,20411,23079,18939,3388,6562,0,17011,0,1214,4759,782,581,0,-94,0,125,-619,450,-141
"2024-03-09",13,21534,23126,20009,3374,6562,0,17011,0,551,4529,1156,667,186,-162,-36,80,-242,282,-1
"2024-03-09",14,22343,23342,20793,3359,6562,15,17011,0,168,4632,1195,676,208,-48,-1,77,-182,275,4
"2024-03-09",15,23872,25068,22160,3377,6562,187,17011,0,221,4401,1522,763,544,-142,-121,409,-112,826,244
"2024-03-09",16,24677,25683,22859,3394,6562,704,17011,0,21,4341,1558,773,573,-293,-14,433,-78,876,271
"2024-03-09",17,26385,27542,24397,3435,6562,1503,17011,0,72,4198,1944,906,937,-428,-57,758,296,984,730
"2024-03-09",18,27006,28102,24890,3475,6562,2160,17011,0,21,4596,1980,920,1004,-450,-25,781,374,994,775
"2024-03-09",19,27537,28862,25313,3514,6562,2684,17011,0,21,4692,1999,986,1003,-450,-254,868,744,997,775
"2024-03-09",20,27625,28962,25288,3552,6562,3392,17011,0,21,4774,2000,992,1003,-450,-266,874,792,997,775
"2024-03-09",21,27558,28931,25131,3596,6562,4129,17011,0,13,4587,2000,992,1003,-450,-310,991,690,997,775
"2024-03-09",22,27239,28570,24758,3640,6562,4290,17011,0,12,4404,1999,992,1003,-450,-269,993,698,997,775
"2024-03-09",23,26781,28281,24316,3660,6562,4709,17011,0,12,4486,2002,992,1003,-450,-438,256,1068,997,775
"2024-03-09",24,26650,28241,24223,3680,6562,5092,17011,0,10,4640,2001,992,1004,-450,-531,194,1137,997,775
"2024-03-09",25,26309,28155,23863,3685,6562,5243,17011,0,265,4389,2002,992,1004,-450,-531,231,1363,997,775
"2024-03-09",26,26290,28422,23835,3689,6562,5336,17011,0,551,4451,2001,992,1003,-450,-531,233,1397,997,775
"2024-03-09",27,26144,28273,23704,3677,6562,4463,17011,0,548,4294,2001,992,1004,-450,-531,321,1397,997,775
"2024-03-09",28,26610,28306,24211,3665,6562,3816,17011,0,115,4351,2001,992,1004,-450,-531,329,1392,997,775
"2024-03-09",29,26617,28490,24275,3624,6562,3510,17011,0,292,4307,2000,992,1004,-450,-531,891,1310,997,775
"2024-03-09",30,26945,28723,24584,3582,6562,2790,17011,0,197,4289,1999,992,1003,-450,-531,925,1303,997,780
"2024-03-09",31,27295,28889,24880,3500,6562,2208,17011,0,13,4422,2001,992,1003,-450,-531,138,1385,997,1083
"2024-03-09",32,28160,29753,25805,3417,6562,1530,17011,0,12,4576,2001,992,1003,-450,-531,71,1397,997,1115
"2024-03-09",33,29722,31311,27284,3357,6562,949,17011,0,8,4522,2000,992,1004,-450,-531,527,1397,997,1375
"2024-03-09",34,30823,32410,28303,3297,6562,579,17011,0,6,4352,2000,992,1004,-450,-531,560,1397,997,1400
"2024-03-09",35,32195,33782,29654,3278,6562,200,17011,0,6,4420,2000,992,853,-450,-531,775,1397,997,1400
"2024-03-09",36,33010,34597,30421,3258,6562,19,17011,0,6,4423,1999,992,847,-450,-531,790,1397,997,1400
"2024-03-09",37,33376,34963,30761,3230,6562,0,17011,0,6,4573,2000,992,944,-450,-531,750,1397,997,1400
"2024-03-09",38,33516,35102,30917,3202,6562,0,17011,0,5,4494,2000,992,955,-450,-531,747,1397,997,1400
"2024-03-09",39,33161,34748,30662,3175,6562,0,17011,0,6,4556,1999,992,1001,-450,-531,748,1397,997,1400
"2024-03-09",40,32268,33858,29889,3148,6562,0,17011,0,9,4479,1999,992,1003,-450,-531,748,1397,997,1399
"2024-03-09",41,31286,32885,28957,3094,6562,0,17011,0,18,4416,1943,992,1004,-450,-531,921,1397,997,1293
"2024-03-09",42,30220,31819,27952,3040,6562,0,17011,0,18,4388,1935,990,1003,-450,-531,933,1397,995,1280
"2024-03-09",43,28862,30454,26724,2976,6562,0,17011,0,11,4404,1631,850,1003,-450,-531,623,1397,908,1236
"2024-03-09",44,27860,29451,25788,2911,6562,0,17011,0,10,4257,1599,836,1003,-450,-531,592,1397,894,1229
"2024-03-09",45,26584,28364,24559,2848,6562,0,17011,0,19,4296,1375,762,974,-450,-531,-180,1397,589,969
"2024-03-09",46,25565,27408,23608,2784,6562,0,17011,0,17,4259,1339,751,970,-450,-531,-245,1374,562,944
"2024-03-09",47,23886,25713,21970,2749,6562,0,17011,0,246,4289,472,531,728,-450,-531,223,1004,577,963
"2024-03-09",48,22903,25237,21130,2713,6562,0,17012,0,753,4339,406,514,724,-450,-531,258,925,579,966
"2024-03-10",1,22881,25385,21171,2722,6562,0,17012,0,923,4322,1259,733,889,-450,-531,231,554,648,815
"2024-03-10",2,23026,25557,21446,2731,6562,0,17012,0,950,4271,1338,752,903,-450,-531,228,497,652,801
"2024-03-10",3,23077,25844,21479,2724,6562,0,17012,0,1223,4273,1486,661,863,-413,-531,461,454,581,801
"2024-03-10",4,22302,25297,20767,2716,6562,0,17012,0,1464,4037,1503,654,862,-400,-531,478,424,576,801
"2024-03-10",5,21845,24903,20375,2729,6562,0,17012,0,1527,3782,1706,774,843,-400,-531,311,50,674,792
"2024-03-10",6,21348,24418,19892,2741,6562,0,17012,0,1532,3916,1714,785,842,-400,-531,299,-7,682,788
"2024-03-10",7,20705,23756,19296,2767,6562,0,17012,0,1513,4101,1109,771,766,-400,-531,192,-7,629,756
"2024-03-10",8,20200,23253,18783,2793,6562,0,17012,0,1498,4172,1053,768,763,-400,-531,185,-24,625,754
"2024-03-10",9,19801,23226,18448,2812,6562,0,17012,0,1498,4105,1233,713,821,-400,-531,-82,-314,687,754
"2024-03-10",10,19535,23036,18274,2830,6562,0,17012,0,1487,4148,1248,707,827,-400,-531,-102,-381,692,754
"2024-03-10",11,19500,23275,18193,2857,6562,0,17012,0,1482,4332,998,637,961,-400,-531,216,-762,662,754
"2024-03-10",12,19588,23388,18248,2884,6562,0,17012,0,1472,4737,980,630,976,-400,-531,239,-797,654,754
"2024-03-10",13,20275,23724,18913,2865,6562,0,17012,0,1462,4937,1245,610,978,-400,-531,354,-456,352,773
"2024-03-10",14,20827,24095,19464,2845,6562,1,17012,0,1317,4760,1267,608,977,-438,-531,363,-382,330,777
"2024-03-10",15,22229,24785,20762,2821,6562,58,17012,0,968,4534,1407,602,1002,-450,-531,398,-7,580,777
"2024-03-10",16,22947,25094,21374,2796,6562,250,17012,0,566,4312,1426,603,1003,-450,-531,400,73,608,777
"2024-03-10",17,24807,26786,23117,2788,6562,453,17012,0,398,4235,1815,713,1003,-450,-531,475,444,914,777
"2024-03-10",18,25869,27488,24084,2780,6562,662,17012,0,38,4385,1854,727,1003,-450,-531,481,523,943,778
"2024-03-10",19,27332,28972,25349,2790,6562,923,17012,0,59,4459,1988,969,1004,-450,-531,918,893,993,777
"2024-03-10",20,27958,29549,25869,2800,6562,1166,17012,0,10,4325,1999,992,1003,-450,-531,933,972,997,777
"2024-03-10",21,28490,30093,26310,2821,6562,1499,17012,0,9,4245,2002,992,1003,-450,-531,-13,1342,998,777
"2024-03-10",22,29099,30787,26889,2842,6562,1705,17012,0,12,4251,2002,992,1003,-450,-531,-95,1397,997,777
"2024-03-10",23,29850,31333,27607,2824,6562,1951,17012,0,10,4401,1985,992,1003,-387,-486,644,1397,997,777
"2024-03-10",24,30207,31545,27927,2806,6562,1782,17012,0,8,4554,1984,992,1004,-320,-410,704,1398,998,777
"2024-03-10",25,30615,31992,28244,2773,6562,1817,17012,0,8,4461,1998,992,1003,-240,-529,932,1399,998,777
"2024-03-10",26,30914,32371,28504,2740,6562,1886,17012,0,8,4227,1999,993,1004,-318,-531,948,1398,997,777
"2024-03-10",27,31075,32486,28643,2689,6562,1721,17012,0,8,4206,1999,992,1003,-295,-508,996,1398,997,777
"2024-03-10",28,30835,32279,28449,2638,6562,1482,17012,0,8,4204,1999,992,1003,-306,-530,999,1397,997,777
"2024-03-10",29,30960,32328,28568,2588,6562,1213,17012,0,8,4228,2000,993,1003,-294,-466,999,1398,997,778
"2024-03-10",30,31299,32643,28892,2538,6562,1032,17012,0,8,4456,1999,992,1003,-223,-513,999,1397,997,777
"2024-03-10",31,31588,33078,29161,2511,6562,745,17012,0,8,4332,1999,992,1003,-351,-531,992,1397,997,777
"2024-03-10",32,32178,33725,29688,2483,6562,611,17012,0,8,4277,1999,992,1003,-408,-531,991,1397,997,786
"2024-03-10",33,32772,34364,30190,2440,6562,442,17012,0,11,4120,1999,992,1004,-450,-531,971,1397,997,1343
"2024-03-10",34,33514,35108,30776,2397,6562,261,17012,0,13,3994,1996,992,1004,-450,-531,969,1397,997,1392
"2024-03-10",35,34441,36036,31575,2350,6562,107,17012,0,14,3876,1884,952,1003,-450,-531,1016,1397,997,1392
"2024-03-10",36,34722,36314,31936,2302,6562,17,17012,0,11,3907,1868,949,1004,-450,-531,1011,1397,997,1392
"2024-03-10",37,34594,36184,31783,2245,6562,0,17012,0,9,4037,1543,949,1004,-450,-531,249,1397,998,1414
"2024-03-10",38,34644,36234,31849,2188,6562,0,17012,0,9,4098,1521,949,1004,-450,-531,190,1397,998,1417
"2024-03-10",39,34181,35773,31496,2132,6562,0,17012,0,11,3878,1891,975,1003,-450,-531,895,1397,997,1417
"2024-03-10",40,33556,35153,30930,2075,6562,0,17012,0,16,3721,1925,977,1003,-450,-531,952,1397,997,1417
"2024-03-10",41,32688,34285,30137,2022,6562,0,17012,0,16,3557,1884,951,1004,-450,-531,398,1397,975,1417
"2024-03-10",42,31606,33207,29108,1969,6562,0,17012,0,20,3526,1880,949,1004,-450,-531,356,1397,973,1417
"2024-03-10",43,30373,31968,27967,1898,6562,0,17012,0,14,3444,1865,989,1003,-450,-531,24,1398,938,1417
"2024-03-10",44,29164,30753,26839,1826,6562,0,17012,0,8,3447,1860,991,1003,-450,-531,0,1398,933,1417
"2024-03-10",45,27796,29384,25594,1761,6562,0,17012,0,7,3452,1683,952,910,-450,-531,35,1399,836,1417
"2024-03-10",46,26344,27933,24253,1696,6562,0,17012,0,7,3469,1668,948,906,-451,-531,40,1399,828,1408
"2024-03-10",47,24897,26494,22902,1617,6562,0,17012,0,15,3330,1606,864,807,-451,-531,609,1399,980,853
"2024-03-10",48,23857,25660,21939,1537,6562,0,17015,0,222,3163,1601,857,803,-450,-531,652,1399,994,801
"2024-03-11",1,23919,26081,22019,1483,6562,0,17015,0,581,3239,1676,929,980,-450,-531,928,1399,994,801
"2024-03-11",2,24309,26405,22409,1428,6562,0,17015,0,539,3133,1687,937,1003,-426,-531,949,1399,994,801
"2024-03-11",3,24083,26196,22185,1378,6562,0,17015,0,562,2759,1880,988,1003,-420,-531,996,1399,993,801
"2024-03-11",4,23615,25789,21739,1328,6562,0,17015,0,623,2469,1895,992,999,-420,-531,999,1399,993,801
"2024-03-11",5,23278,25648,21405,1299,6562,0,17015,0,819,2324,1694,980,659,-420,-531,999,1399,993,801
"2024-03-11",6,22906,25339,20981,1269,6562,0,17015,0,882,2355,1671,979,651,-420,-531,999,1399,993,802
"2024-03-11",7,22542,24920,20546,1260,6562,0,17015,0,827,2322,1556,961,802,-420,-531,751,1399,993,908
"2024-03-11",8,22323,24803,20310,1250,6562,0,17015,0,929,2326,1542,959,821,-420,-531,733,1399,993,922
"2024-03-11",9,21945,24412,19989,1238,6562,0,17015,0,916,2341,1387,978,666,-420,-531,357,1399,993,987
"2024-03-11",10,22029,24360,20076,1225,6562,0,17015,0,806,2100,1366,972,658,-420,-505,329,1399,981,995
"2024-03-11",11,22440,23944,20429,1211,6562,0,17015,0,66,2160,878,471,528,-445,-287,-106,1399,215,1146
"2024-03-11",12,23694,25247,21595,1196,6562,0,17015,0,17,2069,797,421,504,-451,-347,-138,1399,140,1160
"2024-03-11",13,26516,28166,24188,1158,6562,0,17015,0,17,2180,455,230,10,-451,-244,-112,1398,-226,1247
"2024-03-11",14,29014,30907,26495,1120,6562,0,17015,0,18,1905,421,211,0,-451,-460,-110,1397,-254,1252
"2024-03-11",15,32089,33796,29274,1105,6562,22,17015,0,16,1734,233,103,432,-451,-531,-106,1397,-3,1014
"2024-03-11",16,33125,34824,30117,1090,6562,111,17015,0,11,1604,249,105,517,-451,-531,-106,1397,32,995
"2024-03-11",17,35401,36986,32189,1085,6562,274,17015,0,4,1146,1395,872,148,-450,-531,31,1397,799,1364
"2024-03-11",18,35999,37592,32612,1080,6562,473,17015,0,12,1096,1521,944,116,-450,-531,42,1397,868,1399
"2024-03-11",19,36810,38403,33322,1053,6562,692,17015,0,12,742,1965,988,423,-450,-531,261,1397,984,1399
"2024-03-11",20,36992,38584,33488,1025,6562,893,17015,0,11,633,2002,992,472,-450,-531,278,1397,995,1344
"2024-03-11",21,36744,38329,33184,988,6562,1248,17015,0,4,753,2001,992,368,-450,-531,793,1398,997,299
"2024-03-11",22,36760,38348,33116,951,6562,1599,17015,0,6,577,2001,992,360,-451,-531,832,1397,998,82
"2024-03-11",23,36855,38448,33307,910,6562,1835,17015,0,12,311,2000,992,842,-450,-531,914,1398,997,560
"2024-03-11",24,36810,38403,33275,868,6562,1972,17015,0,12,-6,2000,992,885,-450,-531,919,1398,998,658
"2024-03-11",25,37261,38853,33682,850,6562,1853,17015,0,11,-131,2000,992,994,-450,-531,994,1398,997,658
"2024-03-11",26,37375,38968,33800,831,6562,1825,17015,0,12,-408,2000,992,1004,-450,-531,999,1398,997,658
"2024-03-11",27,37261,38854,33713,820,6562,1699,17015,0,12,-472,2000,992,1003,-450,-531,999,1398,997,658
"2024-03-11",28,37009,38602,33507,809,6562,1532,17015,0,12,-534,2000,992,1004,-450,-531,999,1398,997,658
"2024-03-11",29,36679,38272,33171,807,6562,1371,17015,0,12,-552,2000,992,876,-450,-531,999,1398,997,658
"2024-03-11",30,36359,37952,32862,804,6562,1148,17015,0,12,-645,2000,992,864,-450,-531,998,1398,997,658
"2024-03-11",31,36032,37627,32557,801,6562,901,17015,0,14,-709,2002,992,931,-450,-531,462,1399,997,658
"2024-03-11",32,36694,38289,33197,797,6562,719,17015,0,14,-591,2002,992,936,-450,-531,422,1399,997,658
"2024-03-11",33,37525,39117,33958,768,6562,485,17015,0,11,-511,2001,992,411,-450,-531,679,1398,998,658
"2024-03-11",34,38433,40021,34707,739,6562,338,17015,0,7,-527,1999,991,361,-450,-531,691,1398,997,658
"2024-03-11",35,39431,41053,35401,707,6562,125,17015,0,6,93,1819,948,9,-450,-531,-35,1399,998,658
"2024-03-11",36,40392,42040,36303,674,6562,15,17015,0,5,210,1800,940,0,-418,-531,-94,1398,997,658
"2024-03-11",37,40749,42159,36665,659,6562,0,17015,0,1,352,1613,702,247,-278,-531,15,1398,998,658
"2024-03-11",38,40494,41826,36437,644,6562,0,17015,0,0,468,1588,684,281,-201,-531,28,1398,998,658
"2024-03-11",39,39322,40517,35528,631,6562,0,17015,0,6,536,1051,965,785,-58,-531,703,1397,974,658
"2024-03-11",40,38246,39345,34500,618,6562,0,17015,0,7,392,1022,992,829,-46,-446,758,1398,971,658
"2024-03-11",41,37544,38326,34054,613,6562,0,17015,0,11,-42,1927,992,793,-18,-153,716,1397,959,658
"2024-03-11",42,36021,36787,32734,608,6562,0,17015,0,11,-177,2001,992,791,-101,-54,714,1398,959,658
"2024-03-11",43,34352,34977,31236,616,6562,0,17015,0,8,-101,1991,992,804,-17,125,730,1398,955,673
"2024-03-11",44,32476,33100,29537,624,6562,0,17015,0,8,43,1986,988,805,-16,270,731,1398,953,682
"2024-03-11",45,30030,30642,27258,637,6562,0,17015,0,12,125,1650,730,590,22,393,648,1398,872,640
"2024-03-11",46,28340,28951,25713,650,6562,0,17015,0,11,272,1624,710,598,24,490,642,1399,866,625
"2024-03-11",47,26679,27327,24216,706,6562,0,17015,0,11,298,1905,968,999,-37,377,947,1399,960,55
"2024-03-11",48,25695,26362,23326,761,6562,0,17019,0,11,281,1927,992,1003,-56,159,969,1399,969,9
"2024-03-12",1,25605,26274,23255,811,6562,0,17019,0,11,198,1852,970,909,-58,95,982,1399,995,709
"2024-03-12",2,25901,26511,23604,860,6562,0,17019,0,10,443,1847,968,905,23,95,983,1399,997,775
"2024-03-12",3,25605,26317,23338,911,6562,0,17019,0,112,465,1905,968,882,10,95,979,1399,997,775
"2024-03-12",4,25000,25844,22761,961,6562,0,17019,0,244,399,1909,968,879,97,95,979,1399,996,775
"2024-03-12",5,24597,25610,22418,1021,6562,0,17019,0,413,330,1953,968,644,14,95,957,1399,933,733
"2024-03-12",6,24219,25233,22025,1080,6562,0,17019,0,414,273,1956,968,639,0,95,955,1399,927,718
"2024-03-12",7,23648,24661,21497,1176,6562,0,17019,0,413,402,1962,968,515,0,95,668,1399,937,62
"2024-03-12",8,23226,24240,21105,1271,6562,0,17019,0,414,566,1960,964,507,0,94,647,1395,934,0
"2024-03-12",9,23052,24063,20969,1347,6562,0,17019,0,411,691,1703,683,291,0,95,229,1328,669,0
"2024-03-12",10,23063,24090,20992,1422,6562,0,17019,0,412,801,1674,656,286,41,95,198,1295,645,-15
"2024-03-12",11,23060,24613,20968,1519,6562,0,17019,0,56,1412,1285,584,-208,184,95,-27,925,620,-662
"2024-03-12",12,24254,25867,22118,1616,6562,0,17019,0,6,1525,1243,574,-245,246,94,-47,868,614,-715
"2024-03-12",13,26440,28445,24117,1690,6562,0,17019,0,11,1726,907,354,-9,300,55,-669,831,405,-716
"2024-03-12",14,28573,30611,26114,1764,6562,11,17019,0,11,1647,881,335,0,290,31,-714,849,389,-713
"2024-03-12",15,31586,32755,28827,1861,6562,69,17019,0,12,1503,1075,451,0,145,1,-103,1220,535,-454
"2024-03-12",16,32853,33944,29972,1958,6562,190,17019,0,12,1599,1103,468,0,80,0,-56,1277,551,-423
"2024-03-12",17,34750,35461,31691,2062,6562,364,17019,0,12,1215,1787,855,354,-51,-12,370,1311,749,-36
"2024-03-12",18,35236,35998,32147,2165,6562,522,17019,0,12,1133,1848,894,414,-89,-61,401,1316,770,0
"2024-03-12",19,35936,36955,32859,2275,6562,680,17019,0,13,854,1989,984,639,-237,-169,652,1330,978,0
"2024-03-12",20,35994,37074,32891,2385,6562,854,17019,0,22,692,2000,992,666,-249,-198,670,1309,997,-11
"2024-03-12",21,35561,37176,32457,2419,6562,1138,17019,0,16,546,1998,992,316,-268,-176,956,937,996,-555
"2024-03-12",22,35701,37149,32555,2453,6562,1540,17019,0,22,542,1999,992,308,-140,-84,977,884,997,-602
"2024-03-12",23,35634,36905,32476,2434,6562,1911,17019,0,22,358,1999,992,576,-116,-124,990,919,997,-409
"2024-03-12",24,35433,37103,32268,2415,6562,1947,17019,0,21,95,1999,992,598,-268,-392,991,915,996,-389
"2024-03-12",25,35580,37202,32370,2367,6562,2112,17019,0,22,-50,1999,992,385,-412,-262,999,755,971,-326
"2024-03-12",26,35470,37173,32225,2318,6562,2188,17019,0,21,-46,2000,992,367,-450,-308,1000,708,969,-324
"2024-03-12",27,35191,36919,31943,2270,6562,2210,17019,0,21,-109,1999,992,181,-376,-62,999,336,994,-669
"2024-03-12",28,34792,36514,31552,2222,6562,2107,17019,0,13,-210,1999,992,165,-338,-67,999,270,996,-704
"2024-03-12",29,34382,36285,31160,2192,6562,1919,17019,0,10,36,2000,982,-346,-201,-1,608,86,997,-745
"2024-03-12",30,34100,36038,30848,2161,6562,1775,17019,0,12,276,2000,982,-414,-160,0,575,55,996,-752
"2024-03-12",31,33373,35715,30140,2150,6562,1560,17019,0,12,668,1948,992,-816,-31,0,-89,7,998,-794
"2024-03-12",32,33995,36439,30760,2139,6562,1135,17019,0,11,1105,1944,992,-892,59,0,-142,0,997,-799
"2024-03-12",33,34915,37317,31623,2146,6562,705,17019,0,11,1403,1997,992,-988,87,0,46,-4,997,-799
"2024-03-12",34,35814,38129,32454,2153,6562,390,17019,0,9,1972,2000,990,-907,221,0,61,4,994,-799
"2024-03-12",35,36814,38221,33354,2176,6562,160,17019,0,8,2517,1908,877,507,279,0,114,148,816,-799
"2024-03-12",36,37596,39005,34109,2199,6562,13,17019,0,10,2622,1897,866,632,241,54,117,192,795,-799
"2024-03-12",37,38182,39591,34723,2264,6562,0,17019,0,10,2851,1595,825,433,300,309,123,562,439,-799
"2024-03-12",38,37868,39277,34460,2329,6562,0,17019,0,10,2591,1570,820,434,261,326,123,616,413,-799
"2024-03-12",39,37266,38674,33981,2403,6562,0,17019,0,9,2309,1598,668,812,118,52,452,613,725,-799
"2024-03-12",40,36131,37539,32974,2476,6562,0,17019,0,9,2587,1607,656,821,77,0,475,627,753,-799
"2024-03-12",41,34853,36200,31884,2583,6562,0,17019,0,11,2638,1835,760,836,63,0,710,859,796,-736
"2024-03-12",42,33089,34428,30327,2690,6562,0,17019,0,12,2988,1860,771,837,196,0,727,910,796,-727
"2024-03-12",43,31293,32546,28722,2835,6562,0,17019,0,12,3623,1892,820,340,344,90,533,1185,504,-641
"2024-03-12",44,29447,30751,27152,2980,6562,0,17019,0,72,4245,1890,825,295,400,72,519,1202,477,-632
"2024-03-12",45,27451,29296,25446,3115,6562,0,17019,0,53,4552,1439,837,-519,400,202,488,831,415,-673
"2024-03-12",46,25919,27936,24089,3249,6562,0,17019,0,95,4457,1391,827,-648,400,79,483,753,407,-674
"2024-03-12",47,23841,25093,22161,3361,6562,0,17019,0,16,4536,820,134,-311,400,127,-112,381,237,-213
"2024-03-12",48,22792,24152,21282,3473,6562,0,17022,0,174,4523,766,70,-254,400,295,-158,309,224,-174
"2024-03-13",1,22426,24903,21028,3601,6562,0,17022,0,943,4585,892,149,-317,400,332,-97,37,314,-520
"2024-03-13",2,22588,25423,21358,3729,6562,0,17022,0,1254,4807,902,158,-322,400,409,-93,-10,321,-556
"2024-03-13",3,22286,25205,21136,3798,6562,0,17022,0,1257,4833,871,261,-154,400,300,-139,-86,292,-683
"2024-03-13",4,21588,24456,20583,3867,6562,0,17022,0,1160,4749,877,269,-147,400,202,-143,-121,289,-697
"2024-03-13",5,21002,24968,20016,3923,6562,0,17022,0,1074,4942,1382,211,-671,400,119,-341,-497,302,-783
"2024-03-13",6,20679,24935,19731,3979,6562,0,17022,0,1227,5546,1424,207,-718,332,112,-356,-563,301,-792
"2024-03-13",7,20059,24882,19154,4018,6562,0,17022,0,1225,5357,1151,294,-987,187,113,-494,-725,182,-792
"2024-03-13",8,19688,24549,18862,4056,6562,0,17022,0,1213,5421,1113,301,-1012,69,100,-504,-740,170,-792
"2024-03-13",9,19459,23966,18722,4072,6562,0,17022,0,1162,5541,331,235,-690,155,1,-660,-603,82,-792
"2024-03-13",10,19371,23769,18680,4088,6562,0,17022,0,1109,5436,254,229,-664,109,0,-670,-563,68,-792
"2024-03-13",11,19901,23861,19161,4094,6562,0,17022,0,323,5479,-26,286,-898,38,0,-801,-246,-274,-792
"2024-03-13",12,21015,24935,20161,4099,6562,0,17022,0,303,5566,-42,286,-896,150,5,-810,-188,-301,-780
"2024-03-13",13,23318,25881,22231,4077,6562,0,17022,0,60,5328,-72,-71,-507,225,196,-975,-23,-255,25
"2024-03-13",14,25416,27858,24178,4054,6562,20,17022,0,15,5330,-74,-102,-428,88,304,-981,25,-242,92
"2024-03-13",15,28380,29479,26896,4025,6562,165,17022,0,10,5294,57,68,84,-39,45,-284,334,283,-166
"2024-03-13",16,29178,30450,27403,3996,6562,505,17022,0,8,4874,97,89,103,-188,-64,-226,403,332,-186
"2024-03-13",17,30766,32108,28866,4001,6562,822,17022,0,70,4840,1197,439,685,-339,-333,374,773,582,338
"2024-03-13",18,31012,32375,29088,4005,6562,1273,17022,0,12,4639,1312,479,810,-446,-305,421,822,610,389
"2024-03-13",19,31356,32919,29393,4098,6562,1674,17022,0,12,4610,1364,880,744,-451,-500,647,726,920,410
"2024-03-13",20,31018,32607,29032,4191,6562,1782,17022,0,8,4826,1372,919,738,-450,-531,664,688,948,412
"2024-03-13",21,30803,32391,28826,4261,6562,2342,17022,0,6,4659,1819,986,439,-451,-531,437,316,993,477
"2024-03-13",22,30914,32503,28807,4330,6562,2316,17022,0,7,4177,1858,991,412,-451,-531,420,277,997,484
"2024-03-13",23,30829,32418,28614,4337,6562,2336,17022,0,7,3821,1939,914,199,-451,-531,263,517,996,592
"2024-03-13",24,30604,32191,28368,4344,6562,2677,17022,0,5,3226,1946,908,195,-451,-531,251,546,996,607
"2024-03-13",25,31092,32683,28876,4340,6562,2807,17022,0,10,3306,1997,985,582,-450,-531,336,445,991,832
"2024-03-13",26,31315,32904,29107,4335,6562,2441,17022,0,8,3352,2001,992,612,-450,-531,343,435,991,856
"2024-03-13",27,31151,32739,28982,4315,6562,2349,17022,0,10,3556,2002,988,271,-447,-531,145,515,978,791
"2024-03-13",28,30913,32506,28867,4295,6562,2124,17022,0,12,3528,2002,988,263,-450,-531,131,514,977,779
"2024-03-13",29,30786,32374,28789,4239,6562,1945,17022,0,7,3371,2000,992,319,-450,-531,518,317,995,509
"2024-03-13",30,30788,32377,28845,4183,6562,1841,17022,0,8,3270,2001,992,322,-450,-531,547,312,997,485
"2024-03-13",31,30647,32419,28748,4083,6562,1472,17022,0,10,3380,2002,993,-181,-450,-531,348,683,997,679
"2024-03-13",32,31257,33060,29314,3983,6562,1275,17022,0,8,3435,2001,992,-214,-450,-531,333,761,996,699
"2024-03-13",33,31878,34349,29797,3821,6562,987,17022,0,9,3187,2003,993,-719,-450,-531,-162,1131,969,699
"2024-03-13",34,32864,35415,30592,3659,6562,569,17022,0,8,3139,1977,990,-762,-450,-531,-200,1198,964,708
"2024-03-13",35,33912,36442,31385,3481,6562,245,17022,0,8,3419,919,831,-186,-450,-531,-755,1371,765,1344
"2024-03-13",36,35118,37642,32433,3302,6562,29,17022,0,9,3485,814,810,-138,-450,-531,-796,1398,737,1403
"2024-03-13",37,35157,37652,32436,3181,6562,0,17022,0,4,3332,894,395,672,-450,-531,-910,1397,173,1403
"2024-03-13",38,35377,37836,32541,3059,6562,0,17022,0,4,3172,902,356,877,-450,-531,-874,1397,129,1403
"2024-03-13",39,35578,37165,32773,2979,6562,0,17022,0,6,3021,981,356,993,-450,-531,370,1397,485,1403
"2024-03-13",40,34728,36316,32051,2898,6562,0,17022,0,6,3088,990,358,1003,-451,-531,505,1397,515,1403
"2024-03-13",41,33578,35173,30978,2842,6562,0,17022,0,13,3059,1082,533,1004,-451,-531,454,1397,408,1403
"2024-03-13",42,32194,33796,29743,2785,6562,0,17022,0,20,2862,1084,549,1004,-451,-531,450,1397,399,1410
"2024-03-13",43,30627,32220,28280,2706,6562,0,17022,0,11,2834,861,519,866,-451,-531,111,1397,415,1417
"2024-03-13",44,28946,30536,26679,2627,6562,0,17022,0,8,2834,838,516,855,-451,-531,87,1397,416,1417
"2024-03-13",45,27209,28795,25137,2574,6562,0,17022,0,4,2743,847,507,873,-451,-531,408,1398,375,1407
"2024-03-13",46,25580,27175,23624,2520,6562,0,17022,0,13,2722,859,511,875,-451,-531,431,1398,377,1403
"2024-03-13",47,24329,26145,22433,2512,6562,0,17022,0,234,2374,1438,777,643,-451,-531,375,1398,767,1284
"2024-03-13",48,23511,25426,21663,2503,6562,0,17026,0,338,1958,1491,804,623,-446,-531,372,1399,803,1272
"2024-03-14",1,23395,25900,21496,2446,6562,0,17026,0,973,1963,1324,944,626,-401,-531,866,1399,943,1186
"2024-03-14",2,23714,26122,21807,2389,6562,0,17026,0,973,2132,1314,957,626,-401,-434,902,1393,956,1178
"2024-03-14",3,23419,26079,21553,2319,6562,0,17026,0,1137,1966,1513,956,750,-402,-521,911,1298,979,1242
"2024-03-14",4,22960,25752,21087,2248,6562,0,17026,0,1259,1779,1530,956,754,-402,-531,912,1265,979,1251
"2024-03-14",5,22744,25424,20852,2180,6562,0,17026,0,1248,1540,1225,968,579,-402,-430,938,955,926,1315
"2024-03-14",6,22478,25121,20523,2112,6562,0,17026,0,1248,1102,1197,968,545,-402,-393,940,926,920,1315
"2024-03-14",7,22012,24541,20046,2089,6562,0,17026,0,1058,1115,1112,936,-144,-402,-325,756,1201,921,865
"2024-03-14",8,21821,24608,19767,2066,6562,0,17026,0,1233,1379,1091,929,-171,-401,-382,742,1250,919,823
"2024-03-14",9,21608,23728,19562,2036,6562,0,17026,0,1068,1574,218,612,205,-315,-137,531,1380,794,940
"2024-03-14",10,21717,23791,19648,2006,6562,0,17026,0,1062,1676,146,575,275,-164,-248,515,1399,771,960
"2024-03-14",11,22017,23398,19891,1986,6562,0,17026,0,699,1573,380,65,224,-25,-57,310,1399,82,1373
"2024-03-14",12,23009,24213,20854,1965,6562,0,17026,0,597,1458,404,18,220,-7,0,295,1399,22,1412
"2024-03-14",13,25236,26676,22862,1943,6562,0,17026,0,67,1511,303,86,-554,-118,0,-101,1399,137,1412
"2024-03-14",14,27219,28785,24648,1920,6562,89,17026,0,12,1347,295,101,-664,-133,-28,-129,1399,155,1413
"2024-03-14",15,29812,30971,26958,1958,6562,369,17026,0,12,599,444,666,484,-268,-279,198,1398,656,1412
"2024-03-14",16,30302,31728,27284,1996,6562,808,17026,0,13,404,508,723,613,-413,-400,227,1398,704,1412
"2024-03-14",17,31994,33587,28846,2057,6562,1115,17026,0,13,-41,1817,969,1000,-450,-530,941,1398,973,1412
"2024-03-14",18,32084,33676,28954,2117,6562,1593,17026,0,11,-72,1971,992,1003,-450,-531,999,1398,997,1412
"2024-03-14",19,32209,33798,29064,2223,6562,2041,17026,0,8,152,1997,992,1004,-450,-531,999,1398,997,1412
"2024-03-14",20,32191,33780,29060,2329,6562,2285,17026,0,8,346,1999,992,1003,-450,-531,999,1398,997,1412
"2024-03-14",21,31786,33375,28594,2404,6562,2682,17026,0,8,60,1999,992,1003,-450,-531,1000,1399,997,1412
"2024-03-14",22,31357,32946,28193,2478,6562,3227,17026,0,8,42,1999,992,1003,-450,-531,1000,1398,997,1412
"2024-03-14",23,31115,32703,27970,2518,6562,3349,17026,0,7,79,1999,992,1003,-450,-531,999,1398,997,1412
"2024-03-14",24,30715,32300,27513,2558,6562,3291,17026,0,4,61,2000,993,1004,-450,-531,999,1397,997,1412
"2024-03-14",25,30807,32392,27586,2601,6562,3593,17026,0,4,0,2000,992,1004,-450,-531,999,1398,997,1412
"2024-03-14",26,30778,32330,27558,2643,6562,3492,17026,0,3,-68,2000,993,1003,-418,-531,999,1398,996,1412
"2024-03-14",27,30887,32369,27707,2663,6562,3192,17026,0,3,-179,1999,993,1003,-407,-472,999,1397,997,1412
"2024-03-14",28,30890,32282,27706,2682,6562,2908,17026,0,5,-221,1999,993,1003,-346,-441,999,1397,997,1412
"2024-03-14",29,30989,32318,27778,2681,6562,2743,17026,0,7,-353,1999,993,1003,-345,-377,999,1397,996,1412
"2024-03-14",30,31349,32549,28157,2680,6562,2234,17026,0,5,-602,1999,993,1003,-323,-272,999,1397,996,1412
"2024-03-14",31,32069,33353,28810,2634,6562,1450,17026,0,9,-399,1999,993,956,-181,-494,999,1397,996,1412
"2024-03-14",32,32685,33914,29452,2588,6562,1074,17026,0,16,-193,1999,992,872,-134,-479,999,1397,997,1412
"2024-03-14",33,32775,34203,29548,2559,6562,609,17026,0,8,337,1999,992,-437,-148,-235,659,1397,997,1412
"2024-03-14",34,33769,35366,30395,2529,6562,413,17026,0,6,542,1999,992,-537,-185,-269,634,1397,997,1412
"2024-03-14",35,34592,36467,31213,2524,6562,136,17026,0,4,1305,2001,992,-672,-125,-474,178,1397,997,1412
"2024-03-14",36,35243,37123,31902,2519,6562,15,17026,0,5,1603,1996,991,-648,-140,-487,144,1397,993,1412
"2024-03-14",37,35890,37065,32520,2565,6562,0,17026,0,1,1830,1779,915,-10,-86,-478,181,1397,778,1412
"2024-03-14",38,35660,36871,32258,2611,6562,0,17026,0,3,1761,1761,909,0,-154,-454,184,1397,762,1412
"2024-03-14",39,35727,37166,32443,2638,6562,0,17026,0,7,1498,1955,980,661,-302,-530,672,1397,915,1412
"2024-03-14",40,34755,36159,31560,2664,6562,0,17026,0,12,1545,1974,986,848,-261,-531,709,1397,928,1412
"2024-03-14",41,33009,34320,29938,2674,6562,0,17026,0,12,1622,1999,948,991,-168,-531,871,1397,897,1412
"2024-03-14",42,31498,32799,28577,2684,6562,0,17026,0,11,1728,2000,945,1004,-159,-531,882,1397,895,1412
"2024-03-14",43,30169,31286,27445,2669,6562,0,17026,0,18,1953,1999,988,1003,-78,-421,991,1397,987,1412
"2024-03-14",44,28568,29612,26001,2654,6562,0,17026,0,28,1880,1999,992,1004,-62,-354,999,1397,996,1411
"2024-03-14",45,26969,28298,24558,2657,6562,0,17026,0,375,1542,2000,993,939,-119,-235,918,1398,996,1238
"2024-03-14",46,25477,27579,23184,2660,6562,0,17026,0,757,1064,2000,992,919,-265,-480,912,1391,997,1212
"2024-03-14",47,23548,25947,21341,2682,6562,0,17026,0,986,819,1991,992,178,-408,-405,808,1278,996,674
"2024-03-14",48,22528,25086,20460,2703,6562,0,17064,0,1249,574,1990,992,146,-451,-258,800,1266,996,619
"2024-03-15",1,22349,25070,20356,2718,6562,0,17064,0,1241,672,1999,992,576,-451,-429,986,1340,997,336
"2024-03-15",2,22599,25296,20673,2733,6562,0,17064,0,1235,982,1999,992,582,-451,-411,999,1329,997,311
"2024-03-15",3,22305,25099,20422,2721,6562,0,17064,0,1236,1280,2000,992,626,-448,-510,953,959,996,364
"2024-03-15",4,21764,24542,19945,2708,6562,0,17064,0,1236,1241,1994,991,627,-411,-531,950,885,997,372
"2024-03-15",5,20967,23720,19231,2699,6562,0,17064,0,1212,914,1773,927,334,-410,-531,773,577,997,412
"2024-03-15",6,20628,23388,18858,2689,6562,0,17064,0,1219,820,1751,922,327,-410,-531,761,509,997,413
"2024-03-15",7,20348,23092,18528,2680,6562,0,17064,0,1203,587,1889,986,693,-410,-531,742,141,997,35
"2024-03-15",8,20038,22775,18165,2670,6562,0,17064,0,1195,478,1897,992,726,-410,-531,741,108,997,-1
"2024-03-15",9,19825,22771,18022,2663,6562,0,17064,0,1184,706,1581,973,408,-410,-531,559,449,997,-221
"2024-03-15",10,19785,22770,17948,2655,6562,0,17064,0,1182,670,1556,970,353,-442,-531,545,522,995,-230
"2024-03-15",11,20288,23225,18393,2661,6562,0,17064,0,1187,833,1826,915,-269,-450,-431,337,893,852,379
"2024-03-15",12,21140,23471,19190,2667,6562,0,17064,0,730,675,1846,910,-318,-450,-233,321,972,840,444
"2024-03-15",13,23497,24743,21318,2682,6562,0,17064,0,95,543,1590,892,432,-450,-101,470,1343,822,882
"2024-03-15",14,25315,26493,23010,2697,6562,113,17064,0,20,1004,1577,892,530,-450,-108,480,1399,822,930
"2024-03-15",15,27974,29248,25430,2728,6562,438,17064,0,20,1173,1962,984,795,-450,-204,789,1398,982,1344
"2024-03-15",16,29226,30439,26488,2759,6562,994,17064,0,19,1503,1999,992,833,-450,-144,812,1398,997,1383
"2024-03-15",17,29881,31517,27101,2809,6562,1497,17064,0,255,1934,1998,992,996,-450,-331,987,1398,996,1363
"2024-03-15",18,29832,31231,27048,2858,6562,2061,17064,0,17,1896,1999,992,1004,-450,-332,999,1398,997,1357
"2024-03-15",19,29815,31052,27018,2963,6562,2456,17064,0,14,1902,1998,992,1003,-450,-173,999,1398,997,1248
"2024-03-15",20,29435,30654,26690,3067,6562,2964,17064,0,13,2124,1998,992,1003,-450,-156,999,1398,997,1233
"2024-03-15",21,28935,30073,26283,3113,6562,3997,17064,0,13,2691,1998,992,1003,-450,-75,999,1398,997,862
"2024-03-15",22,28675,29769,26070,3158,6562,3718,17064,0,11,2977,1998,992,1002,-434,-49,999,1397,996,828
"2024-03-15",23,28493,29652,25920,3185,6562,4198,17064,0,10,3107,1998,992,1004,-423,-126,999,1398,997,805
"2024-03-15",24,28292,29689,25805,3212,6562,4875,17064,0,6,3242,1998,993,1004,-450,-341,999,1398,997,805
"2024-03-15",25,28230,29700,25792,3229,6562,4910,17064,0,8,3242,1998,992,1003,-450,-412,999,1397,997,805
"2024-03-15",26,28189,29668,25736,3246,6562,4342,17064,0,3,3005,1998,992,1003,-450,-426,999,1398,997,810
"2024-03-15",27,28197,29783,25727,3257,6562,4601,17064,0,6,2947,1998,992,1003,-450,-530,999,1397,997,1201
"2024-03-15",28,27745,29333,25287,3268,6562,4820,17064,0,7,2720,1998,992,1003,-450,-531,999,1398,997,1240
"2024-03-15",29,27482,29070,25040,3241,6562,4314,17064,0,7,2683,1998,992,1003,-450,-531,999,1398,997,1135
"2024-03-15",30,27499,29087,24977,3214,6562,3722,17064,0,7,2825,1998,992,1003,-450,-531,999,1398,997,1119
"2024-03-15",31,27447,29034,24849,3151,6562,3329,17064,0,6,2613,1998,992,1003,-450,-531,999,1398,997,901
"2024-03-15",32,28328,29841,25714,3088,6562,3011,17064,0,7,2225,1999,993,1003,-450,-456,999,1398,997,881
"2024-03-15",33,29167,30753,26560,2912,6562,2395,17064,0,7,2232,1997,992,1003,-450,-529,1017,1398,996,881
"2024-03-15",34,30565,32157,27746,2736,6562,1275,17064,0,10,2192,1998,992,1003,-451,-531,1019,1398,997,885
"2024-03-15",35,32345,33933,29391,2562,6562,579,17064,0,6,2032,1998,992,1003,-451,-531,1019,1398,997,1120
"2024-03-15",36,33650,35238,30628,2387,6562,117,17064,0,5,1675,1997,992,1003,-452,-531,1019,1398,997,1148
"2024-03-15",37,34445,36033,31395,2265,6562,0,17064,0,5,1969,1851,987,814,-452,-531,1019,1398,997,1385
"2024-03-15",38,34953,36540,31832,2143,6562,0,17064,0,4,2092,1840,987,806,-452,-531,1019,1398,996,1409
"2024-03-15",39,34554,36141,31483,2014,6562,0,17064,0,5,1835,1985,992,987,-451,-531,1019,1398,996,1409
"2024-03-15",40,33959,35543,30934,1885,6562,0,17064,0,1,1729,1997,992,1003,-452,-531,1019,1398,996,1409
"2024-03-15",41,32986,34570,30063,1757,6562,0,17064,0,2,1594,1997,992,1004,-451,-531,1019,1398,996,1409
"2024-03-15",42,31893,33484,29024,1629,6562,0,17064,0,9,1644,1997,992,1003,-451,-531,1019,1398,996,1409
"2024-03-15",43,30670,32259,27891,1504,6562,0,17064,0,7,1468,1998,992,1003,-451,-531,1001,1398,997,1409
"2024-03-15",44,29864,31451,27174,1379,6562,0,17064,0,5,1485,1999,992,1004,-451,-531,999,1398,997,1409
"2024-03-15",45,28504,30092,25946,1272,6562,0,17064,0,6,1339,1999,992,1003,-451,-531,999,1398,997,1409
"2024-03-15",46,27368,28957,24864,1164,6562,0,17064,0,7,1262,2000,992,1003,-451,-531,999,1398,997,1409
"2024-03-15",47,26158,27747,23687,1018,6562,0,17064,0,7,959,1999,992,1003,-451,-531,999,1398,996,1367
"2024-03-15",48,25190,26779,22759,872,6562,0,17065,0,7,928,2000,992,1003,-451,-531,999,1398,997,1359
"2024-03-16",1,24875,26464,22488,799,6562,0,17065,0,7,929,1999,992,1003,-451,-531,999,1399,997,1187
"2024-03-16",2,25162,26751,22853,725,6562,0,17065,0,7,960,1999,992,1004,-451,-531,999,1399,997,1165
"2024-03-16",3,24742,26167,22501,670,6562,0,17065,0,7,895,1999,992,1003,-451,-367,999,1399,997,836
"2024-03-16",4,24150,25379,21955,614,6562,0,17065,0,7,782,1999,992,1001,-445,-177,999,1399,997,808
"2024-03-16",5,23668,24699,21498,570,6562,0,17065,0,60,837,2000,992,402,-366,-5,772,1399,997,1012
"2024-03-16",6,23065,24241,20892,525,6562,0,17065,0,65,684,2000,992,347,-442,-69,755,1399,997,1037
"2024-03-16",7,22789,24056,20613,502,6562,0,17065,0,65,459,2001,992,326,-452,-150,707,1399,997,1265
"2024-03-16",8,22365,23463,20192,478,6562,0,17065,0,65,314,2000,991,324,-427,-6,703,1398,997,1286
"2024-03-16",9,22291,23407,20105,455,6562,0,17065,0,65,146,1870,949,588,-451,0,612,1399,997,1370
"2024-03-16",10,22160,23140,19979,431,6562,0,17065,0,7,69,1860,945,611,-373,0,605,1398,997,1380
"2024-03-16",11,22340,23292,20128,435,6562,0,17065,0,7,-49,1991,988,526,-345,0,518,1399,997,1401
"2024-03-16",12,22630,23493,20397,439,6562,0,17065,0,7,147,2002,992,519,-206,-50,511,1399,997,1404
"2024-03-16",13,23565,24235,21234,434,6562,1,17065,0,7,328,2001,992,524,-62,-1,506,1399,997,1361
"2024-03-16",14,24279,24886,21943,428,6562,245,17065,0,7,437,2002,992,525,19,0,505,1399,997,1350
"2024-03-16",15,24995,25602,22557,453,6562,1092,17065,0,7,306,1999,992,609,0,0,875,1399,997,1398
"2024-03-16",16,25177,25784,22672,478,6562,2221,17065,0,7,448,2000,992,621,13,0,901,1399,997,1404
"2024-03-16",17,25505,26112,22926,507,6562,3395,17065,0,7,541,2000,992,993,138,0,993,1399,997,1404
"2024-03-16",18,25675,26283,23033,535,6562,4387,17065,0,8,700,1999,992,1003,252,0,999,1399,997,1404
"2024-03-16",19,25788,26396,23113,630,6562,5283,17065,0,8,752,2000,992,1003,334,0,999,1399,997,1404
"2024-03-16",20,25832,26440,23214,724,6562,5904,17065,0,8,958,1999,992,1003,264,0,999,1399,997,1404
"2024-03-16",21,26017,26625,23397,835,6562,6084,17065,0,8,1243,1999,992,1003,348,0,999,1399,997,1404
"2024-03-16",22,25977,26582,23402,946,6562,6119,17065,0,5,1277,2000,992,999,340,0,999,1399,997,1404
"2024-03-16",23,25981,26585,23514,1066,6562,6024,17065,0,4,1740,2000,992,682,385,0,806,1398,997,1404
"2024-03-16",24,26230,26834,23847,1185,6562,5347,17065,0,4,2150,2000,992,675,400,4,792,1398,997,1401
"2024-03-16",25,26562,27166,24189,1310,6562,4681,17065,0,4,2667,2001,992,779,400,79,398,1397,997,1120
"2024-03-16",26,26914,27519,24569,1435,6562,4290,17065,0,5,2739,2001,992,787,400,74,369,1397,997,1088
"2024-03-16",27,27022,27632,24715,1568,6562,3654,17065,0,10,2835,2001,992,572,400,72,508,1397,997,826
"2024-03-16",28,27056,27667,24818,1701,6562,3156,17065,0,11,3006,2001,992,543,400,102,517,1397,997,809
"2024-03-16",29,27640,28250,25447,1839,6562,2499,17065,0,10,3415,2000,992,864,335,1,813,1397,997,1344
"2024-03-16",30,28207,28825,26041,1976,6562,1770,17065,0,18,3704,2000,992,890,234,0,835,1398,997,1396
"2024-03-16",31,28446,29063,26259,2081,6562,1251,17065,0,17,3883,2001,992,587,209,0,663,1397,998,1396
"2024-03-16",32,29010,29734,26783,2185,6562,873,17065,0,21,4244,2001,992,560,132,-103,651,1397,997,1396
"2024-03-16",33,29933,30677,27678,2274,6562,623,17065,0,16,4466,2000,992,-108,252,-20,813,1397,997,1396
"2024-03-16",34,30950,31698,28653,2362,6562,344,17065,0,14,3996,2000,992,-134,187,0,824,1398,997,1396
"2024-03-16",35,32237,33282,29921,2441,6562,134,17065,0,9,4194,2000,992,-436,72,33,844,1397,997,1396
"2024-03-16",36,32953,34112,30609,2519,6562,15,17065,0,6,4354,2000,992,-444,-63,-46,845,1397,997,1396
"2024-03-16",37,33021,34478,30708,2584,6562,0,17065,0,6,4374,2001,992,-648,-202,-1,404,1397,997,1311
"2024-03-16",38,33130,34827,30834,2649,6562,0,17065,0,6,4334,2002,992,-651,-290,-150,372,1397,997,1301
"2024-03-16",39,32697,34353,30476,2702,6562,0,17065,0,7,4245,2001,992,-179,-426,-444,786,1397,997,1387
"2024-03-16",40,31651,33343,29476,2754,6562,0,17065,0,12,4256,1996,992,-138,-450,-492,816,1397,996,1396
"2024-03-16",41,30475,31791,28334,2776,6562,0,17065,0,13,3862,1792,944,127,-450,-253,579,1397,953,1332
"2024-03-16",42,28916,30275,26923,2797,6562,0,17065,0,13,3000,1770,938,172,-450,-296,562,1397,947,1324
"2024-03-16",43,27639,28870,25772,2781,6562,0,17065,0,12,3051,1624,814,166,-450,-169,298,1397,824,1364
"2024-03-16",44,26617,27802,24874,2765,6562,0,17065,0,12,3811,1604,802,165,-450,-123,278,1397,812,1371
"2024-03-16",45,25070,26902,23393,2737,6562,0,17065,0,8,4314,1083,796,-341,-450,-183,-250,1397,779,1264
"2024-03-16",46,24103,26148,22441,2709,6562,0,17065,0,19,4300,1038,795,-407,-450,-280,-289,1379,771,1254
"2024-03-16",47,23172,25289,21565,2612,6562,0,17065,0,455,4034,1487,746,-114,-450,-452,-46,1099,564,1383
"2024-03-16",48,22432,24991,20839,2514,6562,0,17065,0,845,3913,1525,742,-104,-450,-531,-29,1069,549,1390
"2024-03-17",1,22662,25441,21084,2441,6562,0,17065,0,1198,3686,1668,794,255,-450,-531,367,1257,765,896
"2024-03-17",2,22939,25712,21357,2367,6562,0,17065,0,1192,3635,1680,800,299,-450,-531,395,1261,786,840
"2024-03-17",3,22564,25333,20945,2265,6562,0,17065,0,1188,3506,1805,916,414,-450,-531,587,890,920,392
"2024-03-17",4,21876,24694,20299,2163,6562,0,17065,0,1237,3226,1817,928,426,-450,-531,601,838,933,347
"2024-03-17",5,21339,24158,19760,2083,6562,0,17065,0,1238,2769,1979,987,113,-450,-531,793,876,992,26
"2024-03-17",6,20965,23743,19336,2003,6562,0,17065,0,1234,2659,1995,992,103,-413,-531,807,883,997,0
"2024-03-17",7,20358,23383,18673,1906,6562,0,17065,0,1125,2432,2001,993,-264,-400,-531,840,904,997,-105
"2024-03-17",8,20198,23362,18476,1808,6562,0,17065,0,1203,2282,2001,992,-310,-400,-531,842,902,997,-120
"2024-03-17",9,19959,23417,18210,1712,6562,0,17065,0,1203,2641,2001,992,-519,-400,-531,786,822,997,-205
"2024-03-17",10,19858,23295,18095,1616,6562,0,17065,0,1167,2783,2001,992,-524,-400,-531,781,817,997,-215
"2024-03-17",11,19764,23085,17960,1542,6562,0,17065,0,1070,2498,2001,992,-558,-400,-531,893,932,997,-162
"2024-03-17",12,19983,23081,18178,1467,6562,0,17065,0,868,2257,2001,992,-544,-400,-531,901,972,996,-155
"2024-03-17",13,20887,23199,18994,1426,6562,0,17065,0,671,2153,2001,992,-10,-400,-531,894,1343,996,-100
"2024-03-17",14,21301,22984,19406,1384,6562,8,17065,0,92,1879,2001,992,0,-438,-456,893,1399,997,-97
"2024-03-17",15,22346,24012,20364,1357,6562,113,17065,0,12,1794,2000,992,434,-450,-401,938,1399,997,-203
"2024-03-17",16,22819,24560,20742,1329,6562,350,17065,0,11,1746,2000,992,519,-450,-486,941,1399,997,-194
"2024-03-17",17,24206,25782,21977,1329,6562,743,17065,0,11,1389,1999,992,925,-450,-515,995,1399,997,686
"2024-03-17",18,24858,26386,22478,1329,6562,1140,17065,0,12,1414,1999,992,1003,-450,-466,999,1399,996,778
"2024-03-17",19,25440,27032,22934,1379,6562,1574,17065,0,12,1603,1999,992,1003,-450,-530,999,1399,996,778
"2024-03-17",20,25803,27394,23264,1429,6562,1897,17065,0,10,1413,1999,992,1002,-450,-531,999,1399,997,778
"2024-03-17",21,26244,27837,23656,1487,6562,2237,17065,0,12,1341,1999,992,1003,-450,-531,999,1399,996,778
"2024-03-17",22,26442,28035,23804,1544,6562,2600,17065,0,12,1210,1999,992,1003,-450,-531,999,1399,997,778
"2024-03-17",23,26744,28335,24076,1574,6562,2941,17065,0,12,1128,1999,992,1003,-448,-531,999,1399,997,778
"2024-03-17",24,26983,28510,24277,1603,6562,3177,17065,0,12,1060,1999,992,1004,-384,-531,999,1399,996,778
"2024-03-17",25,27512,29102,24795,1621,6562,3737,17065,0,12,1050,1999,992,1003,-447,-531,999,1399,996,778
"2024-03-17",26,27147,28726,24451,1638,6562,4272,17065,0,12,988,1999,992,1004,-436,-531,999,1399,996,778
"2024-03-17",27,26816,28403,24176,1631,6562,4460,17065,0,11,825,1999,992,1003,-445,-531,999,1399,997,778
"2024-03-17",28,26203,27749,23643,1623,6562,5061,17065,0,7,939,1999,992,1003,-447,-492,999,1399,997,778
"2024-03-17",29,26135,27614,23558,1625,6562,4677,17065,0,7,1033,1999,992,1004,-431,-441,1000,1399,997,778
"2024-03-17",30,25884,27354,23367,1626,6562,4414,17065,0,7,1014,1999,992,1003,-421,-442,999,1399,997,778
"2024-03-17",31,26671,27896,24132,1582,6562,3909,17065,0,7,1147,2000,992,990,-339,-279,999,1399,997,778
"2024-03-17",32,27381,28581,24808,1538,6562,3218,17065,0,7,1252,2000,992,985,-362,-231,999,1399,997,774
"2024-03-17",33,28493,29721,25800,1456,6562,2376,17065,0,14,1437,2000,993,619,-286,-328,1018,1399,997,370
"2024-03-17",34,29798,31056,26995,1373,6562,1551,17065,0,14,1787,1999,992,609,-304,-340,1019,1399,997,330
"2024-03-17",35,31174,32436,28327,1356,6562,888,17065,0,10,2251,2000,992,545,-258,-394,1019,1398,997,415
"2024-03-17",36,32352,33524,29489,1338,6562,233,17065,0,2,2345,1999,992,542,-223,-347,1019,1397,997,436
"2024-03-17",37,32934,34245,30093,1363,6562,2,17065,0,4,2150,1999,992,708,-283,-424,881,1397,997,1113
"2024-03-17",38,33382,34712,30522,1388,6562,0,17065,0,6,2129,1999,992,729,-290,-434,871,1397,998,1179
"2024-03-17",39,33050,34370,30192,1409,6562,0,17065,0,6,2096,1991,980,800,-386,-328,778,1397,997,1330
"2024-03-17",40,32170,33541,29335,1429,6562,0,17065,0,6,1927,1990,979,806,-336,-429,771,1398,997,1345
"2024-03-17",41,31293,32546,28458,1428,6562,0,17065,0,12,1655,1945,947,904,-344,-297,1002,1399,997,1388
"2024-03-17",42,30144,31404,27394,1426,6562,0,17065,0,7,2108,1942,944,913,-287,-366,1019,1399,997,1391
"2024-03-17",43,28854,30104,26244,1426,6562,0,17065,0,7,2004,1948,952,987,-307,-336,842,1399,997,1378
"2024-03-17",44,27508,29016,25049,1426,6562,0,17065,0,7,1442,1950,952,994,-397,-504,829,1399,997,1367
"2024-03-17",45,26280,27738,23917,1444,6562,0,17065,0,7,1155,1903,944,957,-383,-468,797,1399,972,1395
"2024-03-17",46,24714,26185,22499,1462,6562,0,17065,0,7,1234,1891,945,953,-380,-484,794,1399,970,1403
"2024-03-17",47,23417,24781,21350,1417,6562,0,17065,0,7,1787,1493,988,650,-343,-414,783,1399,994,1403
"2024-03-17",48,22478,23898,20494,1372,6562,0,17067,0,7,1786,1453,992,624,-330,-483,782,1399,997,1402
"2024-03-18",1,22301,23635,20359,1398,6562,0,17067,0,5,1813,1357,992,734,-330,-399,851,1399,997,1372
"2024-03-18",2,22565,23780,20636,1424,6562,0,17067,0,14,1909,1356,992,744,-330,-271,856,1399,998,1367
"2024-03-18",3,22315,24157,20446,1445,6562,0,17067,0,574,2114,1891,992,437,-330,-338,898,1399,997,1282
"2024-03-18",4,21631,23883,19861,1466,6562,0,17067,0,838,2042,1940,992,405,-330,-484,901,1399,997,1272
"2024-03-18",5,21379,23677,19675,1476,6562,0,17067,0,837,2104,1996,992,10,-330,-531,993,1399,996,1335
"2024-03-18",6,21135,23427,19434,1486,6562,0,17067,0,831,2101,2001,991,1,-330,-531,999,1398,995,1343
"2024-03-18",7,20821,23099,19144,1462,6562,0,17067,0,835,2099,2002,903,1,-330,-513,999,1398,907,1324
"2024-03-18",8,20357,22657,18743,1438,6562,0,17067,0,853,1823,1996,895,0,-330,-517,999,1398,899,1319
"2024-03-18",9,20301,22487,18671,1409,6562,0,17067,0,873,1781,1515,944,360,-330,-383,824,1398,900,1256
"2024-03-18",10,20423,22874,18733,1380,6562,0,17067,0,1123,2105,1475,947,416,-330,-398,808,1398,900,1244
"2024-03-18",11,21098,22517,19403,1338,6562,0,17067,0,294,2353,1740,816,-86,-330,-109,204,1398,900,917
"2024-03-18",12,22492,23657,20665,1295,6562,0,17067,0,13,2425,1737,801,-104,-330,-118,157,1398,897,889
"2024-03-18",13,24841,26152,22839,1233,6562,6,17067,0,12,2268,684,614,-384,-303,-12,130,1398,743,1150
"2024-03-18",14,27013,28329,24812,1170,6562,313,17067,0,12,2590,581,602,-444,-260,0,129,1397,734,1175
"2024-03-18",15,28781,30560,26353,1145,6562,1045,17067,0,12,2554,867,939,-905,-262,0,338,1397,976,1088
"2024-03-18",16,29022,30703,26481,1120,6562,1936,17067,0,13,2649,893,971,-839,-229,0,354,1397,998,1082
"2024-03-18",17,29967,30781,27282,1138,6562,2784,17067,0,55,2526,987,990,-10,-149,0,908,1397,998,1364
"2024-03-18",18,30141,30836,27433,1156,6562,3704,17067,0,8,2613,996,992,0,-87,0,950,1397,998,1392
"2024-03-18",19,30285,30894,27518,1257,6562,4565,17067,0,9,2982,996,992,715,43,0,996,1397,998,1392
"2024-03-18",20,29775,30384,26998,1357,6562,5305,17067,0,9,2975,996,992,938,171,0,999,1397,998,1392
"2024-03-18",21,29416,30024,26731,1474,6562,5794,17067,0,8,2969,996,992,1001,202,0,999,1397,998,1392
"2024-03-18",22,29099,29706,26555,1590,6562,5897,17067,0,7,3143,996,992,1003,340,0,999,1397,997,1391
"2024-03-18",23,28382,28990,25951,1721,6562,5629,17067,0,8,3306,996,992,1000,350,21,999,1397,998,1392
"2024-03-18",24,28094,28702,25704,1851,6562,5484,17067,0,8,3463,996,992,1001,344,121,999,1387,998,1392
"2024-03-18",25,28322,28928,25999,2003,6562,6115,17067,0,6,3948,996,992,1001,399,172,999,1231,998,1392
"2024-03-18",26,27986,28594,25817,2154,6562,6177,17067,0,8,4414,996,992,1001,400,65,999,1185,998,1391
"2024-03-18",27,27782,28389,25733,2296,6562,6063,17067,0,7,4805,996,992,1000,400,171,999,815,998,1242
"2024-03-18",28,27793,28402,25840,2437,6562,5688,17067,0,9,5056,996,992,998,400,225,999,737,997,1216
"2024-03-18",29,27661,28268,25817,2539,6562,4442,17067,0,7,5346,996,992,360,400,264,548,366,998,619
"2024-03-18",30,27743,28349,25907,2640,6562,3770,17067,0,6,5270,997,992,299,400,268,515,311,998,554
"2024-03-18",31,28234,29481,26339,2620,6562,3092,17067,0,7,5481,996,992,-640,400,450,907,324,997,57
"2024-03-18",32,29338,30776,27374,2600,6562,2267,17067,0,8,5522,996,992,-829,400,504,935,345,997,-1
"2024-03-18",33,30419,32370,28385,2578,6562,1505,17067,0,6,5527,996,992,-992,400,420,942,659,998,-353
"2024-03-18",34,31897,33907,29695,2556,6562,1074,17067,0,7,5499,995,992,-1012,400,457,943,697,997,-391
"2024-03-18",35,33090,34992,30797,2601,6562,659,17067,0,5,5794,973,992,-969,363,362,645,553,998,-328
"2024-03-18",36,34020,35901,31721,2645,6562,182,17067,0,5,5809,960,982,-965,327,303,607,553,979,-311
"2024-03-18",37,34363,35968,32083,2764,6562,3,17067,0,5,5540,325,300,-680,399,441,-320,897,39,290
"2024-03-18",38,34659,36348,32457,2883,6562,0,17067,0,5,5341,273,232,-636,400,366,-401,972,-47,344
"2024-03-18",39,34781,35875,32600,3006,6562,0,17067,0,6,5106,309,31,-488,398,226,275,1342,79,428
"2024-03-18",40,33653,34743,31604,3128,6562,0,17067,0,9,4906,313,14,-481,318,214,327,1397,91,439
"2024-03-18",41,32211,33277,30189,3247,6562,0,17067,0,11,4872,387,144,-212,368,17,-243,1397,157,569
"2024-03-18",42,30878,31943,28986,3365,6562,0,17067,0,7,4831,393,159,-171,355,88,-287,1398,163,582
"2024-03-18",43,29261,30615,27565,3457,6562,0,17067,0,7,5127,392,343,-492,389,153,-255,1398,169,669
"2024-03-18",44,27697,29077,26147,3549,6562,0,17067,0,7,5304,388,355,-520,293,143,-253,1398,168,675
"2024-03-18",45,25871,27607,24488,3615,6562,0,17067,0,7,5354,-71,22,-658,366,189,-400,1397,120,504
"2024-03-18",46,24239,26061,23011,3680,6562,0,17067,0,15,5127,-109,-16,-669,273,14,-413,1397,108,475
"2024-03-18",47,22319,26027,21200,3706,6562,0,17067,0,76,5314,37,-437,-1007,253,109,-977,1397,-402,-209
"2024-03-18",48,21255,25566,20232,3732,6562,0,17070,0,492,5239,42,-473,-1015,338,30,-1019,1374,-442,-270
"2024-03-19",1,21046,25009,20039,3791,6562,0,17070,0,967,5213,236,-225,-1015,213,0,-1021,1004,-109,-26
"2024-03-19",2,21213,25083,20197,3850,6562,0,17070,0,960,5680,262,-196,-1016,215,0,-1021,925,-77,0
"2024-03-19",3,21059,24784,20052,3871,6562,0,17070,0,1053,5696,342,121,-1015,88,0,-950,554,79,-107
"2024-03-19",4,20483,24437,19489,3891,6562,0,17070,0,1225,5636,355,157,-1015,-45,0,-946,476,95,-123
"2024-03-19",5,20224,24490,19259,3877,6562,0,17070,0,1203,5732,719,564,-967,-194,-26,-916,105,228,-360
"2024-03-19",6,19922,24311,18963,3862,6562,0,17070,0,1201,5598,751,603,-963,-318,-8,-914,56,236,-385
"2024-03-19",7,19624,24046,18620,3789,6562,0,17070,0,1196,5558,598,619,-985,-331,-43,-708,160,41,-559
"2024-03-19",8,19298,23796,18329,3716,6562,0,17070,0,1185,5662,581,615,-986,-331,-125,-694,199,23,-577
"2024-03-19",9,18772,23742,17839,3602,6562,0,17070,0,1177,5370,389,264,-1013,-331,-232,-934,568,21,-683
"2024-03-19",10,18798,23386,17869,3487,6562,0,17070,0,768,5100,364,230,-1015,-331,-229,-952,646,21,-693
"2024-03-19",11,19550,23456,18594,3317,6562,0,17070,0,315,4896,-2,143,-1015,-331,-91,-945,1017,18,-607
"2024-03-19",12,20762,24411,19690,3147,6562,0,17070,0,137,4786,4,136,-1016,-299,-66,-945,1072,21,-586
"2024-03-19",13,23323,25773,22035,3012,6562,1,17070,0,29,5010,182,192,-896,-158,-1,-766,1069,305,203
"2024-03-19",14,25091,27416,23651,2876,6562,133,17070,0,12,5003,208,204,-817,-113,-43,-740,1080,337,271
"2024-03-19",15,27966,29124,26237,2793,6562,629,17070,0,7,4595,906,644,153,-261,-290,146,1262,648,22
"2024-03-19",16,28668,29919,26901,2710,6562,1456,17070,0,10,4727,969,690,181,-407,-234,226,1294,679,12
"2024-03-19",17,29735,31255,27842,2681,6562,2235,17070,0,13,4269,994,966,567,-450,-457,711,1384,882,768
"2024-03-19",18,29655,31249,27731,2652,6562,2547,17070,0,13,4293,996,992,638,-450,-531,747,1397,901,844
"2024-03-19",19,30009,31600,27965,2625,6562,3061,17070,0,10,4377,996,992,432,-450,-531,982,1397,989,1349
"2024-03-19",20,29760,31344,27725,2597,6562,3702,17070,0,3,4055,996,992,428,-450,-531,999,1397,998,1395
"2024-03-19",21,29179,30767,27144,2503,6562,4090,17070,0,7,3681,995,992,854,-450,-531,999,1397,998,1353
"2024-03-19",22,28715,30300,26644,2408,6562,4132,17070,0,4,3408,995,992,891,-450,-531,999,1397,998,1347
"2024-03-19",23,28546,30131,26423,2296,6562,4565,17070,0,4,3249,996,992,998,-450,-531,999,1397,997,1390
"2024-03-19",24,28396,29980,26190,2183,6562,4812,17070,0,3,3107,996,992,1003,-450,-531,999,1397,998,1395
"2024-03-19",25,28372,29960,26157,2045,6562,5282,17070,0,7,3066,995,992,1003,-450,-531,999,1397,998,1394
"2024-03-19",26,28311,29903,25987,1907,6562,5448,17070,0,11,2798,995,992,1003,-450,-531,999,1397,998,1392
"2024-03-19",27,28230,29819,25885,1745,6562,4590,17070,0,8,2679,995,992,1003,-450,-531,999,1397,998,1113
"2024-03-19",28,28526,30115,26128,1582,6562,4378,17070,0,8,2698,995,992,1004,-450,-531,999,1397,997,1078
"2024-03-19",29,28738,30323,26299,1417,6562,4146,17070,0,4,2488,995,992,1003,-450,-531,999,1397,997,819
"2024-03-19",30,29076,30670,26605,1252,6562,3629,17070,0,13,2223,996,992,1003,-450,-531,999,1398,997,794
"2024-03-19",31,29678,31274,27086,1081,6562,2686,17070,0,15,2048,996,993,1003,-450,-531,1000,1398,998,794
"2024-03-19",32,31030,32627,28305,910,6562,1950,17070,0,16,1526,995,992,997,-450,-531,999,1374,997,792
"2024-03-19",33,32215,33812,29392,749,6562,1403,17070,0,16,1511,995,993,230,-450,-531,1018,1004,998,662
"2024-03-19",34,33370,34963,30407,588,6562,834,17070,0,12,773,995,992,160,-450,-531,1019,972,997,644
"2024-03-19",35,34294,36397,31158,524,6562,391,17070,0,5,522,996,992,-516,-451,-531,1018,1343,998,226
"2024-03-19",36,35199,37401,32006,460,6562,84,17070,0,4,288,994,992,-616,-451,-531,1017,1399,996,187
"2024-03-19",37,35770,37352,32626,434,6562,0,17070,0,0,310,906,948,293,-451,-531,540,1399,856,102
"2024-03-19",38,36192,37774,32856,408,6562,0,17070,0,0,128,900,944,352,-451,-531,505,1399,845,103
"2024-03-19",39,36236,37826,32834,391,6562,0,17070,0,7,-309,987,986,946,-452,-531,938,1399,985,800
"2024-03-19",40,35464,37057,32162,373,6562,0,17070,0,10,-497,994,990,1002,-452,-531,969,1399,998,866
"2024-03-19",41,34580,36177,31312,368,6562,0,17070,0,14,-650,995,992,978,-452,-531,947,1398,998,866
"2024-03-19",42,33301,34900,30162,362,6562,0,17070,0,16,-420,995,991,975,-452,-531,945,1398,995,866
"2024-03-19",43,31480,33071,28508,368,6562,0,17070,0,9,-429,913,912,753,-451,-531,748,1399,817,759
"2024-03-19",44,29764,31358,26918,373,6562,0,17070,0,11,-401,906,906,734,-452,-531,734,1398,804,747
"2024-03-19",45,28111,29704,25397,386,6562,0,17070,0,11,-408,989,985,822,-451,-531,789,1399,937,812
"2024-03-19",46,26541,28119,23956,398,6562,0,17070,0,11,-484,996,992,830,-452,-515,793,1399,949,830
"2024-03-19",47,24838,26430,22349,421,6562,0,17070,0,12,-641,994,989,873,-452,-528,940,1399,975,757
"2024-03-19",48,24169,25763,21772,443,6562,0,17074,0,12,-606,994,988,876,-451,-531,950,1399,978,748
"2024-03-20",1,23594,25473,21250,459,6562,0,17074,0,296,-488,995,992,964,-452,-531,996,1399,996,748
"2024-03-20",2,23976,26018,21681,475,6562,0,17074,0,464,-427,996,992,973,-452,-526,999,1399,997,748
"2024-03-20",3,23633,25922,21381,489,6562,0,17074,0,707,-305,996,992,973,-451,-531,999,1399,998,748
"2024-03-20",4,23349,25660,21094,503,6562,0,17074,0,728,-348,996,993,974,-452,-531,999,1399,998,743
"2024-03-20",5,22928,25223,20713,514,6562,0,17074,0,738,-253,995,992,955,-426,-531,999,1399,998,483
"2024-03-20",6,22725,25122,20508,524,6562,0,17074,0,885,-178,996,992,953,-381,-531,999,1399,998,455
"2024-03-20",7,22291,24741,20046,542,6562,0,17074,0,963,-115,996,992,836,-356,-531,999,1399,997,127
"2024-03-20",8,22087,24517,19859,560,6562,0,17074,0,958,-19,996,992,770,-341,-531,999,1399,998,89
"2024-03-20",9,21415,24231,19282,572,6562,0,17074,0,958,224,996,992,-85,-341,-531,999,1399,998,-301
"2024-03-20",10,21705,24140,19553,583,6562,0,17074,0,679,224,996,992,-107,-341,-365,987,1399,997,-343
"2024-03-20",11,22067,24838,19901,590,6562,0,17074,0,149,520,997,992,-870,-318,-75,130,1399,997,-759
"2024-03-20",12,23101,25924,20796,596,6562,0,17074,0,126,253,998,992,-968,-222,-111,49,1387,998,-796
"2024-03-20",13,25147,27970,22669,557,6562,0,17074,0,153,556,998,992,-578,-85,-11,-609,1198,998,-787
"2024-03-20",14,26971,29561,24370,518,6562,63,17074,0,15,728,998,992,-493,-166,0,-598,1162,997,-718
"2024-03-20",15,30028,30966,27158,516,6562,275,17074,0,11,518,996,992,311,-317,-10,794,1039,998,615
"2024-03-20",16,31058,32247,28032,513,6562,596,17074,0,17,361,990,992,375,-439,-133,964,1041,998,776
"2024-03-20",17,31913,33125,28856,513,6562,999,17074,0,13,111,630,992,949,-450,-149,997,1351,999,776
"2024-03-20",18,32043,33316,28917,513,6562,1447,17074,0,12,89,596,992,1003,-450,-211,999,1397,998,776
"2024-03-20",19,32259,33651,29109,521,6562,1855,17074,0,9,9,597,992,1004,-451,-332,728,1397,998,776
"2024-03-20",20,32047,33408,28941,529,6562,2292,17074,0,7,-202,597,992,1003,-451,-303,708,1398,998,776
"2024-03-20",21,31791,33063,28507,534,6562,3051,17074,0,7,-566,597,992,1003,-451,-214,708,1398,998,776
"2024-03-20",22,31499,32793,28214,538,6562,3401,17074,0,7,-922,597,992,1003,-451,-236,708,1397,995,776
"2024-03-20",23,31206,32476,27935,545,6562,3823,17074,0,7,-982,596,992,1003,-400,-263,890,1397,817,776
"2024-03-20",24,31117,32460,27769,552,6562,4310,17074,0,7,-1051,596,992,1003,-442,-294,903,1397,802,785
"2024-03-20",25,31285,32691,27921,557,6562,4124,17074,0,7,-1114,597,992,1003,-452,-347,858,1397,847,788
"2024-03-20",26,31263,32828,27983,562,6562,3937,17074,0,7,-1093,597,992,1003,-452,-506,854,1397,853,788
"2024-03-20",27,31260,32850,28024,573,6562,3547,17074,0,7,-1079,597,992,1004,-452,-531,532,1397,986,788
"2024-03-20",28,31051,32641,27844,584,6562,3442,17074,0,7,-1023,596,992,1004,-452,-531,508,1397,996,788
"2024-03-20",29,30961,32551,27772,598,6562,3092,17074,0,7,-745,458,992,785,-452,-531,782,1397,853,788
"2024-03-20",30,30666,32256,27544,611,6562,2746,17074,0,7,-679,448,992,755,-452,-531,801,1397,842,788
"2024-03-20",31,30320,31910,27170,619,6562,2590,17074,0,8,-948,586,992,973,-451,-531,986,1397,986,788
"2024-03-20",32,30851,32441,27719,626,6562,2476,17074,0,8,-1026,597,992,1003,-451,-531,997,1397,999,788
"2024-03-20",33,31613,33205,28506,613,6562,1913,17074,0,10,-782,598,992,682,-451,-531,438,1398,999,788
"2024-03-20",34,32690,34278,29485,600,6562,1234,17074,0,6,-795,604,992,653,-451,-531,395,1398,999,788
"2024-03-20",35,33578,35259,30217,568,6562,616,17074,0,0,-651,965,992,407,-451,-531,-99,1398,999,519
"2024-03-20",36,34664,36745,31260,536,6562,166,17074,0,0,-623,997,992,399,-451,-531,-136,1398,999,-363
"2024-03-20",37,34886,36995,31498,534,6562,8,17074,0,0,-582,849,966,145,-451,-531,-144,1398,998,-383
"2024-03-20",38,35536,37649,32101,532,6562,0,17074,0,0,-450,837,964,139,-451,-531,-144,1398,998,-387
"2024-03-20",39,35400,37419,32051,536,6562,0,17074,0,1,-387,985,990,7,-451,-531,-91,1398,999,-345
"2024-03-20",40,34541,36543,31238,540,6562,0,17074,0,7,-310,997,992,0,-451,-531,-72,1398,998,-341
"2024-03-20",41,33982,36551,30813,557,6562,0,17074,0,11,45,997,992,-486,-451,-531,823,1398,998,-490
"2024-03-20",42,32900,35588,29881,574,6562,0,17074,0,10,170,997,992,-589,-451,-531,903,1398,998,-507
"2024-03-20",43,31585,34083,28744,598,6562,0,17074,0,5,482,996,992,-509,-451,-531,993,1398,997,-402
"2024-03-20",44,29670,32140,27060,622,6562,0,17074,0,13,956,996,992,-500,-438,-531,999,1398,998,-388
"2024-03-20",45,27922,30100,25485,645,6562,0,17074,0,19,1337,996,992,-372,-340,-459,861,1398,998,-388
"2024-03-20",46,26462,28838,24144,667,6562,0,17074,0,84,1717,996,992,-358,-427,-530,851,1398,998,-377
"2024-03-20",47,24754,26346,22633,726,6562,0,17074,0,27,2121,996,992,654,-452,-513,989,1398,997,588
"2024-03-20",48,23774,25145,21762,785,6562,0,17077,0,22,2643,995,992,852,-451,-298,999,1398,997,776
"2024-03-21",1,23462,24644,21645,839,6562,0,17077,0,80,2880,995,992,997,-411,-91,999,1399,998,776
"2024-03-21",2,23698,24938,22028,892,6562,0,17077,0,372,3315,995,992,1003,-268,0,999,1399,997,780
"2024-03-21",3,23377,25097,21761,964,6562,0,17077,0,913,3533,996,992,1004,-207,0,999,1399,997,1018
"2024-03-21",4,22605,24738,21086,1036,6562,0,17077,0,1276,3600,996,992,1004,-257,0,999,1399,998,1035
"2024-03-21",5,22143,24289,20740,1121,6562,0,17077,0,1273,3836,995,992,999,-273,0,999,1398,998,679
"2024-03-21",6,21800,23817,20420,1205,6562,0,17077,0,1272,4235,996,992,999,-145,0,999,1398,997,638
"2024-03-21",7,21366,23361,20006,1335,6562,0,17077,0,1268,4524,996,992,797,-127,0,999,1398,997,322
"2024-03-21",8,21141,22909,19868,1465,6562,0,17077,0,1081,4897,996,992,778,-87,0,999,1397,997,287
"2024-03-21",9,20819,22503,19592,1567,6562,0,17077,0,996,5041,996,992,248,28,0,883,1397,997,-88
"2024-03-21",10,20708,22686,19499,1668,6562,0,17077,0,1247,5018,996,992,200,130,0,874,1377,997,-131
"2024-03-21",11,20891,23847,19699,1789,6562,0,17077,0,922,5267,996,992,-749,280,125,678,1060,997,-685
"2024-03-21",12,21984,24688,20823,1909,6562,0,17077,0,369,5389,997,992,-1003,393,243,659,989,997,-732
"2024-03-21",13,24027,25400,22730,2033,6562,6,17077,0,47,5445,997,991,-323,400,461,-14,619,997,-389
"2024-03-21",14,25865,27129,24454,2157,6562,177,17077,0,15,5496,997,992,-259,400,481,-67,588,997,-323
"2024-03-21",15,28593,29215,26922,2272,6562,562,17077,0,13,5280,996,992,-9,400,245,468,958,998,673
"2024-03-21",16,29105,29718,27321,2387,6562,952,17077,0,13,4994,997,992,0,382,192,507,1032,998,776
"2024-03-21",17,29569,30816,27636,2503,6562,1509,17077,0,13,4669,996,992,-634,260,16,634,1350,998,776
"2024-03-21",18,29588,30961,27574,2618,6562,2045,17077,0,12,4572,996,992,-761,268,0,643,1397,998,776
"2024-03-21",19,30013,30737,27939,2752,6562,2728,17077,0,9,4365,997,992,-115,148,0,423,1397,997,776
"2024-03-21",20,29755,30470,27620,2886,6562,3260,17077,0,11,4609,997,992,-104,171,0,406,1397,998,779
"2024-03-21",21,29014,29995,26943,3028,6562,3495,17077,0,12,4641,996,992,-369,97,0,314,1397,998,1019
"2024-03-21",22,28240,29252,26225,3169,6562,3937,17077,0,12,4553,997,992,-400,120,0,308,1397,998,1044
"2024-03-21",23,27828,28439,25817,3320,6562,4499,17077,0,11,4533,996,992,400,129,0,593,1397,998,1206
"2024-03-21",24,27653,28266,25633,3471,6562,4802,17077,0,13,4549,994,992,481,87,0,613,1397,998,1219
"2024-03-21",25,27345,28028,25385,3557,6562,4294,17077,0,12,4651,719,992,295,-52,-19,674,1397,998,1036
"2024-03-21",26,27421,28228,25462,3643,6562,3750,17077,0,10,4832,696,992,287,-197,0,679,1380,998,1016
"2024-03-21",27,27253,28143,25345,3691,6562,3647,17077,0,97,4925,697,992,205,-193,0,523,1107,998,962
"2024-03-21",28,27143,28072,25213,3738,6562,3559,17077,0,26,4851,697,992,199,-303,0,513,1076,998,625
"2024-03-21",29,27202,28094,25321,3767,6562,3131,17077,0,17,4974,697,992,186,-275,0,371,1234,998,55
"2024-03-21",30,28207,29235,26237,3795,6562,2734,17077,0,62,5000,699,992,185,-366,0,362,1238,998,0
"2024-03-21",31,28690,30562,26660,3781,6562,2211,17077,0,12,5006,973,992,-595,-289,0,905,921,997,-376
"2024-03-21",32,29490,31626,27519,3766,6562,1885,17077,0,9,5058,995,992,-749,-338,0,945,897,997,-440
"2024-03-21",33,30223,32419,28212,3714,6562,1480,17077,0,10,4961,996,992,-298,-446,-77,664,1268,997,-765
"2024-03-21",34,30987,33327,28936,3662,6562,1063,17077,0,10,4898,1004,992,-278,-450,-206,625,1327,997,-796
"2024-03-21",35,31881,34741,29806,3562,6562,740,17077,0,5,4941,1907,991,-687,-421,-12,-339,1388,996,-796
"2024-03-21",36,32564,35676,30510,3461,6562,236,17077,0,2,4995,2000,987,-690,-450,-147,-429,1397,989,-794
"2024-03-21",37,32940,35238,30885,3423,6562,7,17077,0,3,4938,1820,715,-524,-450,-149,-17,1397,552,-555
"2024-03-21",38,33175,35539,31063,3385,6562,0,17077,0,0,4700,1804,690,-490,-450,-305,13,1397,519,-519
"2024-03-21",39,33609,35179,31402,3352,6562,0,17077,0,1,4663,1819,731,361,-450,-519,220,1397,871,257
"2024-03-21",40,32908,34492,30770,3319,6562,0,17077,0,3,4670,1821,739,422,-450,-531,235,1397,902,331
"2024-03-21",41,31855,33546,29729,3272,6562,0,17077,0,12,4636,1985,970,-98,-450,-531,315,1397,920,503
"2024-03-21",42,30527,32239,28521,3224,6562,0,17077,0,15,4723,1998,990,-116,-450,-531,320,1397,922,522
"2024-03-21",43,29187,30786,27319,3187,6562,0,17077,0,12,4980,1838,881,-6,-450,-531,387,1397,890,737
"2024-03-21",44,27588,29180,25857,3149,6562,0,17077,0,11,4879,1809,869,1,-450,-531,392,1379,889,757
"2024-03-21",45,25631,27719,24004,3109,6562,0,17077,0,20,4860,1025,761,-487,-450,-531,112,1099,977,629
"2024-03-21",46,24379,26767,22938,3068,6562,0,17077,0,222,5134,957,753,-585,-450,-531,83,1034,982,615
"2024-03-21",47,22765,26642,21470,3087,6562,0,17077,0,696,5261,1604,909,-954,-408,-519,-700,664,811,724
"2024-03-21",48,21883,26073,20657,3105,6562,0,17081,0,994,5310,1660,924,-981,-321,-530,-764,585,798,732
"2024-03-22",1,21709,25718,20505,3096,6562,0,17081,0,1258,5402,1631,966,-1012,-320,-484,-335,215,980,517
"2024-03-22",2,22110,25725,20976,3087,6562,0,17081,0,1154,5577,1627,969,-1015,-320,-221,-305,137,996,491
"2024-03-22",3,21861,25639,20773,3054,6562,0,17081,0,1290,5738,1563,950,-1014,-320,-315,67,-239,997,250
"2024-03-22",4,21305,25292,20278,3021,6562,0,17081,0,1283,5799,1556,948,-1015,-320,-451,94,-318,996,216
"2024-03-22",5,20429,24963,19494,3024,6562,0,17081,0,981,5766,1480,906,-1015,-320,-413,6,-698,996,-507
"2024-03-22",6,20015,24982,19086,3026,6562,0,17081,0,1257,5816,1467,902,-1015,-320,-434,-4,-760,996,-577
"2024-03-22",7,19351,25145,18454,3002,6562,0,17081,0,1182,5783,1109,889,-1015,-320,-432,-663,-854,998,-728
"2024-03-22",8,19189,25142,18288,2977,6562,0,17081,0,1238,5602,1085,888,-1014,-320,-478,-714,-844,997,-745
"2024-03-22",9,19321,25018,18418,2947,6562,0,17081,0,1040,5524,1500,915,-1014,-320,-510,-963,-462,991,-788
"2024-03-22",10,19364,25009,18478,2917,6562,0,17081,0,1031,5555,1539,918,-1015,-320,-530,-980,-381,990,-788
"2024-03-22",11,19677,24476,18660,2875,6562,0,17081,0,1097,5257,1427,919,-1015,-320,-477,-776,-7,991,-507
"2024-03-22",12,20819,24943,19690,2832,6562,0,17081,0,507,5314,1419,918,-1015,-320,-480,-761,73,989,-441
"2024-03-22",13,23373,26080,22054,2849,6562,2,17081,0,118,5093,1615,836,-640,-383,-473,-493,444,907,654
"2024-03-22",14,25116,27723,23637,2866,6562,114,17081,0,81,5157,1637,830,-589,-451,-449,-437,522,901,781
"2024-03-22",15,28169,29808,26431,2984,6562,459,17081,0,58,4963,1969,977,381,-451,-530,735,893,989,974
"2024-03-22",16,29156,30754,27324,3102,6562,881,17081,0,17,5050,1999,991,455,-450,-531,860,971,996,973
"2024-03-22",17,29741,31338,27892,3299,6562,1445,17081,0,16,4898,1998,991,803,-450,-531,990,1342,996,96
"2024-03-22",18,29811,31404,27988,3495,6562,1986,17081,0,12,5106,1998,992,859,-450,-531,999,1397,996,12
"2024-03-22",19,30182,31771,28422,3593,6562,2750,17081,0,8,5162,1998,992,689,-450,-531,999,1397,996,747
"2024-03-22",20,29960,31495,28196,3690,6562,3317,17081,0,13,5206,1998,992,671,-450,-472,999,1397,997,807
"2024-03-22",21,29122,30384,27447,3800,6562,3785,17081,0,12,5351,1998,992,321,-450,-200,999,1398,997,251
"2024-03-22",22,28482,29670,26856,3909,6562,4484,17081,0,11,5258,1999,992,315,-448,-129,999,1398,997,202
"2024-03-22",23,28180,29316,26495,3969,6562,4877,17081,0,9,5197,1999,992,812,-443,-84,925,1397,997,599
"2024-03-22",24,27756,28734,26105,4028,6562,5291,17081,0,12,5207,1999,992,851,-362,-4,917,1397,997,639
"2024-03-22",25,27276,28215,25539,4077,6562,5890,17081,0,12,5035,2001,991,574,-308,-19,320,1397,997,796
"2024-03-22",26,26569,27542,24848,4126,6562,6212,17081,0,12,5107,2002,992,517,-167,-194,274,1382,997,834
"2024-03-22",27,25843,26517,24140,4161,6562,6384,17081,0,12,5319,2002,992,8,-33,-29,87,1144,997,1095
"2024-03-22",28,25175,25850,23489,4196,6562,6496,17081,0,12,5351,2002,992,0,-63,0,73,1124,997,1119
"2024-03-22",29,24692,25634,23078,4191,6562,5962,17081,0,12,5187,2002,992,-330,53,0,74,1361,998,1077
"2024-03-22",30,24570,25565,22948,4185,6562,5577,17081,0,13,5171,2003,992,-382,79,0,73,1380,997,1060
"2024-03-22",31,24572,26145,22853,4157,6562,5014,17081,0,7,5059,2002,992,-966,219,48,5,1113,997,369
"2024-03-22",32,25269,26887,23536,4129,6562,4230,17081,0,3,5199,2002,992,-1015,217,1,0,1090,997,301
"2024-03-22",33,26508,28196,24739,3980,6562,3447,17081,0,3,5196,2002,992,-1015,295,0,-70,1357,997,149
"2024-03-22",34,27677,29364,25789,3830,6562,2489,17081,0,1,4892,2002,992,-1011,196,0,-75,1397,997,166
"2024-03-22",35,29679,30637,27662,3637,6562,1479,17081,0,3,5109,2002,992,-355,174,0,99,1397,997,1172
"2024-03-22",36,30803,31707,28735,3444,6562,469,17081,0,4,5175,2002,992,-300,54,0,112,1397,997,1287
"2024-03-22",37,31898,32837,29773,3400,6562,29,17081,0,4,5196,2002,980,-293,-42,0,119,1397,997,1147
"2024-03-22",38,32457,33491,30286,3355,6562,0,17081,0,3,5177,2002,979,-292,-139,0,119,1397,997,1128
"2024-03-22",39,32768,33771,30530,3398,6562,0,17081,0,0,5011,2001,991,-8,-290,-105,290,1397,992,824
"2024-03-22",40,32497,33579,30369,3440,6562,0,17081,0,3,5086,2001,992,1,-426,-53,302,1397,992,793
"2024-03-22",41,31595,33664,29562,3462,6562,0,17081,0,5,5298,2000,992,-770,-450,-244,704,1397,996,663
"2024-03-22",42,30281,32531,28369,3484,6562,0,17081,0,10,5306,2000,992,-1015,-447,-178,732,1374,996,644
"2024-03-22",43,28858,30829,27054,3541,6562,0,17081,0,11,5354,1999,992,-1015,-344,-1,928,1003,996,164
"2024-03-22",44,27606,29530,25995,3598,6562,0,17081,0,15,5584,1999,991,-1015,-294,0,903,925,996,106
"2024-03-22",45,25727,28325,24269,3651,6562,0,17081,0,12,5466,1962,983,-1007,-189,0,-305,554,996,-485
"2024-03-22",46,24557,27409,23121,3704,6562,0,17081,0,12,5380,1953,980,-1005,-251,0,-438,476,994,-546
"2024-03-22",47,22600,26319,21307,3701,6562,0,17081,0,15,5592,1724,876,-1014,-353,0,-973,105,836,-764
"2024-03-22",48,21897,25886,20645,3697,6562,0,17081,0,166,5767,1700,867,-1015,-366,-47,-1011,25,821,-784
"2024-03-23",1,21671,26147,20450,3770,6562,0,17081,0,491,5868,1785,964,-1015,-217,-1,-1020,-349,810,-783
"2024-03-23",2,22064,26476,20905,3843,6562,0,17081,0,490,6143,1787,973,-1015,-86,0,-1021,-416,809,-784
"2024-03-23",3,21345,26343,20232,3895,6562,0,17081,0,990,6211,1440,986,-1015,21,0,-1021,-589,889,-783
"2024-03-23",4,20656,25981,19669,3947,6562,0,17081,0,1291,6179,1391,984,-1015,34,0,-1021,-614,894,-784
"2024-03-23",5,19691,24952,18846,4008,6562,0,17081,0,1228,6333,433,734,-1015,0,0,-1021,-614,762,-783
"2024-03-23",6,19339,24617,18454,4069,6562,0,17081,0,1244,6214,342,708,-1015,0,0,-1021,-614,751,-784
"2024-03-23",7,19150,24441,18272,4093,6562,0,17081,0,1175,6039,336,611,-1016,-63,-18,-1021,-614,797,-784
"2024-03-23",8,19070,24203,18180,4117,6562,0,17081,0,905,5922,325,594,-1015,-194,33,-1021,-614,801,-784
"2024-03-23",9,18575,24086,17771,4161,6562,0,17081,0,1148,6291,-224,87,-1015,-106,1,-1021,-614,801,-783
"2024-03-23",10,18269,23875,17495,4204,6562,0,17081,0,1151,6276,-289,41,-1015,-27,-105,-1021,-614,800,-784
"2024-03-23",11,18473,23885,17668,4193,6562,0,17081,0,1195,6095,165,154,-1016,-158,-25,-1021,-614,670,-783
"2024-03-23",12,18575,23895,17678,4182,6562,0,17081,0,1153,6116,227,169,-1020,-122,0,-1021,-614,659,-790
"2024-03-23",13,19338,24409,18424,4240,6562,75,17081,0,1054,6103,344,500,-1015,-137,0,-856,-614,692,-795
"2024-03-23",14,19802,24639,18834,4297,6562,646,17081,0,893,6233,358,532,-1013,-78,0,-844,-614,696,-795
"2024-03-23",15,20753,24747,19675,4440,6562,1668,17081,0,290,6322,499,569,-979,-71,0,-645,-614,699,-795
"2024-03-23",16,20921,24611,19762,4583,6562,2793,17081,0,84,6341,503,573,-882,-65,-25,-625,-614,701,-795
"2024-03-23",17,21627,24396,20243,4701,6562,3986,17081,0,380,5909,-21,614,370,-137,-222,74,-614,771,-795
"2024-03-23",18,21429,24450,20030,4819,6562,4572,17081,0,650,5984,-60,620,443,-252,-50,134,-614,779,-795
"2024-03-23",19,21705,24705,20316,4888,6562,5278,17081,0,643,5191,723,789,917,-348,0,774,-614,884,-795
"2024-03-23",20,22002,24949,20642,4957,6562,5885,17081,0,573,5389,1097,802,955,-365,0,824,-614,893,-795
"2024-03-23",21,21851,24584,20508,4972,6562,6044,17081,0,447,5823,100,678,854,-373,0,869,-614,846,-699
"2024-03-23",22,21629,24594,20289,4987,6562,6416,17081,0,686,5956,36,668,852,-384,0,873,-614,842,-681
"2024-03-23",23,22292,25069,20910,4975,6562,6325,17081,0,935,5959,643,776,959,-335,-7,874,-614,889,-286
"2024-03-23",24,22283,25104,20855,4963,6562,6559,17081,0,946,5925,694,780,966,-259,-159,874,-614,894,-243
"2024-03-23",25,21917,24344,20430,4957,6562,6637,17081,0,842,5675,301,440,675,-353,-18,609,-614,895,138
"2024-03-23",26,21863,24121,20437,4951,6562,6524,17081,0,672,5728,265,412,670,-372,0,590,-614,895,169
"2024-03-23",27,21764,24466,20299,4922,6562,7125,17081,0,974,5415,534,654,932,-446,-68,826,-614,895,169
"2024-03-23",28,21283,24133,19827,4893,6562,6465,17081,0,1112,5411,558,677,952,-451,-73,843,-614,893,169
"2024-03-23",29,21315,24090,19931,4851,6562,6252,17081,0,1079,5603,821,727,689,-450,-32,868,-614,800,129
"2024-03-23",30,21287,24132,19946,4809,6562,5767,17081,0,1157,5604,857,735,635,-443,-31,869,-614,792,109
"2024-03-23",31,21715,24368,20363,4742,6562,5257,17081,0,237,5739,1753,962,-87,-332,-69,422,-614,871,-714
"2024-03-23",32,22408,24798,21027,4674,6562,4443,17081,0,10,5556,1836,984,-104,-277,-1,389,-614,880,-784
"2024-03-23",33,24348,26591,22931,4533,6562,3311,17081,0,13,5611,1987,991,-399,-396,-10,775,-614,968,-211
"2024-03-23",34,25831,27926,24281,4391,6562,2286,17081,0,3,5660,1999,992,-442,-327,0,802,-590,976,-133
"2024-03-23",35,27794,29515,26080,4262,6562,1100,17081,0,2,5347,1998,992,-465,-418,-24,1004,-212,994,760
"2024-03-23",36,28843,30670,27108,4133,6562,410,17081,0,0,5428,1998,991,-456,-450,-188,1019,-133,996,853
"2024-03-23",37,30501,31749,28742,4081,6562,32,17081,0,0,5491,1998,992,348,-450,-198,1019,242,996,1003
"2024-03-23",38,30954,32202,29118,4029,6562,0,17081,0,0,5438,1998,992,410,-450,-198,1019,297,996,1020
"2024-03-23",39,30911,32159,29072,4064,6562,0,17081,0,0,5321,1998,992,129,-450,-198,1019,297,996,1237
"2024-03-23",40,30479,31727,28669,4099,6562,0,17081,0,0,5282,1998,992,124,-450,-198,1019,274,996,1254
"2024-03-23",41,29538,30886,27667,4129,6562,0,17081,0,0,5353,1998,992,180,-450,-198,1019,-100,996,992
"2024-03-23",42,28697,30126,26909,4159,6562,0,17081,0,2,5546,1998,991,184,-450,-198,1018,-179,995,932
"2024-03-23",43,26563,29019,24929,4176,6562,0,17081,0,2,5532,1999,971,-519,-450,-198,497,-557,906,-130
"2024-03-23",44,25740,28499,24202,4193,6562,0,17081,0,6,5394,1984,964,-639,-450,-198,459,-614,896,-252
"2024-03-23",45,24349,26935,22904,4209,6562,0,17081,0,8,5628,1197,597,-358,-450,-198,348,-614,771,-358
"2024-03-23",46,23283,26016,21884,4224,6562,0,17081,0,13,5550,1117,559,-337,-450,-345,339,-614,756,-374
"2024-03-23",47,21667,25040,20348,4202,6562,0,17081,0,146,5451,921,336,-487,-392,-432,303,-614,568,-702
"2024-03-23",48,21178,24751,19906,4180,6562,0,17082,0,366,5414,904,319,-480,-350,-432,301,-614,551,-731
"2024-03-24",1,21195,24863,19952,4179,6562,0,17082,0,890,5198,999,595,-8,-350,-432,350,-614,538,-774
"2024-03-24",2,21012,24907,19788,4178,6562,0,17082,0,1122,5209,1008,618,0,-350,-432,353,-614,537,-777
"2024-03-24",3,20885,24928,19673,4147,6562,0,17082,0,1270,5243,1004,473,150,-350,-432,607,-614,499,-777
"2024-03-24",4,20383,24430,19194,4116,6562,0,17082,0,1274,5208,1004,460,166,-350,-432,625,-614,498,-777
"2024-03-24",5,19713,23803,18545,4084,6562,0,17082,0,1099,5066,934,458,-218,-350,-432,498,-614,666,-777
"2024-03-24",6,19296,23573,18091,4051,6562,0,17082,0,1251,5017,925,461,-253,-350,-432,489,-614,680,-777
"2024-03-24",7,18903,23259,17647,3982,6562,0,17082,0,1259,4941,595,714,-324,-350,-432,410,-614,659,-777
"2024-03-24",8,18633,22982,17416,3912,6562,0,17082,0,1247,4725,557,735,-329,-350,-432,404,-614,657,-777
"2024-03-24",9,18344,22584,17126,3852,6562,0,17082,0,1231,4669,158,566,-255,-350,-432,453,-614,663,-758
"2024-03-24",10,18164,22399,16900,3792,6562,0,17082,0,1236,4690,118,550,-249,-350,-432,456,-614,665,-754
"2024-03-24",11,18162,22412,16787,3691,6562,0,17082,0,1219,4441,56,483,-281,-350,-432,327,-614,776,-754
"2024-03-24",12,18232,22476,16811,3590,6562,0,17082,0,1213,4237,48,474,-281,-350,-432,318,-614,786,-754
"2024-03-24",13,18958,23071,17502,3516,6562,80,17082,0,1133,4203,-200,312,86,-350,-432,372,-614,791,-784
"2024-03-24",14,19420,23621,17858,3442,6562,674,17082,0,1202,4177,-214,297,103,-350,-432,375,-614,785,-789
"2024-03-24",15,19860,24061,18126,3459,6562,1698,17082,0,1073,3971,497,275,-208,-409,-506,-2,-614,339,-789
"2024-03-24",16,19999,24359,18125,3475,6562,2806,17082,0,1107,4066,588,273,-240,-450,-531,-29,-614,299,-789
"2024-03-24",17,20746,24373,18720,3498,6562,3917,17082,0,637,3774,945,320,180,-450,-531,385,-614,224,-795
"2024-03-24",18,20970,24143,18870,3520,6562,4839,17082,0,188,3902,983,325,216,-450,-531,414,-603,220,-801
"2024-03-24",19,21770,24596,19513,3396,6562,5831,17082,0,13,3461,1319,429,940,-450,-531,617,-431,396,-801
"2024-03-24",20,21717,24493,19432,3271,6562,6441,17082,0,12,3230,1353,440,1004,-450,-531,632,-382,416,-801
"2024-03-24",21,22007,24404,19656,3108,6562,6683,17082,0,8,2809,1547,512,1003,-450,-531,723,-7,658,-801
"2024-03-24",22,21998,24388,19637,2945,6562,6716,17082,0,8,2517,1569,526,1003,-450,-531,730,73,684,-801
"2024-03-24",23,22534,24839,20105,2761,6562,7024,17082,0,8,2384,1880,952,1003,-450,-531,981,444,927,-716
"2024-03-24",24,22477,24759,20022,2576,6562,7525,17082,0,8,2160,1907,992,1003,-450,-531,999,523,949,-693
"2024-03-24",25,22694,24283,20282,2398,6562,7547,17082,0,8,1655,1991,992,1003,-450,-531,1000,894,993,99
"2024-03-24",26,22461,24050,20027,2220,6562,7745,17082,0,8,1145,1999,992,1003,-450,-531,999,972,996,167
"2024-03-24",27,22618,24369,20135,2055,6562,7462,17082,0,8,941,1999,992,1003,-450,-531,999,1343,996,-162
"2024-03-24",28,22716,24497,20196,1889,6562,7149,17082,0,8,838,1999,992,1003,-450,-531,999,1399,996,-192
"2024-03-24",29,22755,24536,20301,1726,6562,6606,17082,0,8,697,1999,992,1003,-450,-531,999,1399,996,-192
"2024-03-24",30,23184,24958,20717,1562,6562,5923,17082,0,7,562,1999,992,1003,-450,-531,999,1399,997,-186
"2024-03-24",31,24150,25734,21622,1371,6562,5109,17082,0,3,592,1999,992,1004,-450,-531,999,1399,997,248
"2024-03-24",32,25442,27026,22840,1180,6562,4066,17082,0,3,454,1999,992,1004,-450,-531,999,1399,997,297
"2024-03-24",33,27217,28785,24525,994,6562,3101,17082,0,3,380,1999,992,944,-450,-515,1018,1399,997,736
"2024-03-24",34,29293,30834,26460,807,6562,2445,17082,0,4,216,1999,992,938,-441,-496,1019,1399,997,778
"2024-03-24",35,31179,32712,28210,666,6562,1400,17082,0,9,236,1999,992,969,-404,-520,1015,1399,997,949
"2024-03-24",36,32406,33761,29367,524,6562,477,17082,0,7,69,1999,992,972,-403,-345,1014,1399,997,968
"2024-03-24",37,33610,34833,30480,466,6562,27,17082,0,6,39,1999,992,977,-397,-220,1010,1399,997,1119
"2024-03-24",38,34044,35154,30836,407,6562,0,17082,0,6,194,1999,992,977,-354,-150,1009,1399,997,1138
"2024-03-24",39,34061,35055,30779,397,6562,0,17082,0,6,283,1999,991,1001,-299,-89,1018,1399,997,1355
"2024-03-24",40,33051,33953,29829,387,6562,0,17082,0,6,254,1999,992,1003,-250,-46,1020,1399,997,1374
"2024-03-24",41,31955,32667,28935,411,6562,0,17082,0,9,400,1999,992,1004,-102,-1,1019,1399,997,1397
"2024-03-24",42,30945,31648,28030,434,6562,0,17082,0,7,506,1999,992,1003,-96,0,1019,1399,997,1398
"2024-03-24",43,30177,30871,27438,477,6562,0,17082,0,4,537,2000,992,1003,-90,10,1001,1399,998,1398
"2024-03-24",44,28683,29513,26099,520,6562,0,17082,0,7,514,2000,992,1003,-223,0,999,1399,997,1397
"2024-03-24",45,27170,28049,24771,577,6562,0,17082,0,5,450,1999,991,1003,-231,-43,999,1399,997,1245
"2024-03-24",46,25823,26713,23553,634,6562,0,17082,0,3,402,1999,992,1003,-246,-41,999,1399,996,1224
"2024-03-24",47,24183,25180,22007,778,6562,0,17082,0,3,357,1999,992,1003,-318,-76,999,1399,996,811
"2024-03-24",48,23113,24352,21016,921,6562,0,17084,0,6,335,1999,991,1003,-370,-263,999,1399,997,771
"2024-03-25",1,23027,24042,21007,992,6562,0,17084,0,8,646,1999,992,1004,-359,-48,999,1399,997,771
"2024-03-25",2,23395,24340,21407,1062,6562,0,17084,0,9,763,1999,992,1000,-334,-2,999,1399,997,771
"2024-03-25",3,23129,24358,21179,1133,6562,0,17084,0,91,789,1999,992,712,-370,-168,999,1399,997,771
"2024-03-25",4,22439,24052,20569,1204,6562,0,17084,0,449,1024,1999,992,707,-370,-194,999,1399,997,772
"2024-03-25",5,21955,24299,20169,1291,6562,0,17084,0,1090,1277,1999,992,948,-370,-284,999,1399,997,752
"2024-03-25",6,21521,23990,19790,1378,6562,0,17084,0,1152,1344,1999,992,981,-369,-348,999,1399,996,746
"2024-03-25",7,21296,23676,19590,1484,6562,0,17084,0,1147,1445,2001,992,663,-369,-264,566,1399,996,562
"2024-03-25",8,20980,23418,19339,1590,6562,0,17084,0,1144,1670,2002,992,612,-369,-325,534,1398,997,540
"2024-03-25",9,20578,23020,19014,1674,6562,0,17084,0,1138,1908,2002,992,-87,-369,-248,241,1387,997,290
"2024-03-25",10,20469,22857,18934,1757,6562,0,17084,0,1015,1941,1993,991,-104,-341,-328,220,1380,996,256
"2024-03-25",11,20951,23235,19361,1830,6562,0,17084,0,261,2056,1460,907,-685,-203,-67,-154,1285,926,-314
"2024-03-25",12,21991,24155,20309,1902,6562,0,17084,0,72,2245,1409,893,-807,-60,-76,-181,1264,917,-368
"2024-03-25",13,24316,25764,22453,1919,6562,59,17084,0,12,2700,1122,502,-468,54,125,-107,1149,798,-261
"2024-03-25",14,26298,27647,24253,1935,6562,290,17084,0,12,2605,1098,469,-408,13,174,-88,1145,791,-241
"2024-03-25",15,29018,29731,26709,2019,6562,664,17084,0,8,2186,961,740,490,-63,-42,790,1364,979,221
"2024-03-25",16,30164,30993,27745,2103,6562,1093,17084,0,11,2265,966,768,615,-214,-4,868,1397,996,275
"2024-03-25",17,31676,32693,29120,2206,6562,1568,17084,0,12,1911,1911,972,1000,-365,-40,991,1397,996,730
"2024-03-25",18,31937,33054,29324,2309,6562,2076,17084,0,12,1683,2000,992,1004,-450,-55,999,1397,997,779
"2024-03-25",19,32364,33745,29656,2380,6562,2585,17084,0,11,1679,1999,992,1003,-450,-320,999,1397,997,779
"2024-03-25",20,32404,33843,29630,2450,6562,2667,17084,0,9,1606,1999,991,1003,-450,-380,999,1397,997,779
"2024-03-25",21,32234,33765,29439,2494,6562,2785,17084,0,8,1406,1999,991,1004,-450,-473,999,1397,996,779
"2024-03-25",22,32231,33819,29433,2538,6562,3048,17084,0,8,1325,1998,992,1004,-450,-530,999,1397,996,779
"2024-03-25",23,32153,33570,29335,2535,6562,3245,17084,0,6,1352,1998,992,1004,-387,-424,1000,1397,996,779
"2024-03-25",24,32224,33570,29350,2532,6562,3461,17084,0,3,1377,1998,991,1003,-238,-505,999,1397,996,779
"2024-03-25",25,32390,33737,29451,2485,6562,3320,17084,0,3,1259,1999,992,1003,-213,-531,999,1397,997,779
"2024-03-25",26,32205,33579,29237,2437,6562,3192,17084,0,8,1214,1999,992,1004,-235,-531,999,1398,997,779
"2024-03-25",27,32338,33780,29360,2372,6562,3228,17084,0,7,1003,1999,992,1003,-304,-531,999,1397,996,779
"2024-03-25",28,32165,33640,29187,2306,6562,3449,17084,0,7,836,1999,992,1003,-337,-531,999,1393,996,779
"2024-03-25",29,32166,33530,29205,2223,6562,2916,17084,0,7,867,1999,992,1003,-226,-531,999,1320,996,799
"2024-03-25",30,32405,33731,29454,2140,6562,2669,17084,0,4,892,2000,992,1003,-191,-531,999,1286,996,794
"2024-03-25",31,32484,33858,29504,2064,6562,2061,17084,0,3,802,1999,992,678,-331,-440,999,915,997,170
"2024-03-25",32,33383,34849,30355,1987,6562,1621,17084,0,3,763,2000,992,601,-387,-476,999,854,997,97
"2024-03-25",33,33664,36285,30506,1934,6562,1252,17084,0,2,738,1999,992,-352,-413,-530,1017,765,997,-724
"2024-03-25",34,34620,37389,31320,1880,6562,848,17084,0,0,385,1999,992,-419,-450,-499,1005,743,996,-801
"2024-03-25",35,35280,38415,31976,1840,6562,455,17084,0,3,1113,2002,991,-800,-451,-480,136,619,997,-801
"2024-03-25",36,36090,39337,32762,1799,6562,141,17084,0,0,1116,2002,992,-866,-450,-530,59,611,997,-801
"2024-03-25",37,36790,40049,33558,1785,6562,6,17084,0,0,1119,2000,992,-876,-451,-531,568,782,997,-801
"2024-03-25",38,36947,40135,33678,1770,6562,0,17084,0,1,1130,2000,991,-805,-451,-531,607,831,997,-800
"2024-03-25",39,36689,38971,33428,1755,6562,0,17084,0,6,848,1999,991,632,-451,-531,718,1202,997,-694
"2024-03-25",40,35800,38066,32573,1740,6562,0,17084,0,7,569,1999,992,808,-451,-531,726,1241,997,-677
"2024-03-25",41,34742,36635,31651,1703,6562,0,17084,0,7,472,1999,992,764,-451,-531,770,987,997,-304
"2024-03-25",42,33366,35217,30419,1665,6562,0,17084,0,7,541,2000,992,760,-452,-531,774,972,997,-261
"2024-03-25",43,31391,32980,28601,1621,6562,0,17084,0,7,678,1999,991,733,-451,-531,874,1343,997,288
"2024-03-25",44,29783,31347,27114,1577,6562,0,17084,0,7,894,1999,991,731,-452,-505,882,1389,996,336
"2024-03-25",45,28295,29661,25803,1542,6562,0,17084,0,7,815,1999,992,867,-451,-308,992,1235,996,33
"2024-03-25",46,26848,28389,24508,1506,6562,0,17084,0,10,813,1998,991,877,-451,-480,999,1222,996,12
"2024-03-25",47,25333,26885,23119,1418,6562,0,17084,0,11,1017,1999,992,949,-410,-531,999,1376,996,687
"2024-03-25",48,24519,25899,22353,1329,6562,0,17088,0,13,1134,1999,992,939,-351,-416,999,1399,996,748
"2024-03-26",1,24488,25788,22343,1291,6562,0,17088,0,12,1220,1998,992,549,-351,-337,874,1399,996,683
"2024-03-26",2,24784,25917,22695,1253,6562,0,17088,0,66,1322,1998,992,546,-351,-116,865,1398,996,677
"2024-03-26",3,24455,25969,22374,1213,6562,0,17088,0,255,1341,1999,992,539,-351,-308,899,1399,997,763
"2024-03-26",4,23793,25791,21762,1172,6562,0,17088,0,820,1430,1999,992,539,-351,-227,901,1398,996,771
"2024-03-26",5,23452,25536,21471,1139,6562,0,17088,0,880,1416,2000,992,656,-351,-253,628,1397,997,619
"2024-03-26",6,23241,25260,21255,1105,6562,0,17088,0,878,1282,2000,992,664,-351,-190,608,1385,996,600
"2024-03-26",7,22789,24677,20814,1101,6562,0,17088,0,875,1051,2000,992,841,-351,-62,517,1201,997,384
"2024-03-26",8,22579,24401,20640,1097,6562,0,17088,0,865,1141,2000,992,851,-351,-6,510,1170,997,359
"2024-03-26",9,22350,23934,20414,1076,6562,0,17088,0,611,1347,2000,992,238,-300,-73,690,1103,996,25
"2024-03-26",10,22421,23514,20494,1054,6562,0,17088,0,168,1614,2000,992,186,-164,-161,702,1101,997,0
"2024-03-26",11,22803,24070,20835,1033,6562,0,17088,0,10,1923,2001,992,-631,-26,39,542,1235,997,218
"2024-03-26",12,23748,25156,21705,1012,6562,0,17088,0,7,1991,1986,992,-801,63,1,531,1263,996,243
"2024-03-26",13,25987,27135,23764,979,6562,39,17088,0,7,1925,1087,991,-541,208,25,967,1381,997,285
"2024-03-26",14,28202,29307,25760,945,6562,369,17088,0,12,1652,1004,992,-493,160,222,999,1399,998,296
"2024-03-26",15,30578,31189,27864,932,6562,976,17088,0,11,1366,1005,991,696,24,50,878,1399,998,736
"2024-03-26",16,31258,31907,28394,918,6562,1815,17088,0,10,1197,1005,992,907,-39,0,870,1399,998,776
"2024-03-26",17,31434,32046,28485,927,6562,2691,17088,0,8,1145,1004,991,997,-4,0,835,1398,998,776
"2024-03-26",18,31161,31803,28198,935,6562,3670,17088,0,8,949,1004,992,1003,-34,0,832,1397,998,776
"2024-03-26",19,30772,31559,27762,1003,6562,4480,17088,0,8,1011,1005,992,978,-179,0,638,1397,998,776
"2024-03-26",20,30206,31130,27188,1070,6562,5123,17088,0,8,690,1005,992,977,-316,0,624,1397,999,776
"2024-03-26",21,29399,30354,26392,1107,6562,5826,17088,0,8,331,1005,991,1002,-347,0,509,1397,998,776
"2024-03-26",22,28707,29760,25704,1144,6562,6673,17088,0,8,128,1005,991,1003,-445,0,500,1397,998,776
"2024-03-26",23,28480,29663,25515,1180,6562,6966,17088,0,8,28,1005,992,825,-451,-124,477,1398,998,776
"2024-03-26",24,28468,29846,25511,1216,6562,7178,17088,0,8,82,1005,992,817,-451,-319,475,1397,999,776
"2024-03-26",25,28966,30430,26014,1264,6562,7008,17088,0,8,231,1005,992,997,-451,-405,826,1398,998,776
"2024-03-26",26,29040,30629,26131,1311,6562,6233,17088,0,8,510,1005,991,1002,-451,-530,851,1397,998,776
"2024-03-26",27,29001,30515,26117,1346,6562,5393,17088,0,8,595,1004,992,1004,-451,-455,990,1397,998,776
"2024-03-26",28,29327,30916,26537,1380,6562,4603,17088,0,8,785,1004,992,1000,-451,-530,999,1397,999,776
"2024-03-26",29,29768,31358,27090,1430,6562,3609,17088,0,8,1119,1006,992,748,-451,-531,954,1397,999,776
"2024-03-26",30,30228,31723,27555,1479,6562,2806,17088,0,9,1398,1004,992,697,-451,-435,931,1397,998,785
"2024-03-26",31,30719,32271,28076,1542,6562,2329,17088,0,8,1918,1007,992,8,-451,-452,-41,1397,999,1350
"2024-03-26",32,31650,33270,28985,1604,6562,1690,17088,0,9,2299,1007,992,0,-451,-426,-134,1397,999,1401
"2024-03-26",33,32974,34935,30287,1631,6562,1225,17088,0,6,2676,1006,992,-526,-405,-424,228,1397,999,1401
"2024-03-26",34,33985,36109,31278,1657,6562,749,17088,0,6,2933,1001,990,-644,-379,-495,254,1397,998,1401
"2024-03-26",35,34896,37249,32204,1663,6562,418,17088,0,6,3408,798,900,-1008,-326,-262,-151,1397,946,1401
"2024-03-26",36,35365,37857,32576,1669,6562,142,17088,0,4,3334,781,892,-1015,-412,-280,-181,1397,941,1401
"2024-03-26",37,36151,38978,33266,1709,6562,15,17088,0,0,3482,703,887,-1015,-413,-238,-561,1397,942,1401
"2024-03-26",38,36330,39034,33435,1748,6562,0,17088,0,1,3864,714,888,-913,-421,-219,-550,1397,942,1401
"2024-03-26",39,36621,38011,33744,1807,6562,0,17088,0,13,3645,1654,978,85,-369,-408,635,1397,993,1401
"2024-03-26",40,35507,36880,32819,1866,6562,0,17088,0,11,3539,1748,987,103,-350,-412,762,1397,998,1401
"2024-03-26",41,34271,35582,31731,1927,6562,0,17088,0,10,3631,1974,991,682,-443,-258,792,1397,997,1401
"2024-03-26",42,33068,34437,30718,1987,6562,0,17088,0,8,4105,1999,992,802,-452,-309,794,1397,997,1401
"2024-03-26",43,30948,32073,28858,2035,6562,0,17088,0,11,4050,1998,992,848,-452,-62,956,1397,996,1401
"2024-03-26",44,29291,30271,27399,2083,6562,0,17088,0,10,4086,1999,992,852,-370,0,967,1397,997,1399
"2024-03-26",45,27577,28508,25868,2126,6562,0,17088,0,13,4084,2000,992,900,-318,0,824,1397,997,1161
"2024-03-26",46,26332,27414,24793,2169,6562,0,17088,0,106,4093,1994,991,826,-376,0,813,1397,995,1131
"2024-03-26",47,23995,26273,22590,2316,6562,0,17088,0,478,4085,1661,954,-688,-388,-124,590,1397,935,805
"2024-03-26",48,23134,25945,21795,2463,6562,0,17092,0,532,4107,1637,951,-898,-359,-422,573,1379,930,776
"2024-03-27",1,23101,26172,21798,2531,6562,0,17092,0,722,4290,1861,980,-859,-359,-531,568,1096,964,894
"2024-03-27",2,23305,26620,22060,2598,6562,0,17092,0,971,4475,1877,981,-854,-359,-531,567,1054,968,905
"2024-03-27",3,22713,25783,21528,2625,6562,0,17092,0,1175,4539,1242,883,-516,-359,-420,547,1053,968,711
"2024-03-27",4,22290,25250,21112,2651,6562,0,17092,0,1136,4519,1190,875,-514,-359,-351,546,1046,968,686
"2024-03-27",5,21982,25389,20849,2669,6562,0,17092,0,1222,4502,1453,948,-875,-359,-351,558,936,994,279
"2024-03-27",6,21791,25201,20649,2687,6562,0,17092,0,1217,4372,1470,954,-883,-359,-351,559,897,997,240
"2024-03-27",7,21426,24817,20240,2749,6562,0,17092,0,1216,4271,1266,934,-865,-359,-351,500,527,996,127
"2024-03-27",8,21338,24728,20123,2811,6562,0,17092,0,1215,4352,1246,932,-865,-359,-351,495,474,996,111
"2024-03-27",9,21005,24352,19789,2819,6562,0,17092,0,1137,4256,1179,940,-900,-359,-351,258,496,997,111
"2024-03-27",10,20889,24285,19684,2827,6562,0,17092,0,1184,4163,1164,931,-902,-359,-351,224,523,989,123
"2024-03-27",11,21197,24291,20010,2841,6562,0,17092,0,217,4162,470,361,-960,-359,-230,-728,893,488,795
"2024-03-27",12,22306,25367,21000,2855,6562,0,17092,0,16,4032,407,304,-964,-398,-273,-810,972,446,864
"2024-03-27",13,24494,27028,22973,2876,6562,84,17092,0,65,3911,320,68,-1006,-452,-302,-109,1342,632,1336
"2024-03-27",14,26314,28432,24548,2896,6562,496,17092,0,38,3878,309,48,-904,-452,-69,-55,1398,653,1379
"2024-03-27",15,28009,29108,25977,2965,6562,1291,17092,0,46,3931,24,160,-9,-440,0,-4,1398,881,1400
"2024-03-27",16,28641,29731,26419,3034,6562,2177,17092,0,18,3822,2,177,0,-451,-21,0,1398,901,1402
"2024-03-27",17,28952,30831,26542,3114,6562,3079,17092,0,20,4004,54,562,-215,-451,-262,-331,1397,901,1402
"2024-03-27",18,29141,31165,26625,3194,6562,3834,17092,0,18,3980,72,602,-241,-452,-359,-354,1398,903,1402
"2024-03-27",19,29121,30749,26487,3294,6562,4716,17092,0,13,3330,984,819,86,-452,-352,-211,1398,990,1402
"2024-03-27",20,28822,30453,26100,3393,6562,5181,17092,0,12,3183,1078,840,103,-451,-368,-200,1398,998,1402
"2024-03-27",21,28759,30486,25959,3453,6562,5330,17092,0,13,3033,1779,979,633,-451,-369,-294,1397,997,1402
"2024-03-27",22,28829,30500,25819,3512,6562,5233,17092,0,15,3064,1843,992,751,-388,-373,-295,1397,997,1402
"2024-03-27",23,29279,30608,26161,3544,6562,5103,17092,0,15,2487,1883,992,940,-302,-412,405,1397,996,1294
"2024-03-27",24,29033,30289,25862,3575,6562,4943,17092,0,16,2139,1888,992,962,-247,-393,462,1398,996,1276
"2024-03-27",25,29192,30388,25956,3528,6562,5055,17092,0,17,1984,1989,992,972,-311,-268,596,1398,997,819
"2024-03-27",26,29226,30421,25929,3480,6562,4948,17092,0,17,2014,1999,991,972,-357,-221,605,1398,996,779
"2024-03-27",27,29587,30980,26299,3369,6562,4886,17092,0,38,2109,1998,992,910,-434,-321,834,1399,997,1061
"2024-03-27",28,29630,31076,26402,3257,6562,4625,17092,0,85,1976,1998,992,904,-450,-311,850,1399,997,1088
"2024-03-27",29,29322,30881,26109,3196,6562,4719,17092,0,252,2197,1999,992,606,-450,-257,851,1399,997,994
"2024-03-27",30,28978,30522,25892,3134,6562,5445,17092,0,281,2254,1998,992,560,-450,-213,850,1398,996,948
"2024-03-27",31,28738,30466,25872,3018,6562,4437,17092,0,37,2562,1998,992,-429,-450,-128,851,1399,996,-84
"2024-03-27",32,29439,31487,26619,2902,6562,3532,17092,0,19,2787,1998,992,-518,-450,-252,847,1398,996,-209
"2024-03-27",33,30311,33231,27351,2744,6562,2929,17092,0,12,3124,2000,992,-939,-450,-164,178,1398,996,-755
"2024-03-27",34,31923,34939,28819,2585,6562,2160,17092,0,5,3052,2000,992,-1005,-450,-149,125,1398,996,-807
"2024-03-27",35,33478,35793,30283,2381,6562,1138,17092,0,5,3287,2000,992,-182,-449,-272,155,1398,996,-807
"2024-03-27",36,34560,36663,31408,2176,6562,449,17092,0,5,3080,2000,992,-105,-450,-140,158,1398,996,-803
"2024-03-27",37,35517,37345,32436,2086,6562,67,17092,0,5,3201,1962,992,-6,-450,-269,380,1398,997,-498
"2024-03-27",38,35912,37631,32700,1995,6562,0,17092,0,4,2806,1959,992,0,-429,-217,398,1397,997,-469
"2024-03-27",39,36566,38452,33287,1958,6562,0,17092,0,2,2585,1996,992,414,-449,-473,929,1397,996,-362
"2024-03-27",40,36000,37937,32780,1920,6562,0,17092,0,5,2457,1998,992,487,-450,-531,968,1397,996,-351
"2024-03-27",41,34595,36529,31459,1882,6562,0,17092,0,11,2304,1998,992,831,-450,-531,1016,1397,996,-342
"2024-03-27",42,33097,35027,30088,1844,6562,0,17092,0,11,2081,1998,992,857,-450,-531,1019,1397,996,-338
"2024-03-27",43,31831,33659,28997,1794,6562,0,17092,0,6,2205,1999,992,613,-450,-531,1001,1397,997,-241
"2024-03-27",44,30519,32339,27837,1744,6562,0,17092,0,12,2495,1999,992,593,-450,-528,999,1397,996,-230
"2024-03-27",45,28594,30109,26045,1707,6562,0,17092,0,19,2994,1999,992,527,-408,-387,999,1397,996,-101
"2024-03-27",46,26754,28450,24373,1669,6562,0,17092,0,149,3253,1999,992,527,-350,-515,999,1397,996,-82
"2024-03-27",47,25468,27181,23208,1721,6562,0,17092,0,232,3371,1999,992,736,-350,-531,999,1397,996,368
"2024-03-27",48,24631,26731,22454,1773,6562,0,17096,0,619,3240,1999,992,738,-350,-531,999,1397,997,414
"2024-03-28",1,24146,26720,22014,1801,6562,0,17096,0,1094,2614,1998,992,813,-350,-530,999,1397,996,630
"2024-03-28",2,24154,26585,22119,1828,6562,0,17096,0,1080,2021,1999,992,819,-350,-401,999,1397,997,646
"2024-03-28",3,23636,26236,21593,1869,6562,0,17096,0,1133,1238,1998,991,853,-350,-517,999,1397,997,141
"2024-03-28",4,23328,26036,21275,1910,6562,0,17096,0,1227,1012,1998,992,852,-350,-531,999,1375,997,84
"2024-03-28",5,22756,25811,20719,1978,6562,0,17096,0,1203,1004,1998,992,283,-350,-531,999,1018,996,-371
"2024-03-28",6,22337,25339,20281,2045,6562,0,17096,0,1101,838,1998,991,228,-350,-531,999,941,996,-420
"2024-03-28",7,21898,25387,19885,2207,6562,0,17096,0,1134,851,1995,991,-130,-350,-531,999,570,996,-744
"2024-03-28",8,21733,25325,19786,2368,6562,0,17096,0,1201,1342,1995,991,-134,-350,-531,999,514,996,-776
"2024-03-28",9,21388,25701,19541,2476,6562,0,17096,0,1197,1914,1999,991,-841,-350,-531,885,501,996,-794
"2024-03-28",10,21174,25567,19471,2584,6562,0,17096,0,1185,2184,1999,991,-932,-350,-531,876,523,996,-795
"2024-03-28",11,21682,25795,20031,2685,6562,0,17096,0,1190,2575,1998,991,-1012,-350,-531,991,893,996,-430
"2024-03-28",12,22219,26152,20567,2785,6562,0,17096,0,1046,2816,1998,991,-1015,-350,-531,999,972,997,-391
"2024-03-28",13,24447,27510,22676,2905,6562,80,17096,0,555,3204,1999,991,-835,-392,-484,888,1342,997,-197
"2024-03-28",14,26158,28585,24326,3025,6562,523,17096,0,187,4006,1999,991,-756,-436,-277,880,1397,997,-171
"2024-03-28",15,28226,29762,26147,3149,6562,1334,17096,0,15,4191,1999,991,435,-450,-471,982,1397,996,207
"2024-03-28",16,28472,30069,26323,3272,6562,2596,17096,0,16,4529,1999,991,527,-450,-531,990,1397,997,248
"2024-03-28",17,28633,30232,26407,3442,6562,3627,17096,0,18,4467,1999,991,752,-450,-531,771,1397,996,629
"2024-03-28",18,28849,30500,26635,3612,6562,4560,17096,0,69,4765,1999,991,748,-451,-531,756,1397,996,666
"2024-03-28",19,28617,30204,26360,3768,6562,5120,17096,0,5,4748,1953,991,113,-451,-531,664,1397,997,764
"2024-03-28",20,28467,30056,26223,3923,6562,4944,17096,0,7,4800,1950,991,112,-451,-531,657,1397,997,772
"2024-03-28",21,28520,30109,26349,4005,6562,5211,17096,0,7,4595,1715,991,927,-451,-531,658,1397,996,775
"2024-03-28",22,28174,29761,25996,4087,6562,5267,17096,0,5,4605,1004,991,1003,-451,-531,657,1397,997,788
"2024-03-28",23,28748,30333,26517,4094,6562,4685,17096,0,3,4694,1004,991,1003,-451,-531,578,1397,997,788
"2024-03-28",24,29552,31137,27280,4101,6562,4209,17096,0,3,4596,1004,991,1003,-451,-531,572,1397,997,788
"2024-03-28",25,29898,31485,27557,4097,6562,3674,17096,0,5,4350,983,991,1003,-451,-531,775,1397,997,788
"2024-03-28",26,29858,31452,27446,4093,6562,3078,17096,0,12,4044,1024,991,1003,-451,-531,790,1397,997,788
"2024-03-28",27,29886,31484,27434,4066,6562,2973,17096,0,16,3787,1469,991,1003,-451,-531,985,1397,996,788
"2024-03-28",28,30535,32128,28147,4038,6562,2864,17096,0,11,3702,1998,991,1003,-451,-531,999,1397,997,788
"2024-03-28",29,30253,31849,27887,3977,6562,2837,17096,0,14,3268,1999,991,1003,-451,-531,999,1397,996,788
"2024-03-28",30,30167,31761,27900,3915,6562,3260,17096,0,12,3188,1999,991,1003,-451,-531,999,1397,996,788
"2024-03-28",31,30388,31982,28027,3832,6562,2541,17096,0,12,3021,1999,992,1003,-451,-531,999,1397,996,788
"2024-03-28",32,30642,32236,28172,3748,6562,2010,17096,0,12,2855,1994,991,1004,-451,-531,999,1397,996,796
"2024-03-28",33,31243,32836,28765,3670,6562,1817,17096,0,11,2713,1523,992,1003,-451,-531,575,1397,997,1349
"2024-03-28",34,31782,33376,29095,3592,6562,1296,17096,0,12,2499,1486,992,1003,-451,-531,545,1398,997,1401
"2024-03-28",35,32452,34046,29623,3550,6562,731,17096,0,12,2418,1589,991,1002,-451,-531,432,1397,996,1401
"2024-03-28",36,33544,35132,30607,3508,6562,259,17096,0,6,2522,1602,992,998,-451,-531,426,1397,997,1401
"2024-03-28",37,34327,35919,31343,3522,6562,33,17096,0,10,2619,1779,991,661,-451,-531,932,1397,996,1401
"2024-03-28",38,34627,36220,31583,3536,6562,0,17096,0,10,2701,1795,991,659,-452,-531,970,1397,996,1401
"2024-03-28",39,34564,36153,31569,3508,6562,0,17096,0,6,2689,1660,991,997,-452,-531,969,1397,997,1401
"2024-03-28",40,33672,35259,30677,3480,6562,0,17096,0,5,2290,1653,992,1003,-451,-531,969,1397,997,1401
"2024-03-28",41,32472,34060,29488,3402,6562,0,17096,0,5,1923,1846,992,1003,-452,-531,772,1398,996,1401
"2024-03-28",42,31389,32981,28473,3324,6562,0,17096,0,10,1686,1863,992,1003,-451,-531,758,1399,997,1393
"2024-03-28",43,30027,31625,27211,3232,6562,0,17096,0,15,1618,1698,992,1004,-452,-531,904,1399,997,848
"2024-03-28",44,28453,30049,25833,3139,6562,0,17096,0,14,1230,1686,991,1004,-451,-531,914,1398,997,795
"2024-03-28",45,27089,28693,24637,3023,6562,0,17096,0,21,789,1975,991,1004,-452,-531,631,1399,997,795
"2024-03-28",46,26098,27700,23675,2907,6562,0,17096,0,20,358,1996,991,1003,-451,-531,611,1398,997,793
"2024-03-28",47,24524,26582,22237,2634,6562,0,17096,0,475,488,1815,947,726,-452,-531,973,1398,997,643
"2024-03-28",48,23856,26098,21505,2360,6562,0,17098,0,659,280,1801,943,686,-452,-531,999,1399,996,620
"2024-03-29",1,23566,25877,21231,2245,6562,0,17098,0,728,-126,1982,987,801,-452,-531,999,1398,996,670
"2024-03-29",2,23896,26218,21544,2130,6562,0,17098,0,740,-239,1995,991,806,-451,-531,999,1398,996,676
"2024-03-29",3,23604,26028,21226,2010,6562,0,17098,0,841,-470,1814,992,997,-452,-531,999,1399,997,676
"2024-03-29",4,23067,25535,20700,1889,6562,0,17098,0,885,-611,1799,991,1003,-452,-531,999,1399,996,683
"2024-03-29",5,22814,25411,20495,1775,6562,0,17098,0,1014,-533,1937,947,868,-452,-531,999,1399,996,602
"2024-03-29",6,22554,25165,20218,1661,6562,0,17098,0,1028,-612,1945,939,854,-452,-531,999,1399,997,594
"2024-03-29",7,22145,24649,19784,1593,6562,0,17098,0,921,-732,1835,719,881,-452,-531,907,1399,996,765
"2024-03-29",8,21780,24492,19458,1524,6562,0,17098,0,1130,-696,1824,699,881,-451,-531,900,1399,996,783
"2024-03-29",9,21424,24051,19146,1513,6562,0,17098,0,1044,-792,1893,699,566,-452,-531,993,1399,997,783
"2024-03-29",10,21133,23747,18843,1501,6562,0,17098,0,1032,-1077,1899,703,518,-451,-531,999,1399,997,783
"2024-03-29",11,21308,23630,18996,1484,6562,0,17098,0,762,-1117,1901,967,491,-452,-508,931,1399,997,783
"2024-03-29",12,21427,23798,19064,1467,6562,0,17098,0,791,-1018,1902,992,491,-451,-529,926,1399,997,783
"2024-03-29",13,22646,24151,20212,1485,6562,139,17098,0,71,-817,1992,992,754,-452,-382,769,1399,996,783
"2024-03-29",14,23167,24537,20810,1502,6562,736,17098,0,12,-776,1999,992,759,-451,-307,758,1399,997,783
"2024-03-29",15,23679,25063,21175,1596,6562,1575,17098,0,69,-884,1999,992,543,-452,-263,938,1399,997,783
"2024-03-29",16,23726,25264,21087,1690,6562,2406,17098,0,13,-945,1218,991,515,-451,-474,951,1398,998,785
"2024-03-29",17,24464,26057,21716,1805,6562,3099,17098,0,10,-992,1003,991,472,-452,-531,996,1398,997,786
"2024-03-29",18,24689,26284,21813,1920,6562,3657,17098,0,13,-1039,1003,992,467,-451,-531,999,1397,997,786
"2024-03-29",19,24989,26584,22031,2020,6562,3895,17098,0,12,-1035,1003,992,413,-452,-531,962,1398,997,786
"2024-03-29",20,24779,26377,21819,2120,6562,4272,17098,0,15,-958,1003,992,408,-452,-531,959,1398,997,786
"2024-03-29",21,24747,26341,21823,2204,6562,5332,17098,0,12,-1022,1003,992,418,-451,-531,997,1399,997,786
"2024-03-29",22,24330,25970,21532,2288,6562,5875,17098,0,57,-919,1002,992,419,-452,-531,1000,1399,997,786
"2024-03-29",23,24001,25665,21362,2369,6562,6866,17098,0,81,-963,1758,992,960,-452,-531,999,1399,996,786
"2024-03-29",24,23275,24867,20708,2449,6562,7190,17098,0,9,-767,1079,992,1003,-452,-531,999,1399,997,786
"2024-03-29",25,23217,24848,20583,2506,6562,7709,17098,0,49,-816,995,992,1003,-451,-531,999,1399,996,786
"2024-03-29",26,22512,24133,19941,2563,6562,6431,17098,0,38,-845,82,992,1004,-452,-531,999,1399,999,788
"2024-03-29",27,22189,23785,19706,2597,6562,7137,17098,0,12,-813,-1,992,1002,-452,-531,999,1399,999,788
"2024-03-29",28,22010,23658,19541,2631,6562,6966,17098,0,65,-760,430,992,1003,-452,-531,999,1399,998,788
"2024-03-29",29,22156,23749,19800,2657,6562,6335,17098,0,11,-89,503,992,1002,-451,-531,999,1399,997,788
"2024-03-29",30,22405,24003,20101,2683,6562,5255,17098,0,16,-183,503,992,1002,-451,-531,999,1399,998,789
"2024-03-29",31,22488,24087,20139,2597,6562,5225,17098,0,16,-325,503,992,1003,-452,-531,999,1399,998,875
"2024-03-29",32,23321,24916,20920,2511,6562,4150,17098,0,12,-332,503,992,997,-452,-531,999,1399,998,882
"2024-03-29",33,24132,25728,21727,2346,6562,3317,17098,0,13,199,504,992,277,-452,-531,954,1399,997,688
"2024-03-29",34,25965,27561,23354,2180,6562,2371,17098,0,14,501,504,992,213,-451,-531,950,1399,998,659
"2024-03-29",35,27823,29949,25075,2051,6562,1493,17098,0,6,609,661,988,-537,-452,-531,636,1399,998,58
"2024-03-29",36,29365,31612,26519,1921,6562,658,17098,0,0,242,996,987,-665,-451,-531,612,1399,997,6
"2024-03-29",37,30250,32435,27397,1854,6562,108,17098,0,0,326,996,932,-603,-451,-531,106,1399,996,488
"2024-03-29",38,30586,32742,27717,1786,6562,0,17098,0,0,253,996,928,-573,-452,-531,73,1399,997,539
"2024-03-29",39,31333,32921,28383,1752,6562,0,17098,0,5,41,995,982,718,-452,-531,739,1399,997,973
"2024-03-29",40,31128,32716,28168,1718,6562,0,17098,0,5,-13,996,987,941,-452,-531,793,1399,997,1017
"2024-03-29",41,30379,31974,27473,1710,6562,0,17098,0,13,74,995,991,979,-451,-531,921,1399,998,1104
"2024-03-29",42,29896,31491,27113,1701,6562,0,17098,0,12,267,995,992,981,-452,-531,930,1399,998,1112
"2024-03-29",43,28488,30086,25875,1697,6562,0,17098,0,15,237,995,992,426,-452,-531,624,1399,997,962
"2024-03-29",44,27383,28981,24878,1692,6562,0,17098,0,16,-91,996,991,377,-451,-531,602,1399,997,943
"2024-03-29",45,25535,27134,23207,1662,6562,0,17098,0,16,-209,996,971,117,-452,-531,589,1399,991,792
"2024-03-29",46,24584,26181,22352,1632,6562,0,17098,0,15,-196,996,968,112,-451,-531,587,1399,990,778
"2024-03-29",47,23495,25090,21331,1544,6562,0,17098,0,12,-266,996,926,306,-452,-531,825,1399,948,735
"2024-03-29",48,22814,24508,20701,1455,6562,0,17098,0,112,75,996,923,321,-451,-531,842,1399,944,731
"2024-03-30",1,22668,24657,20589,1452,6562,0,17098,0,406,121,996,985,767,-452,-531,984,1399,993,772
"2024-03-30",2,23067,24995,21040,1449,6562,0,17098,0,418,314,995,991,802,-451,-459,994,1399,998,778
"2024-03-30",3,22617,24704,20652,1435,6562,0,17098,0,567,358,996,991,892,-396,-524,999,1399,998,779
"2024-03-30",4,22012,24308,20092,1421,6562,0,17098,0,804,462,995,991,898,-361,-531,999,1399,998,778
"2024-03-30",5,21623,24036,19756,1418,6562,0,17098,0,921,545,995,991,681,-361,-531,994,1399,998,778
"2024-03-30",6,21286,23762,19438,1414,6562,0,17098,0,983,420,996,991,664,-362,-531,994,1399,998,779
"2024-03-30",7,20865,23143,19028,1362,6562,0,17098,0,803,571,996,992,770,-362,-513,917,1399,998,779
"2024-03-30",8,20447,22527,18659,1310,6562,0,17098,0,697,789,995,991,781,-361,-422,911,1399,998,778
"2024-03-30",9,20235,22176,18512,1273,6562,0,17098,0,699,851,996,992,935,-362,-280,938,1399,998,779
"2024-03-30",10,20071,21978,18438,1236,6562,0,17098,0,696,1014,996,992,934,-362,-249,940,1399,998,779
"2024-03-30",11,20290,21676,18680,1201,6562,0,17098,0,409,1285,995,992,489,-350,-27,995,1399,998,778
"2024-03-30",12,20297,21546,18755,1165,6562,1,17098,0,310,1192,996,991,481,-339,0,999,1399,998,774
"2024-03-30",13,21126,21945,19498,1129,6562,210,17098,0,17,1246,996,991,211,-202,0,999,1399,997,450
"2024-03-30",14,21481,22254,19801,1092,6562,1034,17098,0,17,1327,996,991,206,-156,0,999,1399,997,420
"2024-03-30",15,21887,22870,20075,1089,6562,1961,17098,0,94,890,996,991,411,-289,0,999,1399,997,746
"2024-03-30",16,21970,22839,20070,1086,6562,3241,17098,0,15,907,996,991,427,-254,0,999,1399,997,777
"2024-03-30",17,22296,23272,20238,1112,6562,4365,17098,0,9,830,996,991,692,-367,0,860,1399,997,776
"2024-03-30",18,22057,22988,19921,1137,6562,5603,17098,0,11,908,992,991,729,-320,0,850,1399,998,777
"2024-03-30",19,21845,22746,19655,1143,6562,6409,17098,0,7,719,533,991,970,-294,0,989,1399,998,776
"2024-03-30",20,21529,22391,19269,1148,6562,6915,17098,0,6,620,496,991,1003,-256,0,999,1399,998,777
"2024-03-30",21,21245,21958,19019,1162,6562,7530,17098,0,6,709,960,991,1003,-107,0,853,1399,997,777
"2024-03-30",22,21229,21837,18965,1175,6562,8113,17098,0,5,860,995,991,1003,-3,0,842,1399,997,776
"2024-03-30",23,21061,21667,18794,1182,6562,8282,17098,0,6,765,996,991,956,63,81,487,1399,998,776
"2024-03-30",24,20734,21340,18489,1189,6562,8190,17098,0,6,960,981,992,949,213,3,462,1399,998,777
"2024-03-30",25,20513,21119,18299,1201,6562,8273,17098,0,6,1018,501,992,582,311,0,207,1399,998,776
"2024-03-30",26,20513,21119,18365,1213,6562,8283,17098,0,6,994,512,992,574,188,27,189,1399,999,777
"2024-03-30",27,20471,21077,18345,1188,6562,8403,17098,0,6,844,1424,992,722,42,1,475,1399,997,777
"2024-03-30",28,20152,20760,18127,1163,6562,8113,17098,0,8,615,1496,992,721,20,0,495,1399,997,776
"2024-03-30",29,20008,20643,18111,1132,6562,7315,17098,0,8,965,1498,992,130,-27,0,78,1399,988,756
"2024-03-30",30,19984,20647,18208,1100,6562,6653,17098,0,8,1359,1497,992,108,-55,0,48,1399,988,745
"2024-03-30",31,20506,21211,18724,1038,6562,5967,17098,0,7,1547,1496,992,710,-98,0,481,1399,997,283
"2024-03-30",32,21406,22098,19544,976,6562,4960,17098,0,8,1335,1496,991,811,-84,0,512,1399,997,242
"2024-03-30",33,22992,23713,21000,899,6562,3886,17098,0,8,1170,1495,981,720,-113,0,689,1399,998,414
"2024-03-30",34,25143,25766,22981,822,6562,2932,17098,0,8,1348,1496,979,712,-15,0,701,1399,998,439
"2024-03-30",35,27371,27978,24995,773,6562,1772,17098,0,7,1443,1495,951,661,10,0,998,1399,998,808
"2024-03-30",36,28842,29448,26304,724,6562,729,17098,0,6,931,1495,949,642,69,0,1019,1399,998,850
"2024-03-30",37,29646,30295,27042,748,6562,123,17098,0,3,1120,1495,988,204,-46,0,1019,1399,998,1352
"2024-03-30",38,30499,31150,27847,772,6562,0,17098,0,3,1396,1495,992,200,-48,0,1019,1399,998,1397
"2024-03-30",39,30807,31613,28081,808,6562,0,17098,0,4,1034,1495,992,409,-191,-11,1019,1399,997,1357
"2024-03-30",40,30088,30975,27357,844,6562,0,17098,0,5,578,1495,992,436,-282,0,1019,1399,997,1349
"2024-03-30",41,29415,30267,26638,858,6562,0,17098,0,6,97,1495,992,961,-246,0,1019,1399,998,1285
"2024-03-30",42,28789,29601,26078,871,6562,0,17098,0,4,-335,1495,992,1002,-208,0,1019,1399,997,1278
"2024-03-30",43,27655,28616,25073,892,6562,0,17098,0,8,-854,1495,992,891,-353,0,925,1399,998,1213
"2024-03-30",44,26588,27621,24092,913,6562,0,17098,0,8,-919,1495,992,882,-326,-99,918,1399,998,1207
"2024-03-30",45,25272,26077,22904,925,6562,0,17098,0,7,-756,1495,992,891,-189,-9,755,1399,998,1208
"2024-03-30",46,24263,25015,21938,937,6562,0,17098,0,21,-747,1495,992,892,-131,0,743,1398,997,1202
"2024-03-30",47,23088,23862,20849,960,6562,0,17098,0,67,-806,1495,992,881,-107,0,795,1398,998,830
"2024-03-30",48,22149,23058,19982,982,6562,0,17099,0,67,-886,1495,992,880,-242,0,798,1398,998,795
"2024-03-31",1,21925,22812,19823,976,6562,0,17099,0,67,-837,1495,992,830,-220,0,772,1398,997,795
"2024-03-31",2,22167,22983,20134,969,6562,0,17099,0,67,-669,1495,992,826,-149,0,770,1398,998,795
"2024-03-31",3,21773,22446,19862,971,6562,0,17099,0,67,-447,1495,992,837,-106,0,984,1398,998,763
"2024-03-31",4,21206,21930,19304,973,6562,0,17099,0,67,-520,1495,992,811,-157,0,999,1399,998,752
"2024-03-31",5,20564,21216,18693,982,6562,0,17099,0,66,-286,1495,992,122,-86,0,999,1398,998,300
"2024-03-31",6,20218,20903,18350,990,6562,0,17099,0,66,-363,1495,992,103,-119,0,999,1398,997,256
"2024-03-31",7,19953,20624,18112,1044,6562,0,17099,0,66,-187,1495,992,-89,-16,0,999,1399,998,18
"2024-03-31",8,19720,20445,17891,1098,6562,0,17099,0,100,-145,1495,992,-104,-17,0,999,1398,998,-4
"2024-03-31",9,19758,20805,17952,1138,6562,0,17099,0,99,-132,1495,992,-6,-110,0,999,1399,997,-332
"2024-03-31",10,19695,20803,17880,1178,6562,0,17099,0,125,-139,1495,992,0,-118,0,999,1398,996,-365
"2024-03-31",11,19993,21317,18116,1230,6562,0,17099,0,129,73,1495,992,-175,-28,0,684,1399,997,-492
"2024-03-31",12,20094,21422,18174,1281,6562,1,17099,0,129,-58,1495,992,-195,63,0,661,1399,997,-504
"2024-03-31",13,20741,22052,18702,1305,6562,194,17099,0,129,-223,1494,992,-350,212,124,976,1398,997,-332
"2024-03-31",14,21040,22319,19007,1328,6562,802,17099,0,128,-93,1489,990,-344,356,87,999,1398,996,-307
"2024-03-31",15,21857,22432,19712,1406,6562,1495,17099,0,75,231,1127,902,120,313,0,999,1398,997,242
"2024-03-31",16,22290,22859,20103,1484,6562,2231,17099,0,69,281,1094,894,138,331,0,999,1398,998,285
"2024-03-31",17,22900,23576,20657,1615,6562,2941,17099,0,69,401,1094,894,605,247,0,815,1398,998,-107
"2024-03-31",18,23093,23755,20804,1745,6562,3377,17099,0,16,305,1091,893,616,231,0,801,1398,992,-146
"2024-03-31",19,23243,24025,20971,1944,6562,3762,17099,0,6,271,913,805,995,99,0,738,1398,613,-276
"2024-03-31",20,23472,24268,21207,2142,6562,4128,17099,0,6,381,880,792,1003,132,0,734,1398,587,-290
"2024-03-31",21,23669,24548,21475,2259,6562,4226,17099,0,2,404,82,531,996,17,0,753,1398,965,-377
"2024-03-31",22,23786,24681,21681,2375,6562,4485,17099,0,7,746,22,508,996,-6,0,754,1398,998,-382
"2024-03-31",23,23786,24702,21821,2449,6562,4533,17099,0,8,1277,192,595,1002,-26,0,714,1397,999,-382
"2024-03-31",24,24063,25073,22138,2523,6562,4766,17099,0,8,1405,223,598,1003,-120,0,711,1398,999,-382
"2024-03-31",25,24100,25077,22188,2513,6562,4676,17099,0,5,1158,830,234,1002,-174,0,889,1397,998,-298
"2024-03-31",26,23771,24811,21860,2502,6562,4374,17099,0,7,904,888,201,1003,-248,0,901,1397,998,-285
"2024-03-31",27,23630,24558,21767,2473,6562,4528,17099,0,12,840,579,288,1003,-260,0,993,1397,999,-156
"2024-03-31",28,23351,24290,21515,2443,6562,4228,17099,0,11,888,565,306,901,-285,-12,999,1397,999,-131
"2024-03-31",29,23454,24537,21601,2425,6562,3964,17099,0,278,724,1419,933,-142,-162,-1,999,1398,997,704
"2024-03-31",30,23689,24808,21892,2406,6562,3587,17099,0,302,720,1496,992,-168,-149,0,999,1398,997,771
"2024-03-31",31,24566,25327,22749,2406,6562,3240,17099,0,20,1081,1496,992,350,-150,0,935,1398,998,-91
"2024-03-31",32,25582,26394,23604,2406,6562,2553,17099,0,4,1069,1496,992,416,-150,0,930,1398,997,-158
"2024-03-31",33,26156,26809,24124,2318,6562,1925,17099,0,3,899,1496,992,959,-150,0,981,1398,998,699
"2024-03-31",34,27059,27750,24965,2230,6562,1306,17099,0,4,652,1495,992,1002,-187,0,985,1398,998,778
"2024-03-31",35,27440,28181,25367,2163,6562,689,17099,0,3,865,1496,992,473,-238,0,903,1398,998,596
"2024-03-31",36,27751,28543,25651,2095,6562,294,17099,0,4,1009,1496,992,431,-288,0,897,1398,998,579
"2024-03-31",37,27903,28868,25801,2077,6562,53,17099,0,6,1099,1495,992,417,-323,-136,914,1398,998,752
"2024-03-31",38,28108,29100,25967,2059,6562,0,17099,0,7,1114,1495,992,416,-333,-152,915,1399,997,776
"2024-03-31",39,28138,29236,25926,2062,6562,0,17099,0,7,1095,1495,992,766,-382,-209,915,1399,997,781
"2024-03-31",40,27741,28752,25519,2064,6562,0,17099,0,7,1271,1495,992,820,-337,-167,915,1399,998,781
"2024-03-31",41,26924,27996,24736,2047,6562,0,17099,0,8,1358,1496,992,263,-311,-253,708,1399,997,750
"2024-03-31",42,25969,27109,23829,2029,6562,0,17099,0,9,1437,1496,992,220,-366,-265,693,1398,997,738
"2024-03-31",43,24866,26021,22884,2008,6562,0,17099,0,347,1251,1496,992,645,-279,-29,570,1397,997,278
"2024-03-31",44,23423,24905,21605,1986,6562,0,17099,0,578,1288,1497,992,678,-319,-85,562,1379,998,227
"2024-03-31",45,22114,23751,20395,1958,6562,0,17099,0,627,1127,1496,992,587,-329,-49,884,1087,997,-132
"2024-03-31",46,21415,23105,19712,1930,6562,0,17099,0,689,874,1485,990,561,-329,0,907,1023,997,-172
"2024-04-01",1,20610,22969,18990,1859,6562,0,17099,0,641,1434,787,885,-383,-329,-87,901,704,998,-419
"2024-04-01",2,20179,22661,18597,1788,6562,0,17101,0,695,1503,725,875,-448,-329,-62,900,659,998,-448
"2024-04-01",3,20079,22235,18540,1772,6562,0,17101,0,693,1433,731,844,148,-329,-178,785,692,999,-456
"2024-04-01",4,20504,22695,19072,1755,6562,0,17101,0,696,1625,732,843,168,-329,-207,776,678,999,-459
"2024-04-01",5,20323,22694,18930,1736,6562,0,17101,0,695,1763,739,969,-113,-329,-103,731,378,999,-631
"2024-04-01",6,20082,22498,18687,1716,6562,0,17101,0,690,1738,745,979,-115,-329,-136,727,316,999,-646
"2024-04-01",7,19849,22160,18451,1705,6562,0,17101,0,687,1792,953,849,-170,-329,-86,636,48,999,-539
"2024-04-01",8,19580,21892,18201,1694,6562,0,17101,0,691,1937,974,834,-172,-329,-93,629,2,998,-527
"2024-04-01",9,19328,21553,17997,1708,6562,0,17101,0,683,1923,908,624,87,-329,-110,544,-96,998,-507
"2024-04-01",10,19315,21456,18004,1721,6562,0,17101,0,689,2193,907,610,103,-329,-32,537,-88,998,-503
"2024-04-01",11,19312,21877,17985,1727,6562,0,17101,0,683,2160,1377,959,-464,-329,-151,458,269,997,-438
"2024-04-01",12,19635,22183,18258,1732,6562,0,17101,0,680,2234,1419,992,-563,-329,-45,452,345,997,-431
"2024-04-01",13,20809,23054,19313,1737,6562,0,17101,0,684,2460,1490,992,-252,-319,-79,714,714,997,-411
"2024-04-01",14,21239,23245,19686,1742,6562,3,17101,0,615,2654,1496,992,-228,-254,-1,732,793,998,-408
"2024-04-01",15,22043,23829,20463,1728,6562,172,17101,0,565,2943,1495,992,-8,-285,-20,981,1164,997,-408
"2024-04-01",16,22534,24085,20898,1714,6562,638,17101,0,476,3289,1495,992,1,-165,-2,999,1228,997,-408
"2024-04-01",17,23034,24286,21257,1761,6562,1597,17101,0,223,3301,1495,992,-95,-26,107,1000,1375,997,-408
"2024-04-01",18,23049,24151,21242,1808,6562,2578,17101,0,115,3514,1495,992,-104,54,26,999,1397,997,-383
"2024-04-01",19,23309,24422,21430,1868,6562,3413,17101,0,11,3690,1495,991,-602,13,0,999,1397,997,581
"2024-04-01",20,23171,24406,21236,1928,6562,3897,17101,0,11,3787,1495,992,-706,-18,0,999,1397,996,679
"2024-04-01",21,23171,24592,21131,1957,6562,4343,17101,0,4,4019,1497,992,-898,-19,0,545,1397,997,659
"2024-04-01",22,23017,24444,20914,1985,6562,4763,17101,0,7,4111,1497,991,-904,-16,0,511,1397,997,656
"2024-04-01",23,22806,23854,20789,1992,6562,4987,17101,0,7,3732,1498,991,-355,-63,-123,133,1397,998,763
"2024-04-01",24,23076,24217,21015,1998,6562,5030,17101,0,8,3723,1498,991,-309,-214,-110,105,1397,997,775
"2024-04-01",25,23959,24843,21887,1982,6562,5225,17101,0,7,3614,1497,991,274,-365,-12,384,1397,997,775
"2024-04-01",26,24098,25122,21969,1966,6562,5436,17101,0,7,3309,1492,991,331,-425,-92,405,1397,997,773
"2024-04-01",27,24164,25506,22051,1946,6562,5213,17101,0,7,3174,1152,971,817,-449,-386,822,1397,998,534
"2024-04-01",28,24099,25550,21959,1926,6562,5677,17101,0,4,2940,1124,968,855,-450,-497,852,1397,997,505
"2024-04-01",29,23751,25234,21598,1890,6562,5482,17101,0,3,2966,1420,945,716,-450,-530,990,1397,997,180
"2024-04-01",30,23810,25293,21631,1854,6562,5388,17101,0,2,2942,1445,944,706,-450,-531,999,1397,997,154
"2024-04-01",31,23780,25267,21508,1829,6562,5069,17101,0,6,2725,1491,988,337,-450,-531,999,1397,997,503
"2024-04-01",32,24104,25591,21837,1804,6562,4486,17101,0,6,2606,1495,992,275,-450,-531,999,1397,997,535
"2024-04-01",33,25061,26548,22754,1774,6562,4161,17101,0,6,2841,1495,992,566,-450,-531,1018,1397,996,299
"2024-04-01",34,26089,27576,23731,1744,6562,3551,17101,0,6,2961,1495,992,589,-450,-531,1019,1397,997,280
"2024-04-01",35,27657,29142,25176,1676,6562,2884,17101,0,4,2750,1495,992,860,-450,-531,1019,1397,996,734
"2024-04-01",36,28683,30169,26129,1608,6562,2155,17101,0,5,3025,1495,992,879,-450,-531,1020,1397,997,778
"2024-04-01",37,29387,30872,26791,1538,6562,1116,17101,0,4,2998,1495,991,372,-450,-531,1010,1397,997,778
"2024-04-01",38,29728,31211,27190,1467,6562,475,17101,0,2,2829,1495,992,331,-450,-531,1009,1397,997,778
"2024-04-01",39,30007,31491,27518,1431,6562,96,17101,0,3,2683,1495,991,610,-450,-531,1018,1397,997,778
"2024-04-01",40,30337,31821,27863,1394,6562,0,17101,0,3,2685,1495,992,655,-450,-531,1019,1398,997,778
"2024-04-01",41,30687,32170,28183,1387,6562,0,17101,0,2,2524,1494,992,996,-450,-531,1019,1398,996,778
"2024-04-01",42,30142,31628,27659,1380,6562,0,17101,0,5,2563,1495,992,1003,-450,-531,1019,1399,997,778
"2024-04-01",43,29290,30776,26935,1371,6562,0,17101,0,5,2300,1494,991,1002,-450,-531,1001,1398,996,778
"2024-04-01",44,28257,29746,25976,1361,6562,0,17101,0,8,2021,1494,992,1004,-450,-531,999,1399,996,778
"2024-04-01",45,26959,28448,24719,1350,6562,0,17101,0,8,1814,1494,992,1002,-450,-531,1000,1399,996,778
"2024-04-01",46,25533,27023,23375,1338,6562,0,17101,0,9,1784,1494,992,1003,-450,-531,1000,1399,996,778
"2024-04-01",47,23706,25148,21786,1310,6562,0,17101,0,68,1873,1494,992,799,-451,-423,999,1399,996,726
"2024-04-01",48,22584,24035,20777,1282,6562,0,17101,0,12,1746,1495,992,784,-434,-505,999,1399,997,713
"2024-04-02",1,21914,23829,20200,1225,6562,0,17101,0,474,1698,1495,992,638,-410,-531,999,1399,997,332
"2024-04-02",2,21402,23468,19707,1168,6562,0,17101,0,625,1698,1494,991,627,-410,-531,999,1399,997,296
"2024-04-02",3,21706,23772,20052,1144,6562,0,17101,0,625,1819,1349,928,464,-410,-531,999,1399,997,458
"2024-04-02",4,22134,24198,20515,1119,6562,0,17101,0,623,2003,1338,924,447,-410,-531,999,1398,997,479
"2024-04-02",5,21883,23945,20240,1104,6562,0,17101,0,621,1689,1483,986,962,-410,-531,999,1398,997,759
"2024-04-02",6,21459,23529,19761,1089,6562,0,17101,0,629,1604,1494,992,1003,-410,-531,1000,1399,997,786
"2024-04-02",7,21063,23190,19352,1073,6562,0,17101,0,687,1451,1494,992,1003,-409,-531,999,1399,996,785
"2024-04-02",8,20908,23032,19218,1056,6562,0,17101,0,683,1303,1495,992,1003,-410,-531,999,1399,996,786
"2024-04-02",9,20821,22945,19102,1050,6562,0,17101,0,684,1150,1494,992,1003,-409,-531,1000,1399,996,785
"2024-04-02",10,20756,22875,19081,1044,6562,0,17101,0,678,902,1494,992,1003,-410,-531,999,1399,996,786
"2024-04-02",11,21107,23213,19429,1039,6562,0,17101,0,665,1120,1495,992,641,-410,-531,999,1399,997,829
"2024-04-02",12,21606,23655,19877,1033,6562,0,17101,0,608,1219,1495,992,614,-410,-531,999,1399,997,835
"2024-04-02",13,23987,25650,22038,1018,6562,0,17101,0,319,1333,1495,991,540,-427,-417,999,1399,996,899
"2024-04-02",14,25542,27071,23441,1003,6562,3,17101,0,59,1117,1491,991,537,-451,-519,999,1399,996,907
"2024-04-02",15,27767,29256,25484,980,6562,217,17101,0,7,830,1041,991,887,-451,-531,999,1399,997,1078
"2024-04-02",16,29118,30607,26683,956,6562,711,17101,0,7,779,1003,991,942,-451,-531,999,1399,997,1091
"2024-04-02",17,30205,31694,27567,957,6562,1395,17101,0,7,1118,1003,991,757,-451,-531,1000,1399,997,831
"2024-04-02",18,30663,32152,27911,957,6562,2261,17101,0,7,1274,1003,991,752,-451,-531,999,1398,997,807
"2024-04-02",19,30640,32129,27777,968,6562,3187,17101,0,7,1182,1004,991,1000,-451,-531,999,1398,997,807
"2024-04-02",20,30030,31519,27130,979,6562,4338,17101,0,7,1101,1003,991,1003,-451,-531,999,1399,997,807
"2024-04-02",21,29147,30634,26224,1015,6562,4807,17101,0,5,831,1003,991,1002,-451,-531,999,1399,997,807
"2024-04-02",22,28338,29822,25454,1051,6562,5847,17101,0,2,563,1003,991,1003,-451,-531,999,1399,997,807
"2024-04-02",23,28146,29630,25193,1080,6562,6069,17101,0,2,308,1003,991,1003,-451,-531,999,1399,997,807
"2024-04-02",24,27977,29461,25039,1108,6562,6252,17101,0,2,216,1004,991,1003,-451,-531,999,1399,997,807
"2024-04-02",25,28224,29709,25263,1127,6562,6609,17101,0,3,137,1004,991,1004,-451,-531,999,1399,996,807
"2024-04-02",26,28414,29901,25444,1145,6562,5705,17101,0,5,76,1004,991,1003,-451,-531,999,1399,997,807
"2024-04-02",27,28548,30027,25601,1170,6562,5028,17101,0,4,-34,1004,991,1003,-444,-531,999,1399,996,807
"2024-04-02",28,28672,30142,25737,1194,6562,5217,17101,0,6,51,1004,991,1003,-433,-531,999,1399,996,807
"2024-04-02",29,28842,30280,25912,1207,6562,4121,17101,0,4,174,1004,991,1004,-451,-483,999,1399,997,807
"2024-04-02",30,28780,30229,25844,1219,6562,4040,17101,0,3,151,1004,992,1003,-451,-495,999,1399,997,807
"2024-04-02",31,29041,30270,26121,1224,6562,3264,17101,0,5,235,1004,992,1003,-423,-301,999,1399,996,807
"2024-04-02",32,29765,30905,26802,1228,6562,2845,17101,0,6,317,1011,991,1002,-416,-218,999,1399,997,807
"2024-04-02",33,30737,32147,27736,1229,6562,1974,17101,0,6,390,1482,991,1003,-420,-484,789,1399,996,807
"2024-04-02",34,31707,33155,28553,1229,6562,1547,17101,0,6,244,1495,991,1003,-411,-531,774,1399,995,809
"2024-04-02",35,32797,34282,29587,1238,6562,1086,17101,0,3,203,1495,992,1004,-451,-531,1003,1399,996,1025
"2024-04-02",36,33462,34949,30257,1247,6562,649,17101,0,5,302,1494,991,1002,-451,-531,1019,1398,996,1044
"2024-04-02",37,33927,35364,30784,1253,6562,354,17101,0,4,848,1495,991,515,-406,-527,1019,1399,996,761
"2024-04-02",38,34050,35494,30899,1259,6562,147,17101,0,4,853,1495,991,465,-448,-492,1019,1399,996,730
"2024-04-02",39,34136,35691,30960,1298,6562,27,17101,0,3,985,1495,992,-287,-449,-316,883,1399,995,538
"2024-04-02",40,33852,35425,30620,1336,6562,0,17101,0,6,968,1495,992,-338,-451,-278,873,1399,995,520
"2024-04-02",41,33303,34939,30042,1393,6562,0,17101,0,4,692,1495,992,-336,-452,-344,1010,1398,995,627
"2024-04-02",42,32491,34110,29318,1450,6562,0,17101,0,4,435,1495,991,-332,-451,-332,1019,1398,995,637
"2024-04-02",43,31144,32565,28165,1501,6562,0,17101,0,2,413,1495,992,378,-452,-467,887,1399,995,485
"2024-04-02",44,29576,31032,26799,1551,6562,0,17101,0,7,732,1495,992,452,-451,-498,877,1399,995,470
"2024-04-02",45,27827,29284,25296,1599,6562,0,17101,0,11,942,1495,992,544,-452,-494,915,1399,996,471
"2024-04-02",46,26008,27500,23653,1647,6562,0,17101,0,11,1205,1495,991,532,-451,-530,917,1398,996,468
"2024-04-02",47,23851,25322,21725,1686,6562,0,17101,0,9,1227,1495,992,-87,-452,-423,994,1399,996,185
"2024-04-02",48,22968,24539,20926,1725,6562,0,17101,0,10,1399,1495,992,-104,-452,-505,999,1392,995,153
"2024-04-03",1,21963,24397,20039,1795,6562,0,17101,0,358,1625,1495,992,-497,-451,-531,926,1033,995,-97
"2024-04-03",2,21572,24133,19684,1864,6562,0,17101,0,391,1766,1495,992,-566,-452,-531,920,932,996,-121
"2024-04-03",3,21445,23985,19603,1904,6562,0,17101,0,369,2001,1495,992,-482,-452,-531,994,566,995,-206
"2024-04-03",4,21747,24406,19989,1944,6562,0,17101,0,478,2278,1495,992,-479,-451,-531,999,497,995,-220
"2024-04-03",5,21422,24333,19714,1951,6562,0,17101,0,86,2278,1495,992,-775,-451,-531,709,460,978,-568
"2024-04-03",6,21378,24314,19710,1957,6562,0,17101,0,70,2427,1495,992,-780,-452,-531,688,437,976,-603
"2024-04-03",7,20826,23990,19116,1967,6562,0,17101,0,123,2412,1496,992,-827,-452,-531,542,156,976,-731
"2024-04-03",8,20716,23899,18979,1976,6562,0,17101,0,124,2464,1497,992,-831,-452,-531,531,101,976,-745
"2024-04-03",9,20728,23951,19042,2019,6562,0,17101,0,124,2723,1497,992,-735,-451,-531,370,-115,994,-767
"2024-04-03",10,20654,23855,18977,2062,6562,0,17101,0,100,2860,1498,992,-727,-452,-531,358,-123,995,-768
"2024-04-03",11,21143,24043,19457,2102,6562,0,17101,0,119,2920,1497,992,-530,-452,-531,565,251,996,-768
"2024-04-03",12,21463,24407,19804,2142,6562,0,17101,0,246,3058,1497,992,-514,-441,-475,580,329,996,-768
"2024-04-03",13,23130,25504,21328,2225,6562,0,17101,0,88,3105,1498,991,-460,-351,-207,155,700,996,-768
"2024-04-03",14,24576,26939,22650,2307,6562,1,17101,0,9,2925,1498,992,-454,-429,-203,124,779,997,-768
"2024-04-03",15,26449,29248,24351,2404,6562,86,17101,0,10,2974,1497,991,-590,-452,-479,229,1150,996,-768
"2024-04-03",16,27582,30300,25378,2501,6562,384,17101,0,11,3166,1496,991,-571,-452,-437,236,1215,996,-747
"2024-04-03",17,29321,30805,26938,2635,6562,733,17101,0,11,2851,1495,991,86,-452,-521,528,1373,995,219
"2024-04-03",18,29550,31043,27124,2768,6562,1198,17101,0,10,3012,1496,991,102,-452,-531,549,1397,996,319
"2024-04-03",19,30190,31680,27689,2895,6562,1448,17101,0,7,2910,1495,991,738,-452,-531,508,1397,996,319
"2024-04-03",20,30356,31845,27836,3022,6562,1806,17101,0,6,2949,1495,991,853,-452,-531,504,1397,995,317
"2024-04-03",21,30295,31782,27701,3139,6562,2638,17101,0,4,2910,1495,991,823,-452,-531,727,1397,996,146
"2024-04-03",22,30117,31606,27533,3256,6562,3151,17101,0,6,2914,1495,991,821,-452,-531,744,1397,996,124
"2024-04-03",23,29753,31242,27168,3322,6562,3076,17101,0,6,2922,1495,991,720,-452,-531,982,1397,995,0
"2024-04-03",24,29626,31115,27128,3388,6562,3360,17101,0,6,3055,1495,991,713,-452,-531,999,1397,996,0
"2024-04-03",25,29897,31386,27389,3424,6562,3501,17101,0,6,3199,1495,991,973,-452,-531,999,1397,996,0
"2024-04-03",26,29537,31026,27022,3459,6562,3597,17101,0,6,3302,1494,990,977,-452,-531,999,1374,995,0
"2024-04-03",27,29039,30528,26523,3507,6562,3819,17101,0,6,3433,1495,902,914,-452,-531,999,1003,996,104
"2024-04-03",28,28460,29949,26003,3554,6562,4028,17101,0,6,3580,1495,895,911,-452,-531,999,937,996,122
"2024-04-03",29,28065,29920,25675,3580,6562,3878,17101,0,6,3657,1495,904,675,-452,-531,960,763,996,-366
"2024-04-03",30,28199,30104,25803,3605,6562,3606,17101,0,6,3431,1495,906,624,-452,-531,957,743,996,-416
"2024-04-03",31,28095,30193,25622,3623,6562,3194,17101,0,6,3367,1495,985,8,-452,-531,905,824,996,-609
"2024-04-03",32,28402,30519,25882,3640,6562,2888,17101,0,6,3013,1495,991,0,-452,-531,901,836,996,-628
"2024-04-03",33,29004,30993,26448,3625,6562,2434,17101,0,7,3126,1495,983,450,-452,-531,920,819,996,-499
"2024-04-03",34,29680,31651,27001,3609,6562,2044,17101,0,2,2881,1495,982,535,-452,-531,921,840,996,-486
"2024-04-03",35,30573,32542,27818,3480,6562,1842,17101,0,0,2894,1495,991,414,-452,-531,806,1209,996,-486
"2024-04-03",36,31283,33243,28475,3350,6562,1354,17101,0,0,2920,1495,991,409,-452,-531,797,1271,996,-477
"2024-04-03",37,31873,33356,29073,3153,6562,850,17101,0,0,3007,1494,965,682,-452,-531,1004,1381,996,51
"2024-04-03",38,32217,33695,29448,2956,6562,421,17101,0,0,2981,1494,963,703,-447,-531,1019,1397,996,102
"2024-04-03",39,32849,34311,30109,2750,6562,101,17101,0,0,2843,1494,989,966,-431,-531,1019,1397,996,362
"2024-04-03",40,32982,34405,30178,2544,6562,0,17101,0,3,2702,1495,992,1002,-389,-531,1019,1397,997,391
"2024-04-03",41,32842,34257,29963,2419,6562,0,17101,0,4,2517,1495,992,1003,-380,-531,1019,1397,995,740
"2024-04-03",42,31953,33374,29185,2293,6562,0,17101,0,4,2493,1495,992,1003,-386,-531,1019,1392,996,772
"2024-04-03",43,30863,32229,28152,2163,6562,0,17101,0,3,2494,1495,992,957,-332,-531,1000,1304,997,772
"2024-04-03",44,29597,31068,27006,2033,6562,0,17101,0,6,2288,1495,992,953,-434,-531,999,1268,996,772
"2024-04-03",45,28041,29440,25568,1918,6562,0,17101,0,4,2146,1495,992,936,-364,-531,999,896,996,752
"2024-04-03",46,26703,28181,24315,1802,6562,0,17101,0,6,2078,1495,992,934,-441,-531,999,862,996,710
"2024-04-03",47,25046,27062,22867,1716,6562,0,17101,0,61,1976,1495,992,906,-452,-531,999,1181,996,-472
"2024-04-03",48,23930,26129,21876,1629,6562,0,17101,0,107,1706,1496,992,906,-452,-531,999,1207,996,-609
"2024-04-04",1,23160,25523,21160,1569,6562,0,17101,0,121,1838,1496,992,697,-452,-531,875,871,996,-759
"2024-04-04",2,22924,25300,20918,1509,6562,0,17101,0,124,1998,1495,992,681,-452,-531,866,827,996,-769
"2024-04-04",3,22985,24899,21014,1502,6562,0,17101,0,122,1961,1495,992,325,-431,-531,978,916,996,-330
"2024-04-04",4,23166,25008,21252,1494,6562,0,17101,0,122,1955,1495,992,298,-401,-531,986,950,997,-288
"2024-04-04",5,23058,24902,21132,1473,6562,0,17101,0,124,2002,1495,992,178,-401,-531,953,1276,996,-288
"2024-04-04",6,22642,24637,20730,1452,6562,0,17101,0,275,2131,1495,992,173,-401,-531,950,1312,996,-288
"2024-04-04",7,22010,24339,20153,1429,6562,0,17101,0,652,2227,1495,992,228,-401,-531,996,1103,996,-245
"2024-04-04",8,21669,24040,19827,1405,6562,0,17101,0,700,1946,1495,992,233,-401,-531,999,1054,996,-239
"2024-04-04",9,21432,23732,19617,1418,6562,0,17101,0,693,1915,1495,992,109,-401,-531,999,765,996,-175
"2024-04-04",10,21242,23516,19394,1430,6562,0,17101,0,671,1890,1495,992,104,-401,-531,999,742,996,-171
"2024-04-04",11,21699,24020,19754,1425,6562,0,17101,0,546,1941,1495,992,6,-422,-531,999,1060,996,-322
"2024-04-04",12,22467,24387,20445,1420,6562,0,17101,0,150,1822,1487,992,0,-452,-480,999,1122,997,-338
"2024-04-04",13,24413,26542,22208,1403,6562,0,17101,0,42,1806,1032,992,-332,-451,-530,999,1363,997,-274
"2024-04-04",14,26027,28157,23679,1385,6562,5,17101,0,7,1541,1004,992,-378,-452,-531,999,1377,997,-262
"2024-04-04",15,28015,29513,25477,1370,6562,143,17101,0,6,1393,1004,991,489,-451,-531,999,1032,996,-10
"2024-04-04",16,29225,30714,26628,1354,6562,564,17101,0,6,1075,1004,991,600,-452,-531,999,1002,996,10
"2024-04-04",17,30772,32259,28005,1389,6562,1142,17101,0,4,1023,1004,992,528,-452,-531,999,1347,996,358
"2024-04-04",18,31252,32739,28449,1424,6562,1688,17101,0,4,1098,1004,992,526,-452,-531,999,1399,996,386
"2024-04-04",19,31214,32701,28425,1470,6562,2496,17101,0,5,1107,1003,991,931,-451,-531,999,1399,996,386
"2024-04-04",20,30707,32195,27902,1516,6562,3192,17101,0,5,1016,1004,992,1002,-452,-531,999,1399,996,386
"2024-04-04",21,30486,31972,27636,1515,6562,3701,17101,0,3,773,1003,991,1004,-452,-531,999,1399,995,386
"2024-04-04",22,29992,31480,27151,1514,6562,4279,17101,0,5,625,1004,992,1003,-452,-531,999,1399,996,386
"2024-04-04",23,29525,31014,26654,1494,6562,5025,17101,0,7,232,1003,991,1003,-451,-531,999,1398,996,386
"2024-04-04",24,29570,31060,26683,1473,6562,5144,17101,0,8,-40,1004,991,1003,-451,-531,999,1398,996,386
"2024-04-04",25,29844,31334,26853,1453,6562,5115,17101,0,7,-409,1004,991,1004,-452,-531,999,1397,996,386
"2024-04-04",26,29573,31064,26578,1433,6562,5354,17101,0,8,-556,1004,992,1003,-452,-531,999,1398,996,386
"2024-04-04",27,29291,30780,26356,1415,6562,5029,17101,0,6,-620,1004,992,1003,-452,-531,999,1397,997,386
"2024-04-04",28,28778,30264,25900,1397,6562,5239,17101,0,4,-612,1004,992,1003,-451,-531,999,1397,996,386
"2024-04-04",29,28858,30228,25975,1395,6562,4428,17101,0,4,-607,1004,992,1003,-373,-493,999,1398,996,386
"2024-04-04",30,28959,30331,26026,1392,6562,4459,17101,0,5,-697,1004,992,1003,-364,-503,999,1398,996,386
"2024-04-04",31,29413,30755,26484,1392,6562,3966,17101,0,5,-690,1004,992,1003,-315,-522,999,1398,996,386
"2024-04-04",32,29911,31198,27000,1391,6562,3044,17101,0,6,-631,1004,992,1003,-278,-503,999,1397,996,386
"2024-04-04",33,30202,31478,27250,1417,6562,2368,17101,0,5,-682,1004,992,1003,-320,-451,1018,1397,996,386
"2024-04-04",34,30803,32041,27825,1443,6562,1868,17101,0,5,-565,1004,992,1003,-280,-453,1019,1397,996,386
"2024-04-04",35,31869,32971,28894,1458,6562,1300,17101,0,5,-196,1004,992,1003,-391,-206,1019,1398,996,386
"2024-04-04",36,32519,33504,29608,1472,6562,782,17101,0,5,183,1004,992,1003,-290,-190,1019,1397,996,386
"2024-04-04",37,33081,33747,30215,1546,6562,472,17101,0,5,607,1004,992,1002,-140,-21,1019,1397,996,386
"2024-04-04",38,33295,33800,30427,1619,6562,203,17101,0,5,771,1004,992,999,11,0,1019,1397,996,386
"2024-04-04",39,33245,33750,30405,1746,6562,31,17101,0,5,897,1003,992,410,160,123,1019,1397,996,386
"2024-04-04",40,33313,33818,30453,1872,6562,0,17101,0,5,1135,1004,992,363,285,99,1019,1397,996,386
"2024-04-04",41,32522,33027,29660,2011,6562,0,17101,0,5,844,1004,992,953,187,0,1019,1397,996,386
"2024-04-04",42,31800,32376,28923,2149,6562,0,17101,0,4,845,1004,992,1002,64,-72,1019,1397,996,386
"2024-04-04",43,30442,30946,27670,2268,6562,0,17101,0,4,1317,1004,992,1002,133,24,1001,1397,996,386
"2024-04-04",44,28724,29227,26137,2386,6562,0,17101,0,3,1235,1004,992,1003,35,62,999,1383,996,386
"2024-04-04",45,26996,27561,24603,2524,6562,0,17101,0,2,1580,1004,992,981,-63,41,999,1168,997,386
"2024-04-04",46,25460,26300,23265,2662,6562,0,17101,0,3,1704,1007,991,979,-214,-123,999,1113,996,380
"2024-04-04",47,23573,24586,21599,2866,6562,0,17101,0,5,2075,1453,992,492,-236,-171,789,741,997,-101
"2024-04-04",48,22701,23726,20816,3070,6562,0,17101,0,284,2300,1493,991,443,-95,-1,772,663,996,-145
"2024-04-05",1,21563,23108,19779,3183,6562,0,17101,0,523,2370,1219,881,-214,-163,0,236,293,997,-145
"2024-04-05",2,21116,23030,19319,3295,6562,0,17104,0,713,2307,1194,864,-250,-306,0,196,215,997,-145
"2024-04-05",3,20753,23399,19047,3413,6562,0,17104,0,714,2915,1038,426,-524,-269,0,-207,-160,997,-272
"2024-04-05",4,20995,23848,19342,3530,6562,0,17104,0,715,3149,1034,381,-563,-311,0,-236,-239,998,-289
"2024-04-05",5,20483,24726,18918,3624,6562,0,17104,0,714,3367,1457,145,-1010,-349,0,-677,-618,997,-375
"2024-04-05",6,20250,24728,18719,3718,6562,0,17104,0,714,3213,1499,120,-1014,-349,-110,-709,-699,997,-383
"2024-04-05",7,19677,24863,18173,3742,6562,0,17104,0,710,3102,1500,-105,-1015,-349,-41,-998,-1085,997,-383
"2024-04-05",8,19270,24634,17797,3765,6562,0,17104,0,705,2879,1496,-128,-1015,-350,-110,-1018,-1155,997,-383
"2024-04-05",9,19068,24513,17647,3731,6562,0,17104,0,561,3021,1311,-269,-1015,-349,-11,-1017,-1340,998,-383
"2024-04-05",10,19039,24566,17594,3697,6562,0,17104,0,660,3105,1294,-259,-1015,-350,0,-1017,-1343,995,-383
"2024-04-05",11,19328,24292,17808,3620,6562,0,17104,0,708,2598,1290,752,-1014,-336,-60,-1011,-952,792,-383
"2024-04-05",12,19791,24339,18336,3542,6562,0,17104,0,576,2462,1292,855,-1015,-213,-1,-989,-871,778,-383
"2024-04-05",13,21724,24933,20012,3443,6562,0,17104,0,599,2507,1480,980,-1013,-181,-46,13,-487,978,-383
"2024-04-05",14,23121,25919,21181,3344,6562,0,17104,0,450,2660,1497,992,-1008,-49,-1,111,-407,997,-383
"2024-04-05",15,25240,26548,23010,3268,6562,69,17104,0,258,2387,1495,992,-289,14,0,741,-29,996,-232
"2024-04-05",16,26379,27320,23901,3192,6562,406,17104,0,6,2475,1495,992,-225,114,0,791,50,996,-210
"2024-04-05",17,27812,28316,24994,3162,6562,1119,17104,0,4,2320,1495,992,485,28,0,985,420,996,136
"2024-04-05",18,28285,28789,25342,3132,6562,1700,17104,0,4,2320,1494,992,608,82,0,999,498,996,169
"2024-04-05",19,28683,29190,25578,3162,6562,2753,17104,0,7,2221,1493,992,1000,60,0,999,869,996,255
"2024-04-05",20,28196,28701,25047,3191,6562,3447,17104,0,5,2175,1493,992,999,165,0,999,923,996,265
"2024-04-05",21,27415,27922,24223,3298,6562,4015,17104,0,7,2070,1495,992,688,288,3,852,899,996,373
"2024-04-05",22,26926,27433,23742,3405,6562,5199,17104,0,7,1748,1495,992,681,188,144,841,872,996,383
"2024-04-05",23,25942,26448,22779,3479,6562,5400,17104,0,6,1462,1495,993,192,53,15,815,501,997,383
"2024-04-05",24,25402,25924,22286,3552,6562,5838,17104,0,22,987,1494,992,156,41,0,812,423,996,380
"2024-04-05",25,24960,25663,21841,3621,6562,6350,17104,0,203,905,1495,992,760,129,0,741,51,996,207
"2024-04-05",26,24596,25275,21500,3690,6562,7081,17104,0,151,989,1495,992,810,150,0,735,-28,996,183
"2024-04-05",27,24078,25371,21027,3772,6562,7151,17104,0,116,1151,1495,993,996,159,0,798,-403,997,-274
"2024-04-05",28,23949,25398,20904,3854,6562,7319,17104,0,151,1361,1485,991,1003,165,0,802,-483,997,-315
"2024-04-05",29,23481,25372,20466,3880,6562,6555,17104,0,146,1468,1075,894,1002,209,0,986,-866,996,-379
"2024-04-05",30,23532,25444,20597,3906,6562,5510,17104,0,125,1527,1036,883,1002,119,0,998,-898,997,-389
"2024-04-05",31,23485,25157,20659,3910,6562,5345,17104,0,50,1931,1195,796,1003,22,0,542,-516,997,-606
"2024-04-05",32,23802,25369,20997,3914,6562,4806,17104,0,6,2318,1211,788,1003,77,0,508,-435,997,-626
"2024-04-05",33,24742,26029,21926,3829,6562,3889,17104,0,8,2706,1380,841,1003,140,0,482,-60,997,-719
"2024-04-05",34,25537,26754,22803,3743,6562,3207,17104,0,8,3223,1396,848,1003,217,0,480,19,997,-709
"2024-04-05",35,27057,27564,24320,3599,6562,2450,17104,0,7,3216,1487,980,944,203,0,358,392,996,367
"2024-04-05",36,27999,28503,25372,3454,6562,1679,17104,0,4,3475,1495,993,936,201,0,351,469,997,499
"2024-04-05",37,28633,29143,26063,3359,6562,879,17104,0,10,3449,1495,993,722,315,32,880,841,997,1227
"2024-04-05",38,29139,29649,26710,3263,6562,413,17104,0,10,3461,1493,992,718,297,1,919,919,997,1307
"2024-04-05",39,29611,30119,27321,3145,6562,80,17104,0,8,3480,1403,992,900,219,0,892,1290,997,1391
"2024-04-05",40,29634,30136,27427,3027,6562,0,17104,0,2,3438,1394,993,922,128,0,890,1329,997,1401
"2024-04-05",41,29270,29774,27110,2987,6562,0,17104,0,4,3492,1394,992,936,87,0,817,1078,997,1381
"2024-04-05",42,28509,29014,26339,2946,6562,0,17104,0,5,3531,1396,992,936,0,0,811,1017,997,1374
"2024-04-05",43,27204,27705,25233,2939,6562,0,17104,0,1,3640,1489,992,413,50,0,371,646,997,1125
"2024-04-05",44,26258,26797,24348,2931,6562,0,17104,0,0,3508,1496,992,366,23,-39,338,568,997,1077
"2024-04-05",45,24709,25665,22941,2929,6562,0,17104,0,0,3513,1467,985,-456,140,107,280,197,996,91
"2024-04-05",46,23737,24825,22108,2927,6562,0,17104,0,1,3643,1464,985,-572,205,26,244,118,996,-15
"2024-04-05",47,22032,25430,20542,2908,6562,0,17104,0,8,4154,1326,991,-1010,174,0,-891,-257,998,-732
"2024-04-05",48,21112,24772,19784,2888,6562,0,17104,0,8,4016,1314,991,-1014,71,0,-1008,-336,997,-794
"2024-04-06",1,20344,24488,19078,2860,6562,0,17104,0,102,3848,1189,947,-1014,138,0,-1017,-717,998,-794
"2024-04-06",2,19958,24132,18542,2832,6562,0,17104,0,49,3120,1181,943,-1014,194,0,-1019,-798,998,-794
"2024-04-06",3,19858,24495,18297,2931,6562,0,17104,0,251,3008,1431,988,-1013,237,0,-897,-1182,997,-794
"2024-04-06",4,20007,24491,18467,3029,6562,0,17104,0,48,3006,1448,991,-1014,315,0,-889,-1239,997,-794
"2024-04-06",5,19731,24468,18251,3139,6562,0,17104,0,187,3284,1151,883,-1014,267,0,-1002,-1240,998,-794
"2024-04-06",6,19021,23986,17698,3248,6562,0,17104,0,389,3408,1118,869,-1015,282,-16,-1011,-1240,996,-794
"2024-04-06",7,18385,23608,17212,3360,6562,0,17104,0,423,3666,721,650,-1013,302,-243,-1010,-1240,915,-794
"2024-04-06",8,18005,23629,16832,3472,6562,0,17104,0,681,3673,678,625,-1014,159,-385,-1010,-1240,907,-794
"2024-04-06",9,17541,22988,16569,3578,6562,0,17104,0,637,3611,344,322,-1015,24,-275,-986,-1240,914,-794
"2024-04-06",10,17321,22500,16441,3683,6562,0,17104,0,476,3482,303,294,-1014,0,-171,-984,-1240,908,-794
"2024-04-06",11,17119,22587,16318,3738,6562,0,17104,0,584,3898,-254,324,-1014,-64,42,-1018,-1240,551,-794
"2024-04-06",12,17066,22584,16340,3793,6562,0,17104,0,412,3794,-321,330,-1015,-215,181,-1021,-1240,525,-794
"2024-04-06",13,18403,23695,17354,3855,6562,0,17104,0,414,3544,176,551,-1016,-322,335,-1006,-1240,852,-794
"2024-04-06",14,18828,24297,17599,3916,6562,35,17104,0,567,3392,250,574,-1015,-351,384,-1005,-1240,881,-791
"2024-04-06",15,19825,24645,18613,3997,6562,366,17104,0,217,3227,1107,757,-1015,-355,212,-938,-1241,876,-554
"2024-04-06",16,20395,25283,19048,4077,6562,785,17104,0,410,3683,1179,775,-1015,-303,139,-890,-1240,877,-530
"2024-04-06",17,21170,24984,19669,4200,6562,1611,17104,0,231,3245,700,847,-966,-347,1,353,-1240,978,-530
"2024-04-06",18,21046,24942,19522,4322,6562,2260,17104,0,357,4123,672,854,-870,-359,-40,489,-1240,987,-530
"2024-04-06",19,21799,25125,20250,4493,6562,2324,17104,0,325,4030,1277,880,747,-442,-289,525,-1240,996,-530
"2024-04-06",20,21831,25480,20178,4663,6562,3071,17104,0,640,4198,1329,882,992,-450,-289,527,-1240,997,-530
"2024-04-06",21,22045,25425,20264,4825,6562,3404,17104,0,413,4173,687,824,957,-450,-247,863,-1240,997,-530
"2024-04-06",22,22099,25572,20365,4987,6562,3458,17104,0,367,4185,633,819,954,-450,-387,887,-1239,994,-530
"2024-04-06",23,22343,25603,20615,5098,6562,3422,17104,0,10,4315,903,874,906,-450,-530,526,-1240,772,-530
"2024-04-06",24,22183,25439,20445,5208,6562,3486,17104,0,6,4257,922,880,902,-450,-531,501,-1239,752,-530
"2024-04-06",25,21962,25223,20213,5280,6562,4012,17104,0,10,4136,810,983,999,-450,-531,964,-1240,755,-530
"2024-04-06",26,21486,24788,19770,5352,6562,4409,17104,0,51,3993,800,991,1004,-450,-531,987,-1240,757,-530
"2024-04-06",27,20411,23852,18721,5436,6562,5372,17104,0,190,3896,1073,903,608,-450,-531,142,-1240,887,-530
"2024-04-06",28,19453,23276,17821,5519,6562,6837,17104,0,572,3597,1095,895,537,-450,-531,68,-1240,900,-530
"2024-04-06",29,18765,22491,17240,5528,6562,6532,17104,0,418,3222,1049,873,284,-450,-531,-57,-1240,959,-530
"2024-04-06",30,18352,22184,16911,5536,6562,6528,17104,0,515,3055,1025,865,249,-450,-531,-66,-1240,961,-530
"2024-04-06",31,18077,21645,16615,5510,6562,5893,17104,0,23,3152,20,459,8,-423,-531,-321,-1240,792,-530
"2024-04-06",32,18631,22158,17192,5484,6562,5296,17104,0,6,3315,-58,423,0,-412,-442,-339,-1240,777,-530
"2024-04-06",33,19662,23391,18177,5464,6562,4601,17104,0,5,3288,782,532,-481,-269,-256,-448,-1240,751,-530
"2024-04-06",34,20910,24504,19372,5443,6562,3691,17104,0,1,3553,887,549,-578,-120,-170,-455,-1240,752,-530
"2024-04-06",35,22918,26519,21333,5362,6562,2934,17104,0,0,3783,1446,954,-792,31,94,-539,-1240,977,-530
"2024-04-06",36,23771,27369,22158,5280,6562,1980,17104,0,1,4186,1498,992,-819,181,11,-528,-1223,997,-527
"2024-04-06",37,24732,27497,23106,5186,6562,1285,17104,0,9,4201,1495,993,-967,291,0,409,-967,995,-322
"2024-04-06",38,25390,28099,23698,5091,6562,603,17104,0,1,4177,1495,992,-983,259,0,495,-923,995,-302
"2024-04-06",39,25920,28528,24310,5033,6562,163,17104,0,2,4431,1495,992,-948,227,0,534,-835,995,-323
"2024-04-06",40,26209,28799,24641,4974,6562,6,17104,0,0,4483,1494,992,-938,246,0,536,-826,995,-326
"2024-04-06",41,26273,28825,24702,4976,6562,0,17104,0,4,4673,1494,993,-821,344,0,732,-901,995,-326
"2024-04-06",42,25727,28301,24195,4977,6562,0,17104,0,7,4563,1493,992,-811,264,0,740,-929,995,-327
"2024-04-06",43,24489,27697,23036,4981,6562,0,17104,0,10,4701,1347,993,-1000,184,0,17,-1199,996,-499
"2024-04-06",44,23662,27308,22278,4984,6562,0,17104,0,224,4909,1322,988,-1015,105,-107,-44,-1239,990,-517
"2024-04-06",45,22153,26351,20841,4990,6562,0,17104,0,299,4862,576,714,-1014,237,-86,-543,-1239,605,-517
"2024-04-06",46,21246,25852,19931,4995,6562,0,17104,0,450,4952,499,683,-1015,375,-306,-579,-1239,561,-517
"2024-04-06",47,19800,24647,18643,4975,6562,0,17104,0,595,5056,0,353,-1014,354,-324,-654,-1240,-3,-517
"2024-04-06",48,18952,23554,17894,4955,6562,0,17104,0,532,5027,-38,318,-1015,304,-49,-659,-1239,-53,-517
"2024-04-07",1,18287,23023,17230,4936,6562,0,17104,0,683,4967,68,110,-1015,389,40,-781,-1240,42,-517
"2024-04-07",2,17723,22489,16672,4917,6562,0,17104,0,704,4847,78,90,-1016,368,1,-790,-1239,48,-517
"2024-04-07",3,17694,22323,16679,4922,6562,0,17104,0,622,4988,-13,64,-1010,227,0,-645,-1239,-93,-507
"2024-04-07",4,17921,22507,16975,4926,6562,0,17104,0,572,5208,-21,62,-1009,154,34,-635,-1240,-104,-505
"2024-04-07",5,17625,21973,16653,4926,6562,0,17104,0,704,4868,167,76,-646,25,-83,-637,-1240,-33,-505
"2024-04-07",6,17140,21537,16159,4925,6562,0,17104,0,705,4527,218,75,-618,0,-164,-637,-1239,-29,-505
"2024-04-07",7,16611,21422,15690,4906,6562,0,17104,0,699,4417,-81,-74,-786,-54,74,-783,-1240,-100,-494
"2024-04-07",8,16404,21325,15458,4887,6562,0,17104,0,695,4463,-125,-90,-800,-13,-63,-794,-1240,-109,-492
"2024-04-07",9,16219,21513,15308,4848,6562,0,17104,0,699,4753,-286,-213,-778,54,-173,-800,-1240,-198,-407
"2024-04-07",10,16000,21203,15026,4809,6562,0,17104,0,698,4622,-304,-225,-777,27,-54,-801,-1240,-206,-398
"2024-04-07",11,15902,21253,14909,4823,6562,0,17104,0,696,4639,-504,-266,-766,138,-105,-713,-1239,-206,-356
"2024-04-07",12,15871,21397,15007,4837,6562,0,17104,0,688,4680,-523,-269,-766,287,-277,-707,-1240,-205,-351
"2024-04-07",13,16520,21566,15577,4898,6562,0,17104,0,691,4749,-481,-217,-472,395,-215,-764,-1240,-158,-308
"2024-04-07",14,16766,21685,15744,4959,6562,92,17104,0,643,4552,-477,-211,-440,400,-194,-768,-1240,-150,-296
"2024-04-07",15,17788,21618,16647,5062,6562,534,17104,0,601,3996,-508,-96,504,399,-170,-715,-1240,80,186
"2024-04-07",16,18065,21730,16965,5165,6562,1157,17104,0,629,4131,-511,-84,621,305,37,-701,-1240,100,226
"2024-04-07",17,18606,21833,17498,5232,6562,1960,17104,0,622,4300,-582,-56,656,159,-70,97,-1240,96,-157
"2024-04-07",18,18929,22130,17787,5299,6562,2828,17104,0,626,4572,-587,-55,664,23,107,164,-1240,93,-193
"2024-04-07",19,19247,22454,18050,5361,6562,4048,17104,0,622,4563,-317,-174,971,-64,120,398,-1240,-54,-236
"2024-04-07",20,19254,22618,17936,5422,6562,4810,17104,0,626,4533,-291,-182,978,-216,290,414,-1240,-67,-242
"2024-04-07",21,19319,22423,17970,5453,6562,5628,17104,0,622,4648,-83,24,1002,-289,149,118,-1240,11,-370
"2024-04-07",22,19116,22071,17797,5483,6562,5765,17104,0,623,4753,-57,46,1002,-152,1,96,-1240,22,-383
"2024-04-07",23,19506,22157,18182,5512,6562,6324,17104,0,352,4604,120,246,594,-129,-47,36,-1240,120,-383
"2024-04-07",24,19322,22345,17954,5540,6562,6793,17104,0,621,4543,165,261,567,-280,64,31,-1239,128,-383
"2024-04-07",25,19381,22564,18059,5538,6562,6958,17104,0,618,4434,146,0,926,-421,122,272,-1240,29,-404
"2024-04-07",26,19558,22711,18280,5536,6562,6609,17104,0,531,4349,151,-22,933,-452,108,290,-1240,22,-408
"2024-04-07",27,19725,23058,18387,5531,6562,6686,17104,0,547,4454,652,172,694,-451,-123,289,-1239,140,-473
"2024-04-07",28,19675,23031,18354,5525,6562,6416,17104,0,550,4441,693,186,667,-452,-139,293,-1239,149,-476
"2024-04-07",29,19496,22603,18156,5496,6562,6240,17104,0,554,4337,394,-83,997,-436,-44,947,-1240,-10,-240
"2024-04-07",30,19580,22508,18264,5466,6562,6060,17104,0,547,4009,374,-100,1003,-309,11,991,-1239,-20,-213
"2024-04-07",31,20093,22606,18851,5419,6562,5735,17104,0,465,3683,715,456,988,-159,38,223,-1240,314,-149
"2024-04-07",32,20883,23316,19590,5372,6562,4719,17104,0,543,4012,748,508,975,-8,1,138,-1240,349,-142
"2024-04-07",33,21845,25153,20547,5280,6562,4208,17104,0,458,4838,862,532,206,143,69,-839,-1240,663,-271
"2024-04-07",34,23400,26623,21991,5188,6562,3241,17104,0,290,5428,884,540,148,293,1,-930,-1219,695,-284
"2024-04-07",35,24645,27862,23105,5035,6562,2433,17104,0,166,5422,1450,952,-562,343,0,-933,-880,972,-176
"2024-04-07",36,25798,28903,24181,4882,6562,1816,17104,0,7,5349,1503,991,-704,303,46,-933,-805,996,-156
"2024-04-07",37,26335,29043,24704,4689,6562,1461,17104,0,7,5121,1502,992,-1010,154,1,-767,-424,997,273
"2024-04-07",38,26501,29127,24927,4496,6562,734,17104,0,11,5012,1501,992,-1015,21,46,-756,-344,997,314
"2024-04-07",39,26645,29186,25076,4322,6562,217,17104,0,7,4731,1503,992,-1014,-57,-41,-922,32,997,444
"2024-04-07",40,26480,29160,24829,4148,6562,7,17104,0,8,4402,1503,992,-1016,-208,-15,-933,92,998,456
"2024-04-07",41,26472,29295,24945,4058,6562,0,17104,0,5,4232,1502,992,-1014,-358,-243,-703,155,997,456
"2024-04-07",42,26260,29255,24694,3968,6562,0,17104,0,1,4473,1502,992,-1014,-449,-344,-687,141,998,454
"2024-04-07",43,25294,28839,23783,3854,6562,0,17104,0,0,4724,1504,993,-1014,-450,-523,-825,-233,998,260
"2024-04-07",44,24231,27883,22778,3739,6562,0,17104,0,9,4549,1503,992,-1014,-450,-531,-835,-313,996,241
"2024-04-07",45,23213,27365,21889,3630,6562,0,17104,0,3,4738,1504,992,-1014,-450,-531,-961,-693,893,218
"2024-04-07",46,22168,26414,20971,3520,6562,0,17104,0,7,4792,1504,992,-1015,-450,-531,-970,-773,885,208
"2024-04-07",47,21064,26106,19970,3407,6562,0,17104,0,95,4753,1503,992,-1016,-387,-531,-1006,-1162,988,-345
"2024-04-07",48,20184,25459,19166,3294,6562,0,17104,0,329,4762,1503,992,-1015,-264,-531,-1009,-1231,998,-396
"2024-04-08",1,19377,24944,18395,3134,6562,0,17104,0,329,4622,1414,992,-1015,-250,-531,-1016,-1423,998,-503
"2024-04-08",2,19270,24799,18346,2974,6562,0,17104,0,263,4614,1408,992,-1014,-251,-531,-1017,-1445,997,-508
"2024-04-08",3,19449,24359,18538,2889,6562,0,17104,0,322,4491,1496,992,-1015,-251,-531,-884,-1354,998,-53
"2024-04-08",4,19755,24625,18857,2803,6562,0,17104,0,372,4483,1505,992,-1015,-250,-531,-875,-1316,997,-11
"2024-04-08",5,19635,24195,18680,2692,6562,0,17104,0,330,4192,1504,993,-1016,-251,-531,-536,-927,997,-469
"2024-04-08",6,19134,23736,18126,2580,6562,0,17104,0,441,3861,1504,992,-1015,-250,-531,-514,-845,997,-506
"2024-04-08",7,18836,23510,17820,2475,6562,0,17104,0,426,3682,1505,992,-1015,-251,-531,-981,-463,998,-507
"2024-04-08",8,18826,23248,17774,2370,6562,0,17104,0,222,3431,1505,992,-1015,-251,-531,-1013,-383,998,-507
"2024-04-08",9,19085,22712,17991,2294,6562,0,17104,0,359,3294,1504,992,-1015,-251,-531,-457,-7,997,-507
"2024-04-08",10,19078,22569,17918,2218,6562,0,17104,0,270,3142,1503,992,-1014,-255,-531,-418,73,997,-503
"2024-04-08",11,19611,23554,18337,2150,6562,0,17104,0,267,2854,1416,992,-1014,-364,-531,-980,444,999,-287
"2024-04-08",12,20333,24148,18901,2082,6562,0,17104,0,31,2364,1402,992,-1016,-450,-531,-1021,523,999,-266
"2024-04-08",13,22537,26176,20892,2023,6562,0,17104,0,10,2260,1043,992,-1015,-450,-531,-997,893,998,-136
"2024-04-08",14,24276,27889,22426,1963,6562,65,17104,0,6,2028,1008,992,-1014,-450,-531,-995,972,998,-117
"2024-04-08",15,26456,29298,24389,1909,6562,429,17104,0,8,1695,1008,992,-451,-450,-531,-902,1342,999,188
"2024-04-08",16,27657,30430,25405,1854,6562,874,17104,0,6,1409,1008,992,-405,-450,-531,-881,1397,999,221
"2024-04-08",17,28835,30681,26418,1890,6562,1374,17104,0,1,1147,1006,992,-364,-450,-531,25,1397,998,438
"2024-04-08",18,28862,30702,26472,1925,6562,2031,17104,0,3,1207,1006,992,-356,-450,-531,106,1397,998,457
"2024-04-08",19,29074,30564,26636,1960,6562,2764,17104,0,9,939,1005,992,392,-450,-531,568,1398,998,457
"2024-04-08",20,29028,30519,26622,1995,6562,3300,17104,0,10,963,1005,992,469,-450,-531,601,1398,998,457
"2024-04-08",21,29202,30692,26815,2006,6562,3917,17104,0,9,1093,1004,992,839,-450,-531,945,1398,997,457
"2024-04-08",22,28706,30197,26297,2017,6562,4611,17104,0,10,1091,1005,992,869,-450,-531,969,1398,998,457
"2024-04-08",23,28001,29493,25547,2065,6562,5427,17104,0,11,820,1004,992,999,-450,-531,978,1398,997,457
"2024-04-08",24,27640,29132,25159,2112,6562,6019,17104,0,11,845,1005,992,1002,-450,-531,978,1398,998,457
"2024-04-08",25,27591,29082,25069,2112,6562,5852,17104,0,10,696,1006,992,460,-450,-531,554,1398,998,457
"2024-04-08",26,27144,28615,24659,2111,6562,6062,17104,0,11,607,1005,992,412,-429,-531,523,1398,998,457
"2024-04-08",27,26628,27911,24137,2076,6562,5936,17104,0,11,778,1006,992,113,-307,-465,202,1398,997,457
"2024-04-08",28,26666,27891,24194,2041,6562,5375,17104,0,9,516,1006,992,109,-331,-385,180,1398,998,452
"2024-04-08",29,27044,28082,24507,1981,6562,4599,17104,0,8,275,1005,992,459,-209,-321,708,1398,997,38
"2024-04-08",30,27168,28175,24634,1921,6562,4271,17104,0,7,302,1005,992,481,-115,-385,747,1399,997,3
"2024-04-08",31,27516,28541,24905,1878,6562,3484,17104,0,7,258,1005,992,-105,-137,-276,679,1399,997,245
"2024-04-08",32,28202,29355,25501,1834,6562,2925,17104,0,6,193,1005,992,-124,-192,-331,674,1398,997,260
"2024-04-08",33,29008,30937,26164,1784,6562,2505,17104,0,6,390,1005,992,-651,-174,-281,710,1398,997,-317
"2024-04-08",34,30063,32048,27084,1734,6562,1798,17104,0,9,114,1005,992,-705,-220,-174,712,1398,997,-377
"2024-04-08",35,30771,33021,27715,1658,6562,1155,17104,0,7,-64,1005,992,-878,-86,-77,668,1398,997,-702
"2024-04-08",36,31579,33752,28516,1582,6562,746,17104,0,6,-21,1005,992,-898,-35,-1,660,1398,997,-733
"2024-04-08",37,32170,34323,29173,1520,6562,538,17104,0,6,70,1006,992,-895,63,17,-19,1398,997,-733
"2024-04-08",38,32159,34368,29283,1458,6562,210,17104,0,6,-41,1006,992,-895,182,94,-75,1398,998,-733
"2024-04-08",39,32289,34269,29424,1471,6562,55,17104,0,5,-183,1006,992,-742,235,107,335,1398,998,-733
"2024-04-08",40,32048,34008,29167,1483,6562,2,17104,0,4,-161,1006,992,-723,250,217,366,1398,997,-733
"2024-04-08",41,31527,33227,28579,1511,6562,0,17104,0,10,-417,1004,992,-522,247,28,902,1398,997,-668
"2024-04-08",42,30316,31966,27392,1538,6562,0,17104,0,7,-716,1004,992,-504,250,42,942,1398,997,-639
"2024-04-08",43,29499,30005,26696,1533,6562,0,17104,0,6,-814,1005,992,86,250,1,827,1399,997,280
"2024-04-08",44,28233,28740,25531,1527,6562,0,17104,0,7,-920,1005,992,103,250,0,818,1399,997,376
"2024-04-08",45,26540,27047,24028,1507,6562,0,17104,0,7,-1015,1005,992,103,254,0,428,1399,997,562
"2024-04-08",46,25273,25780,22904,1486,6562,0,17104,0,7,-958,1005,992,103,185,0,399,1399,997,576
"2024-04-08",47,23885,24392,21660,1533,6562,0,17104,0,7,-687,1005,992,169,204,0,754,1399,997,308
"2024-04-08",48,22830,23337,20676,1580,6562,0,17104,0,7,-517,1004,992,175,348,0,779,1399,996,276
"2024-04-09",1,21944,22759,19910,1508,6562,0,17104,0,5,-327,1005,992,-266,304,0,620,1399,997,-44
"2024-04-09",2,21519,22412,19467,1436,6562,0,17104,0,7,-337,1005,992,-309,307,0,608,1394,996,-77
"2024-04-09",3,21417,22283,19389,1552,6562,0,17104,0,6,-340,975,992,-8,396,63,563,1308,996,-352
"2024-04-09",4,21608,22523,19619,1668,6562,0,17104,0,35,-318,973,992,0,400,149,559,1273,997,-380
"2024-04-09",5,21288,22328,19357,1811,6562,0,17104,0,65,-235,959,992,-95,400,153,24,902,996,-380
"2024-04-09",6,20966,22189,19024,1954,6562,0,17104,0,224,-186,955,988,-107,400,153,-17,824,997,-375
"2024-04-09",7,20424,21988,18531,2117,6562,0,17104,0,162,-117,770,709,-870,400,153,68,453,997,-32
"2024-04-09",8,20333,21930,18425,2279,6562,0,17104,0,134,-90,753,682,-963,400,153,74,375,997,0
"2024-04-09",9,19937,21996,18184,2417,6562,0,17104,0,488,385,682,637,-1012,400,153,-59,0,997,0
"2024-04-09",10,20013,22326,18311,2555,6562,0,17104,0,679,653,677,633,-1014,400,153,-69,-51,997,0
"2024-04-09",11,20285,22964,18622,2645,6562,0,17104,0,675,942,819,674,-1015,400,153,-489,37,997,0
"2024-04-09",12,20887,23494,19236,2734,6562,0,17104,0,587,935,827,679,-1016,400,154,-504,73,997,0
"2024-04-09",13,22829,25000,21030,2817,6562,0,17104,0,655,1199,715,786,-1016,400,190,395,444,997,0
"2024-04-09",14,24440,26275,22594,2900,6562,29,17104,0,323,1762,705,799,-1012,400,266,476,523,997,0
"2024-04-09",15,26917,28167,24891,2996,6562,198,17104,0,349,2535,981,975,-401,341,30,963,894,996,0
"2024-04-09",16,27825,28820,25868,3091,6562,486,17104,0,149,3097,1003,991,-346,194,0,999,971,996,0
"2024-04-09",17,29125,29636,27025,3231,6562,886,17104,0,11,2761,1004,991,684,48,0,999,1342,996,0
"2024-04-09",18,30031,30554,27701,3370,6562,1406,17104,0,7,2776,1003,991,885,-16,0,999,1397,997,0
"2024-04-09",19,30359,30994,28010,3517,6562,1981,17104,0,7,2956,1004,992,922,-128,0,999,1397,996,0
"2024-04-09",20,30038,30625,27705,3663,6562,2857,17104,0,7,2967,1004,992,922,-80,0,999,1397,997,0
"2024-04-09",21,29460,30156,27129,3805,6562,2819,17104,0,3,2821,1004,991,602,-193,0,999,1396,997,0
"2024-04-09",22,29219,29942,26897,3947,6562,3123,17104,0,6,2922,1004,991,598,-217,0,999,1389,997,0
"2024-04-09",23,28938,29635,26744,4198,6562,3551,17104,0,6,3035,1004,987,455,-191,0,994,1260,996,0
"2024-04-09",24,28794,29571,26623,4448,6562,4073,17104,0,6,3275,1004,987,440,-271,0,993,1217,997,0
"2024-04-09",25,28742,29720,26525,4637,6562,4062,17104,0,6,3434,954,991,887,-415,-57,855,847,996,0
"2024-04-09",26,28203,29234,26026,4826,6562,4369,17104,0,8,3594,947,991,917,-451,-72,846,769,996,0
"2024-04-09",27,27568,28696,25545,4951,6562,4583,17104,0,16,3685,762,980,263,-412,-200,812,398,997,0
"2024-04-09",28,26837,28466,24853,5076,6562,4810,17104,0,419,3597,746,979,207,-451,-259,809,320,998,0
"2024-04-09",29,26231,28430,24307,5100,6562,5075,17104,0,118,3535,893,991,-664,-452,-413,670,-52,997,0
"2024-04-09",30,25979,28821,24152,5124,6562,5149,17104,0,381,3684,906,991,-855,-452,-530,660,-124,996,0
"2024-04-09",31,25752,29201,23961,5148,6562,4877,17104,0,609,3860,996,992,-988,-452,-531,976,-369,996,0
"2024-04-09",32,25972,29445,24122,5171,6562,4311,17104,0,607,4065,1003,990,-1002,-451,-531,999,-382,996,0
"2024-04-09",33,26580,29350,24565,5142,6562,4103,17104,0,365,4196,934,895,-916,-451,-531,828,-7,997,0
"2024-04-09",34,27397,29892,25192,5113,6562,3873,17104,0,118,4441,929,888,-894,-452,-531,816,73,997,0
"2024-04-09",35,28284,30169,26159,5059,6562,3233,17104,0,10,4551,998,983,-498,-452,-425,717,444,996,0
"2024-04-09",36,29209,30904,27042,5004,6562,2633,17104,0,3,4430,1003,991,-492,-451,-249,710,523,996,0
"2024-04-09",37,29862,31396,27713,4798,6562,1808,17104,0,2,4451,1004,992,-260,-452,-320,667,892,997,0
"2024-04-09",38,30367,32065,28251,4591,6562,1140,17104,0,3,4526,1004,992,-256,-452,-487,663,970,996,0
"2024-04-09",39,31081,32563,29017,4318,6562,437,17104,0,0,4391,1004,991,318,-451,-531,516,1342,997,0
"2024-04-09",40,31330,32814,29264,4045,6562,35,17104,0,1,4272,1004,992,376,-452,-531,506,1397,997,0
"2024-04-09",41,30958,32443,28775,3828,6562,0,17104,0,2,3917,1003,992,343,-452,-531,984,1397,996,0
"2024-04-09",42,30464,31950,28200,3611,6562,0,17104,0,3,3587,1003,992,359,-452,-531,1019,1397,997,0
"2024-04-09",43,29556,31041,27302,3406,6562,0,17104,0,2,2953,1003,992,806,-452,-531,1001,1397,996,0
"2024-04-09",44,28173,29662,26048,3200,6562,0,17104,0,6,2904,1000,991,809,-452,-531,999,1373,996,0
"2024-04-09",45,26856,28340,24846,3013,6562,0,17104,0,2,2755,886,984,334,-451,-531,561,1003,996,0
"2024-04-09",46,25925,27415,24043,2826,6562,0,17104,0,7,2737,863,983,296,-452,-531,518,925,994,0
"2024-04-09",47,24273,26061,22514,2656,6562,0,17104,0,6,2542,282,910,389,-452,-531,-299,554,862,0
"2024-04-09",48,23767,25629,21891,2486,6562,0,17104,0,10,2440,226,901,397,-451,-531,-370,476,851,0
"2024-04-10",1,23402,25710,21492,2280,6562,0,17104,0,109,2445,171,779,732,-451,-531,-717,105,935,0
"2024-04-10",2,23004,25355,21079,2073,6562,0,17104,0,126,2482,172,769,739,-452,-531,-742,27,944,0
"2024-04-10",3,22733,25042,20823,1961,6562,0,17104,0,126,2460,363,890,888,-452,-531,-384,-316,989,0
"2024-04-10",4,22919,25227,21022,1849,6562,0,17104,0,124,2419,369,902,902,-452,-531,-356,-345,993,0
"2024-04-10",5,23004,24614,21044,1744,6562,0,17104,0,127,2093,851,970,691,-451,-531,268,-1,996,0
"2024-04-10",6,22564,24177,20626,1639,6562,0,17104,0,130,1911,945,975,688,-452,-531,316,73,997,0
"2024-04-10",7,22257,23712,20235,1566,6562,0,17104,0,86,1653,864,929,341,-451,-418,421,444,997,0
"2024-04-10",8,21748,23187,19861,1493,6562,0,17104,0,204,1515,857,926,312,-432,-303,428,523,997,0
"2024-04-10",9,21508,23214,19615,1498,6562,0,17104,0,606,1701,994,986,-243,-300,-57,389,894,997,0
"2024-04-10",10,21422,22653,19514,1502,6562,0,17104,0,174,1510,1006,992,-289,-149,-119,386,972,997,0
"2024-04-10",11,21962,23428,20006,1521,6562,0,17104,0,9,1707,1006,992,-957,3,106,198,1343,998,0
"2024-04-10",12,22855,24377,20821,1540,6562,0,17104,0,7,2332,1003,987,-1015,151,25,184,1398,993,0
"2024-04-10",13,24531,25881,22411,1595,6562,1,17104,0,7,2650,585,672,-843,278,39,195,1397,741,0
"2024-04-10",14,25817,27149,23603,1649,6562,194,17104,0,3,2476,550,641,-829,184,103,196,1397,721,0
"2024-04-10",15,27570,28484,25099,1722,6562,666,17104,0,2,2546,744,579,-412,40,1,670,1397,860,0
"2024-04-10",16,28872,29745,26347,1795,6562,1337,17104,0,1,2776,759,579,-333,-39,0,705,1397,874,0
"2024-04-10",17,30406,31135,27597,1979,6562,2216,17104,0,2,2785,987,957,755,-185,-42,974,1397,988,0
"2024-04-10",18,30433,31252,27566,2162,6562,3064,17104,0,4,2731,1004,991,1003,-314,-1,993,1397,997,0
"2024-04-10",19,30611,31365,27772,2412,6562,3659,17104,0,5,3158,1004,991,1003,-249,0,999,1397,997,0
"2024-04-10",20,30393,31285,27618,2662,6562,4060,17104,0,6,3068,1003,991,1003,-349,-37,999,1397,996,0
"2024-04-10",21,29688,30926,26866,2921,6562,4256,17104,0,6,3022,1003,992,1003,-449,-283,999,1397,996,0
"2024-04-10",22,29315,30573,26629,3180,6562,4395,17104,0,5,3331,1003,991,1003,-451,-302,999,1397,996,0
"2024-04-10",23,29412,30463,26863,3379,6562,4173,17104,0,4,3771,1003,992,1004,-451,-96,999,1397,996,0
"2024-04-10",24,29708,30669,27200,3577,6562,3850,17104,0,10,4071,1003,991,1003,-451,0,999,1397,995,0
"2024-04-10",25,29990,30914,27532,3721,6562,3367,17104,0,11,4262,1003,992,1003,-398,-15,1000,1397,996,0
"2024-04-10",26,30122,31205,27778,3864,6562,3181,17104,0,11,4462,1003,991,1004,-375,-197,999,1396,996,0
"2024-04-10",27,30210,31245,27882,3986,6562,3004,17104,0,11,4382,1003,992,1002,-450,-74,999,1397,996,0
"2024-04-10",28,29893,30929,27669,4108,6562,2951,17104,0,11,4253,1003,991,1002,-451,-74,999,1396,996,0
"2024-04-10",29,29972,31197,27739,4172,6562,2753,17104,0,9,4136,984,991,1002,-375,-341,999,1395,996,0
"2024-04-10",30,30085,31410,27896,4236,6562,2109,17104,0,11,4042,983,991,1003,-357,-457,999,1371,996,0
"2024-04-10",31,30022,31218,27838,4262,6562,1858,17104,0,11,4012,1001,992,913,-355,-330,999,1002,996,0
"2024-04-10",32,30068,31295,27936,4288,6562,1610,17104,0,11,3980,1003,992,826,-381,-335,999,971,996,0
"2024-04-10",33,30302,31246,28149,4272,6562,1268,17104,0,10,4247,1003,992,-122,-251,-61,1007,1342,996,0
"2024-04-10",34,30674,31543,28479,4255,6562,1082,17104,0,10,4277,1003,992,-145,-213,-1,1007,1397,996,0
"2024-04-10",35,31365,32634,29154,4247,6562,876,17104,0,5,4757,1003,992,-626,-138,0,1018,1397,996,0
"2024-04-10",36,32083,33332,29851,4239,6562,623,17104,0,3,4503,1003,992,-664,-82,0,1009,1397,996,0
"2024-04-10",37,32050,33523,29828,4234,6562,417,17104,0,5,4551,1004,992,-967,-1,0,209,1397,997,0
"2024-04-10",38,31914,33447,29801,4229,6562,222,17104,0,5,4397,1004,992,-1013,-15,0,139,1397,997,0
"2024-04-10",39,31755,33516,29711,4211,6562,62,17104,0,5,4330,1005,992,-921,-45,0,-290,1397,998,0
"2024-04-10",40,31400,33194,29432,4193,6562,6,17104,0,5,4380,1005,992,-912,-56,0,-321,1374,997,0
"2024-04-10",41,31054,33017,29133,4202,6562,0,17104,0,4,4408,1005,991,-923,-70,0,-466,1006,998,0
"2024-04-10",42,30129,32253,28303,4211,6562,0,17104,0,5,4583,1004,992,-924,-219,0,-476,928,997,0
"2024-04-10",43,28867,31561,27189,4219,6562,0,17104,0,7,4672,867,992,-972,-326,0,-889,557,998,0
"2024-04-10",44,27162,29918,25659,4227,6562,0,17104,0,9,4712,851,984,-972,-356,0,-919,478,992,0
"2024-04-10",45,25226,28302,23969,4220,6562,0,17104,0,65,4936,399,502,-1014,-444,-49,-1004,109,637,0
"2024-04-10",46,23769,27327,22539,4212,6562,0,17104,0,501,4665,355,457,-1017,-450,-80,-1010,30,604,0
"2024-04-10",47,21815,25945,20760,4192,6562,0,17104,0,629,4307,128,476,-966,-450,-218,-1020,-347,557,0
"2024-04-10",48,21225,25342,20214,4172,6562,0,17104,0,343,4200,104,473,-965,-398,-487,-1021,-403,550,0
"2024-04-11",1,20476,25125,19407,4107,6562,0,17104,0,694,4427,-193,135,-953,-370,-510,-1021,-408,391,0
"2024-04-11",2,20149,24835,19104,4042,6562,0,17104,0,688,4356,-244,104,-952,-370,-502,-1021,-409,378,0
"2024-04-11",3,20149,24478,19172,3965,6562,0,17104,0,549,4352,-130,119,-1012,-370,-455,-904,-409,378,0
"2024-04-11",4,20138,24652,19216,3887,6562,0,17104,0,692,4444,-118,124,-1001,-370,-530,-895,-408,377,0
"2024-04-11",5,20159,24296,19271,3765,6562,0,17104,0,686,4515,-64,370,-566,-370,-531,-1012,-408,332,0
"2024-04-11",6,20059,24058,19177,3643,6562,0,17104,0,545,4438,-63,391,-562,-370,-531,-1020,-408,328,0
"2024-04-11",7,19503,24029,18507,3539,6562,0,17104,0,685,4149,-360,272,-650,-370,-531,-1021,-409,327,0
"2024-04-11",8,19432,23985,18439,3435,6562,0,17104,0,685,4373,-382,258,-656,-370,-531,-1021,-408,327,0
"2024-04-11",9,19284,23659,18353,3253,6562,0,17104,0,690,4521,-43,118,-858,-370,-531,-974,-409,370,0
"2024-04-11",10,19090,23407,18154,3071,6562,0,17104,0,678,4505,1,110,-883,-370,-531,-970,-385,372,0
"2024-04-11",11,19683,23736,18676,2961,6562,0,17104,0,676,4380,101,451,-1001,-370,-531,-965,-10,235,0
"2024-04-11",12,20511,24253,19466,2850,6562,0,17104,0,362,4119,114,485,-1015,-370,-531,-964,70,234,0
"2024-04-11",13,22568,26334,21385,2735,6562,0,17104,0,415,4199,303,618,-990,-423,-531,-907,441,912,0
"2024-04-11",14,23896,27176,22522,2620,6562,54,17104,0,9,3892,318,628,-894,-451,-531,-895,519,973,0
"2024-04-11",15,26150,27765,24614,2588,6562,349,17104,0,5,3724,128,435,-9,-451,-531,-119,890,988,0
"2024-04-11",16,27612,29147,26066,2555,6562,983,17104,0,8,4511,117,424,1,-450,-531,-46,968,989,0
"2024-04-11",17,29298,30786,27539,2564,6562,1714,17104,0,5,4291,749,875,379,-452,-531,748,1339,997,0
"2024-04-11",18,29299,30784,27552,2572,6562,2106,17104,0,3,4398,806,918,435,-451,-531,816,1394,998,0
"2024-04-11",19,29060,30550,27276,2608,6562,2808,17104,0,8,4192,987,985,8,-451,-531,987,1396,997,0
"2024-04-11",20,28675,30168,26912,2644,6562,3507,17104,0,11,4134,1004,992,0,-451,-531,999,1397,997,0
"2024-04-11",21,28346,29839,26574,2600,6562,4060,17104,0,11,4161,1004,991,487,-451,-531,779,1397,998,0
"2024-04-11",22,28212,29702,26443,2556,6562,4476,17104,0,8,4356,1004,991,587,-451,-531,763,1397,998,0
"2024-04-11",23,27923,29387,26134,2567,6562,4992,17104,0,11,4057,1004,991,786,-422,-531,983,1397,998,0
"2024-04-11",24,27594,28963,25733,2578,6562,5225,17104,0,11,3615,1004,991,788,-357,-501,999,1397,997,0
"2024-04-11",25,27149,28256,25312,2556,6562,5775,17104,0,9,3528,1004,991,591,-308,-290,925,1398,997,0
"2024-04-11",26,26920,28136,25103,2534,6562,5814,17104,0,11,3641,1004,991,549,-281,-424,919,1398,997,0
"2024-04-11",27,26497,27535,24639,2546,6562,6282,17104,0,12,3583,1004,992,8,-281,-245,865,1397,997,0
"2024-04-11",28,26060,27088,24192,2557,6562,6375,17104,0,11,3807,1004,992,0,-281,-236,861,1398,997,0
"2024-04-11",29,26065,27370,24198,2588,6562,5727,17104,0,6,3994,1004,992,-341,-281,-177,990,1397,997,0
"2024-04-11",30,26045,27422,24273,2618,6562,5094,17104,0,6,4314,1004,992,-396,-281,-194,999,1398,997,0
"2024-04-11",31,25924,27976,24148,2658,6562,4469,17104,0,7,4420,1004,992,-901,-248,-396,769,1398,997,0
"2024-04-11",32,26355,28417,24575,2698,6562,4352,17104,0,8,4713,1004,992,-942,-202,-410,744,1397,997,0
"2024-04-11",33,26807,28714,25019,2662,6562,3626,17104,0,7,4791,1005,992,-972,-114,-280,-34,1397,997,0
"2024-04-11",34,27523,29593,25700,2626,6562,2762,17104,0,5,4440,1005,992,-973,-116,-375,-101,1397,998,0
"2024-04-11",35,28684,30952,26794,2551,6562,2117,17104,0,1,4327,1005,992,-1007,-189,-444,-127,1397,998,0
"2024-04-11",36,29584,31938,27629,2475,6562,1516,17104,0,0,4391,1005,992,-1009,-264,-442,-139,1397,998,0
"2024-04-11",37,30179,33031,28171,2460,6562,923,17104,0,2,4372,1006,991,-1014,-235,-149,-952,1397,998,0
"2024-04-11",38,30454,33348,28372,2444,6562,493,17104,0,0,3962,1006,992,-1015,-325,-33,-1021,1397,998,0
"2024-04-11",39,30856,33915,28710,2457,6562,163,17104,0,0,3738,1006,991,-1015,-235,-288,-1021,1397,998,0
"2024-04-11",40,30665,33858,28562,2469,6562,8,17104,0,1,3390,1003,990,-1015,-240,-416,-1021,1397,998,0
"2024-04-11",41,30673,33757,28455,2533,6562,0,17104,0,1,3317,820,877,-1015,-329,-530,-709,1398,998,0
"2024-04-11",42,30035,33146,27794,2596,6562,0,17104,0,1,3254,805,868,-1015,-377,-531,-687,1399,997,0
"2024-04-11",43,28937,32083,26749,2691,6562,0,17104,0,3,2905,959,981,-1014,-373,-531,-725,1399,997,0
"2024-04-11",44,27524,30676,25430,2786,6562,0,17104,0,4,2999,972,988,-1015,-374,-531,-728,1398,997,0
"2024-04-11",45,26079,29445,24185,2870,6562,0,17104,0,6,3391,847,790,-1009,-326,-531,-994,1387,998,0
"2024-04-11",46,24540,28012,22815,2953,6562,0,17104,0,10,3439,834,772,-1008,-410,-531,-1013,1363,991,0
"2024-04-11",47,22768,26356,21262,3022,6562,0,17104,0,106,3598,666,812,-1015,-416,-531,-1020,993,502,0
"2024-04-11",48,21775,25685,20449,3090,6562,0,17104,0,473,4031,652,813,-1015,-370,-531,-1021,914,454,0
"2024-04-12",1,20623,24776,19384,3220,6562,0,17104,0,715,3970,788,664,-1016,-370,-531,-1021,543,183,0
"2024-04-12",2,20197,23877,19105,3349,6562,0,17104,0,244,3769,799,649,-1014,-370,-531,-1021,465,159,0
"2024-04-12",3,19859,23540,18856,3346,6562,0,17104,0,364,3892,795,624,-1007,-371,-531,-908,93,163,0
"2024-04-12",4,20030,23742,18978,3342,6562,0,17104,0,403,4023,790,620,-1007,-371,-531,-900,14,164,0
"2024-04-12",5,19378,23480,18418,3312,6562,0,17104,0,403,3935,448,490,-1004,-371,-531,-932,-361,171,0
"2024-04-12",6,18898,23083,17874,3282,6562,0,17104,0,404,3734,417,478,-1004,-371,-531,-934,-441,171,0
"2024-04-12",7,18670,23331,17607,3250,6562,0,17104,0,407,3880,443,448,-1014,-371,-531,-1014,-824,167,0
"2024-04-12",8,18537,23250,17390,3218,6562,0,17104,0,409,3757,440,443,-1014,-370,-531,-1020,-869,164,0
"2024-04-12",9,18444,22988,17323,3147,6562,0,17104,0,412,3938,219,274,-1016,-370,-531,-1021,-675,-19,0
"2024-04-12",10,18517,23177,17389,3075,6562,0,17104,0,570,3841,197,259,-1015,-370,-531,-1021,-622,-31,0
"2024-04-12",11,19260,23490,18017,2959,6562,0,17104,0,548,3555,333,229,-1015,-370,-531,-1021,-245,231,0
"2024-04-12",12,20090,23937,18799,2842,6562,0,17104,0,243,3654,344,225,-1016,-370,-531,-1021,-166,259,0
"2024-04-12",13,21910,25306,20520,2713,6562,1,17104,0,9,3721,335,162,-931,-404,-531,-1021,210,530,0
"2024-04-12",14,23365,26778,21784,2583,6562,134,17104,0,8,3719,334,163,-923,-450,-531,-1001,288,560,0
"2024-04-12",15,25683,27946,23855,2564,6562,572,17104,0,2,3409,354,544,-761,-450,-531,-19,660,911,0
"2024-04-12",16,26691,28873,24739,2544,6562,1191,17104,0,3,3140,367,586,-698,-450,-531,73,738,943,0
"2024-04-12",17,28176,29659,26064,2590,6562,1985,17104,0,2,2919,949,957,226,-450,-531,488,1108,993,0
"2024-04-12",18,27883,29369,25732,2636,6562,2928,17104,0,5,2752,1005,992,270,-450,-531,520,1139,997,0
"2024-04-12",19,27758,29251,25592,2693,6562,3871,17104,0,12,2732,1003,992,946,-450,-531,966,770,996,0
"2024-04-12",20,27082,28573,24866,2750,6562,4742,17104,0,10,2603,1004,992,1003,-450,-531,999,692,996,0
"2024-04-12",21,26340,27828,24209,2820,6562,5266,17104,0,7,2666,1004,992,1003,-450,-531,999,320,996,0
"2024-04-12",22,25945,27433,23753,2890,6562,5812,17104,0,7,2533,1003,988,1003,-450,-531,999,242,996,0
"2024-04-12",23,25209,26828,23072,2976,6562,6478,17104,0,6,2661,936,725,1002,-450,-531,975,-132,965,0
"2024-04-12",24,24474,26177,22307,3062,6562,7167,17104,0,11,2587,928,700,1003,-450,-531,973,-211,962,0
"2024-04-12",25,23892,25972,21830,3129,6562,7461,17104,0,10,2936,832,688,1003,-450,-531,997,-589,975,0
"2024-04-12",26,23349,25668,21362,3196,6562,7683,17104,0,173,3098,823,687,1003,-450,-531,999,-665,974,0
"2024-04-12",27,22674,25770,20825,3278,6562,7690,17104,0,634,3224,773,737,1003,-450,-531,999,-981,844,0
"2024-04-12",28,22321,25524,20521,3359,6562,7692,17104,0,702,3360,762,735,1003,-450,-531,999,-1020,829,0
"2024-04-12",29,21803,24875,20078,3395,6562,7474,17104,0,703,3628,237,302,975,-450,-531,898,-888,598,0
"2024-04-12",30,21597,24619,19965,3431,6562,7064,17104,0,697,3852,191,270,968,-450,-531,875,-844,581,0
"2024-04-12",31,21836,24273,20161,3496,6562,6405,17104,0,450,4067,450,814,271,-450,-531,-44,-462,802,0
"2024-04-12",32,22465,24663,20766,3561,6562,5883,17104,0,206,4118,476,866,210,-450,-531,-129,-382,824,0
"2024-04-12",33,23496,25792,21754,3513,6562,4961,17104,0,10,4303,949,945,-741,-450,-531,-57,-7,983,0
"2024-04-12",34,24643,27163,22829,3465,6562,3938,17104,0,10,4423,990,953,-978,-450,-531,-51,73,997,0
"2024-04-12",35,25896,28528,24176,3349,6562,3072,17104,0,6,4583,1004,989,-1014,-450,-531,-131,444,997,0
"2024-04-12",36,26450,29087,24701,3232,6562,2323,17104,0,4,4693,1005,992,-1015,-450,-531,-137,522,997,0
"2024-04-12",37,26974,29480,25260,3159,6562,1638,17104,0,1,4732,1005,992,-1015,-450,-531,-9,893,998,0
"2024-04-12",38,27365,29871,25752,3085,6562,1003,17104,0,3,4713,1004,992,-1016,-450,-531,-6,971,997,0
"2024-04-12",39,27654,30880,26101,3032,6562,361,17104,0,1,4465,914,992,-1016,-450,-531,-728,1342,997,0
"2024-04-12",40,28002,31285,26561,2978,6562,40,17104,0,1,4306,906,992,-1015,-450,-531,-786,1381,997,0
"2024-04-12",41,28489,31473,26966,2950,6562,0,17104,0,1,4413,951,965,-990,-450,-531,-512,1127,996,0
"2024-04-12",42,27982,30945,26614,2921,6562,0,17104,0,1,4583,955,963,-988,-450,-531,-493,1065,996,0
"2024-04-12",43,26848,29915,25581,2850,6562,0,17104,0,2,4691,1002,990,-912,-450,-531,-672,695,997,0
"2024-04-12",44,25979,29060,24616,2779,6562,0,17104,0,6,4518,1004,991,-909,-450,-531,-685,617,992,0
"2024-04-12",45,24553,27675,23402,2715,6562,0,17104,0,6,4516,867,903,-952,-450,-531,-683,246,675,0
"2024-04-12",46,23230,26358,22086,2651,6562,0,17104,0,10,4281,855,892,-954,-450,-531,-683,168,648,0
"2024-04-12",47,21927,25632,20849,2567,6562,0,17104,0,9,4288,781,724,-1008,-450,-531,-999,-208,704,0
"2024-04-12",48,21086,24898,20015,2482,6562,0,17104,0,11,4035,774,705,-1012,-450,-531,-1021,-287,710,0
"2024-04-13",1,20363,24558,19332,2443,6562,0,17104,0,12,4179,721,536,-1015,-450,-531,-1021,-666,748,0
"2024-04-13",2,20092,24368,19066,2404,6562,0,17104,0,12,4220,717,526,-1015,-450,-531,-1021,-747,755,0
"2024-04-13",3,19998,24475,18961,2329,6562,0,17104,0,11,3959,868,884,-862,-450,-531,-988,-1135,968,0
"2024-04-13",4,20028,24551,19039,2253,6562,0,17104,0,11,3901,880,914,-851,-450,-531,-985,-1195,987,0
"2024-04-13",5,19586,24160,18636,2173,6562,0,17104,0,11,3640,859,707,-876,-450,-531,-972,-1234,996,0
"2024-04-13",6,19171,23686,18172,2092,6562,0,17104,0,9,3461,857,689,-878,-386,-531,-971,-1240,997,0
"2024-04-13",7,18731,23325,17694,2010,6562,0,17104,0,6,3440,843,807,-998,-301,-531,-1018,-1240,997,0
"2024-04-13",8,18424,23005,17375,1927,6562,0,17104,0,7,3391,842,817,-1003,-300,-531,-1021,-1219,997,0
"2024-04-13",9,18364,22649,17298,1911,6562,0,17104,0,6,3344,860,748,-980,-364,-531,-1021,-883,998,0
"2024-04-13",10,18121,22411,17006,1895,6562,0,17104,0,7,3294,862,745,-978,-450,-525,-1021,-809,996,0
"2024-04-13",11,18590,21913,17422,1877,6562,0,17104,0,5,2727,859,970,-998,-450,-322,-621,-427,817,0
"2024-04-13",12,18766,21827,17554,1859,6562,0,17104,0,7,2706,859,989,-999,-450,-166,-591,-348,799,0
"2024-04-13",13,19501,21688,18274,1878,6562,2,17104,0,7,2828,884,941,-1015,-450,-144,-71,29,711,0
"2024-04-13",14,19938,21980,18726,1896,6562,161,17104,0,9,2658,887,936,-1015,-450,-36,-32,108,706,0
"2024-04-13",15,21054,22989,19744,2020,6562,635,17104,0,109,2700,950,926,-813,-450,-63,489,478,974,0
"2024-04-13",16,21722,23588,20411,2143,6562,1254,17104,0,127,2657,948,923,-783,-450,-6,527,545,998,0
"2024-04-13",17,22662,23979,21358,2342,6562,1883,17104,0,127,3359,433,821,-165,-450,-75,547,731,999,0
"2024-04-13",18,23003,24206,21587,2540,6562,2468,17104,0,124,3712,393,812,-127,-450,-2,548,735,999,0
"2024-04-13",19,23271,24736,21717,2760,6562,3266,17104,0,353,3384,877,848,659,-450,-162,717,364,997,0
"2024-04-13",20,22923,24743,21528,2980,6562,4026,17104,0,712,3902,908,850,843,-446,-162,730,285,993,0
"2024-04-13",21,22017,24021,20589,3237,6562,4802,17104,0,650,4604,331,691,568,-342,-424,848,-88,767,0
"2024-04-13",22,21609,23729,20287,3493,6562,5557,17104,0,634,5011,284,681,579,-287,-531,856,-168,750,0
"2024-04-13",23,20977,23549,19758,3744,6562,6296,17104,0,712,4737,934,965,999,-315,-501,990,-544,976,0
"2024-04-13",24,20026,22735,18912,3994,6562,6948,17104,0,709,4564,990,992,1003,-345,-530,999,-625,996,0
"2024-04-13",25,19632,22584,18529,4143,6562,7192,17104,0,567,4442,1002,992,1003,-345,-531,999,-1009,946,0
"2024-04-13",26,19334,22455,18289,4292,6562,7379,17104,0,670,4454,1001,991,1003,-345,-531,999,-1075,943,0
"2024-04-13",27,19043,22267,17873,4441,6562,7114,17104,0,630,4628,720,904,1003,-345,-531,999,-1218,992,0
"2024-04-13",28,18517,22157,17289,4589,6562,7042,17104,0,994,4498,691,889,1001,-375,-531,999,-1240,996,0
"2024-04-13",29,17657,21292,16448,4661,6562,6963,17104,0,915,4516,325,429,508,-450,-531,628,-1239,997,0
"2024-04-13",30,17371,21070,16224,4733,6562,6665,17104,0,979,4392,291,388,457,-450,-531,600,-1239,987,0
"2024-04-13",31,17396,21035,16310,4795,6562,6525,17104,0,918,4856,312,551,9,-450,-531,108,-1240,369,0
"2024-04-13",32,18007,21619,16922,4856,6562,5939,17104,0,977,4980,313,567,1,-436,-460,71,-1239,317,0
"2024-04-13",33,18771,22530,17722,4857,6562,4948,17104,0,863,5264,324,620,-540,-310,-173,-133,-1240,480,0
"2024-04-13",34,20339,23262,19172,4857,6562,3593,17104,0,186,5386,325,625,-659,-190,-1,-148,-1239,501,0
"2024-04-13",35,22109,25676,20878,4758,6562,2659,17104,0,132,5557,370,615,-965,-288,-71,-371,-1240,863,0
"2024-04-13",36,23368,26772,22049,4659,6562,2163,17104,0,2,5399,381,619,-1010,-291,47,-386,-1215,896,0
"2024-04-13",37,24955,28005,23437,4428,6562,1543,17104,0,6,5210,915,953,-1015,-413,-117,-172,-827,988,0
"2024-04-13",38,25290,28273,23747,4196,6562,889,17104,0,1,5188,964,983,-1014,-394,-170,-157,-747,997,0
"2024-04-13",39,25146,28073,23674,3936,6562,506,17104,0,4,5029,921,955,-829,-445,-433,-322,-394,998,0
"2024-04-13",40,25506,28377,23976,3676,6562,70,17104,0,5,4982,912,953,-807,-450,-452,-334,-323,997,0
"2024-04-13",41,25718,27890,24117,3503,6562,0,17104,0,2,4837,551,940,-386,-450,-529,-284,-21,998,0
"2024-04-13",42,25779,27849,24036,3329,6562,0,17104,0,1,4757,526,939,-307,-451,-531,-280,9,998,0
"2024-04-13",43,25265,26988,23565,3211,6562,0,17104,0,5,4283,918,959,93,-451,-531,211,-236,998,0
"2024-04-13",44,24685,26469,23089,3093,6562,0,17104,0,8,4339,953,960,111,-450,-531,242,-295,993,0
"2024-04-13",45,23706,26365,22211,3007,6562,0,17104,0,6,4508,799,909,-89,-450,-531,-423,-660,726,0
"2024-04-13",46,22916,25793,21506,2920,6562,0,17104,0,125,4596,776,896,-104,-450,-531,-476,-691,703,0
"2024-04-13",47,21082,24406,19749,2871,6562,0,17104,0,748,4559,-172,371,-390,-450,-531,-218,-315,723,0
"2024-04-13",48,20171,23450,18937,2821,6562,0,17104,0,615,4511,-295,315,-432,-450,-531,-200,-256,726,0
"2024-04-14",1,19768,23900,18551,2780,6562,0,17104,0,663,4729,-483,-89,-645,-429,-531,-603,-189,727,0
"2024-04-14",2,19488,23946,18313,2738,6562,0,17104,0,944,4730,-496,-125,-661,-387,-531,-632,-182,727,0
"2024-04-14",3,19394,23224,18286,2739,6562,0,17104,0,939,4456,-305,41,-534,-354,-531,-422,-245,681,0
"2024-04-14",4,19446,23140,18438,2740,6562,0,17104,0,865,4545,-283,56,-524,-330,-531,-407,-254,677,0
"2024-04-14",5,19199,22577,18201,2672,6562,0,17104,0,922,4614,-76,18,-497,-330,-531,-274,-248,678,0
"2024-04-14",6,18735,22137,17698,2604,6562,0,17104,0,975,4276,-57,12,-499,-330,-531,-265,-245,678,0
"2024-04-14",7,17995,22336,16936,2546,6562,0,17104,0,977,4130,-190,-238,-850,-330,-531,-514,-211,658,0
"2024-04-14",8,17842,22236,16696,2487,6562,0,17104,0,980,4214,-201,-258,-856,-330,-531,-532,-206,656,0
"2024-04-14",9,17869,22148,16721,2358,6562,0,17104,0,968,4241,-171,-80,-941,-330,-531,-544,-214,640,0
"2024-04-14",10,17751,22003,16560,2228,6562,0,17104,0,966,4186,-169,-57,-947,-330,-531,-544,-208,636,0
"2024-04-14",11,18079,21684,16728,2094,6562,0,17104,0,935,3539,88,331,-977,-330,-531,-235,-97,515,0
"2024-04-14",12,18092,21599,16696,1959,6562,0,17104,0,899,3408,135,363,-977,-330,-531,-214,-56,508,0
"2024-04-14",13,18592,21781,17086,1843,6562,9,17104,0,891,3183,100,69,-937,-330,-531,100,318,708,0
"2024-04-14",14,19006,22099,17368,1726,6562,265,17104,0,796,2767,96,52,-919,-347,-531,123,390,728,0
"2024-04-14",15,20043,22175,18286,1740,6562,890,17104,0,494,1872,-40,763,-184,-383,-531,562,658,854,0
"2024-04-14",16,20224,22244,18632,1754,6562,1778,17104,0,421,1978,-7,830,-139,-422,-531,594,699,866,0
"2024-04-14",17,20967,22958,19298,1862,6562,2892,17104,0,510,1876,110,891,567,-450,-531,608,735,910,0
"2024-04-14",18,20886,23068,19152,1970,6562,4096,17104,0,701,2564,122,895,709,-450,-531,609,756,913,0
"2024-04-14",19,20796,22745,19010,2020,6562,5148,17104,0,468,2749,198,807,949,-450,-531,813,994,839,0
"2024-04-14",20,20439,22278,18659,2069,6562,6232,17104,0,358,2884,205,794,954,-450,-531,828,1045,834,0
"2024-04-14",21,19902,22082,18175,2109,6562,7019,17104,0,699,2739,296,528,978,-450,-531,828,1296,985,0
"2024-04-14",22,19448,21565,17824,2149,6562,7669,17104,0,636,2583,305,502,979,-450,-531,828,1337,996,0
"2024-04-14",23,19431,21299,17866,2284,6562,8260,17104,0,387,2826,312,380,1002,-450,-531,988,1390,833,0
"2024-04-14",24,19361,21188,17715,2419,6562,8450,17104,0,346,2664,312,368,1003,-450,-531,999,1399,821,0
"2024-04-14",25,19462,21381,17874,2563,6562,8704,17104,0,440,2990,224,307,1003,-448,-531,999,1398,984,0
"2024-04-14",26,19373,21243,17860,2707,6562,8553,17104,0,401,3095,217,307,1003,-450,-519,999,1398,999,0
"2024-04-14",27,19431,21381,17924,2847,6562,8573,17104,0,652,3039,298,673,1004,-440,-358,999,1399,998,0
"2024-04-14",28,19097,20995,17670,2987,6562,8203,17104,0,471,2983,308,708,1003,-416,-511,999,1399,999,0
"2024-04-14",29,19236,21072,17833,3086,6562,7246,17104,0,551,2876,586,796,914,-277,-508,996,1399,999,0
"2024-04-14",30,19237,21047,17897,3185,6562,6649,17104,0,545,2614,608,805,906,-235,-530,994,1386,998,0
"2024-04-14",31,19717,21060,18406,3254,6562,6202,17104,0,252,3483,566,894,606,-103,-488,502,1190,998,0
"2024-04-14",32,20560,21808,19173,3323,6562,5674,17104,0,271,3925,565,901,558,-139,-338,466,1173,998,0
"2024-04-14",33,21978,22636,20477,3335,6562,4304,17104,0,14,3655,723,836,257,-86,-58,871,1368,997,0
"2024-04-14",34,23391,23898,21735,3346,6562,3530,17104,0,7,3751,744,832,252,64,0,900,1397,997,10
"2024-04-14",35,25358,26020,23543,3332,6562,2778,17104,0,1,3620,979,978,-161,205,20,988,1397,997,645
"2024-04-14",36,26747,27496,24859,3317,6562,2114,17104,0,6,3748,1004,992,-243,207,1,993,1397,997,705
"2024-04-14",37,26868,27651,24980,3232,6562,1381,17104,0,7,3744,1005,992,-276,333,0,459,1397,997,781
"2024-04-14",38,27192,27972,25417,3146,6562,924,17104,0,0,3750,1005,992,-280,359,0,419,1397,998,785
"2024-04-14",39,26987,28019,25276,3088,6562,447,17104,0,0,3817,1005,992,-532,367,0,384,1397,998,557
"2024-04-14",40,27211,28264,25465,3030,6562,88,17104,0,0,3759,1005,992,-553,227,117,382,1397,998,536
"2024-04-14",41,27184,28694,25535,3047,6562,0,17104,0,0,3751,1004,992,-1010,88,12,603,1397,997,595
"2024-04-14",42,27020,28535,25396,3063,6562,0,17104,0,0,3620,1004,992,-1015,31,0,619,1381,997,581
"2024-04-14",43,25786,27633,24209,3153,6562,0,17104,0,3,3680,1005,992,-1015,14,0,378,1139,998,-329
"2024-04-14",44,24705,26734,23268,3243,6562,0,17104,0,7,3843,996,991,-1016,12,-77,323,1079,998,-429
"2024-04-14",45,23240,26442,21962,3353,6562,0,17104,0,7,4087,594,948,-1016,108,-27,-885,709,998,-767
"2024-04-14",46,21876,25494,20724,3462,6562,0,17104,0,15,4101,557,940,-1014,24,-274,-1015,631,957,-800
"2024-04-14",47,20343,24659,19315,3594,6562,0,17104,0,406,4386,816,720,-1014,64,-322,-1020,260,-254,-800
"2024-04-14",48,19658,24391,18617,3725,6562,0,17104,0,834,4487,831,690,-1015,187,-170,-1021,181,-393,-800
"2024-04-15",1,18599,24005,17580,3785,6562,0,17104,0,973,4460,-48,112,-1015,87,-8,-1021,-193,-848,-800
"2024-04-15",2,18332,23941,17289,3845,6562,0,17143,0,964,4499,-152,57,-1016,0,0,-1021,-271,-885,-800
"2024-04-15",3,18179,23899,17204,3916,6562,0,17143,0,950,4675,-58,-34,-1016,-44,0,-1021,-652,-645,-800
"2024-04-15",4,18260,24154,17322,3986,6562,0,17143,0,955,4678,-11,-46,-1015,-192,126,-1021,-733,-621,-800
"2024-04-15",5,18018,24463,17095,4009,6562,0,17143,0,941,4512,188,-291,-1015,-286,244,-1021,-1119,-472,-800
"2024-04-15",6,17951,24496,16999,4031,6562,0,17143,0,942,4368,205,-317,-1015,-300,390,-1021,-1191,-459,-800
"2024-04-15",7,17386,24245,16221,4053,6562,0,17143,0,934,3912,145,-457,-1016,-269,183,-1021,-1417,-445,-800
"2024-04-15",8,17226,24033,15994,4075,6562,0,17143,0,935,3894,141,-476,-1015,-163,51,-1020,-1451,-447,-800
"2024-04-15",9,17135,24336,15848,4132,6562,0,17143,0,860,4407,213,-825,-1016,-26,17,-978,-1451,-745,-800
"2024-04-15",10,17308,24622,16025,4188,6562,0,17143,0,929,4580,226,-854,-1016,63,-42,-975,-1427,-771,-800
"2024-04-15",11,18223,24927,16866,4213,6562,0,17143,0,919,4439,456,-643,-1014,207,-225,-857,-1036,-710,-800
"2024-04-15",12,18918,25113,17546,4237,6562,0,17143,0,727,4281,477,-596,-1015,174,-63,-849,-954,-691,-800
"2024-04-15",13,21322,25084,19797,4270,6562,1,17143,0,107,4024,154,476,-1015,207,-233,-537,-570,142,-800
"2024-04-15",14,23279,26646,21571,4302,6562,94,17143,0,12,4166,142,593,-1016,207,-52,-498,-489,227,-800
"2024-04-15",15,25888,28067,23978,4372,6562,490,17143,0,8,3071,929,957,-758,233,0,456,-113,934,-800
"2024-04-15",16,27104,29117,25094,4441,6562,876,17143,0,3,4066,1004,991,-681,87,63,545,-33,997,-796
"2024-04-15",17,28401,29611,26349,4561,6562,1308,17143,0,11,4648,1003,992,478,-29,-103,968,340,996,-567
"2024-04-15",18,28380,29632,26267,4681,6562,1880,17143,0,14,4424,1003,991,591,-170,-24,999,418,996,-544
"2024-04-15",19,28868,30007,26760,4791,6562,2386,17143,0,9,4536,1003,992,947,-164,0,999,788,996,-466
"2024-04-15",20,28400,29450,26321,4901,6562,3755,17143,0,17,4759,1003,992,953,-75,0,999,824,997,-458
"2024-04-15",21,27267,28359,25292,4967,6562,5236,17143,0,18,4616,1004,992,537,-195,0,999,520,997,-379
"2024-04-15",22,26525,27612,24657,5033,6562,6316,17143,0,15,4270,1004,992,490,-195,-11,999,452,996,-366
"2024-04-15",23,25496,26334,23630,5093,6562,7344,17143,0,15,4214,1003,991,-171,-116,-5,999,82,996,-31
"2024-04-15",24,24845,25666,23019,5153,6562,7640,17143,0,24,3916,1004,991,-204,-85,0,1000,2,997,-8
"2024-04-15",25,24053,26182,22308,5181,6562,8829,17143,0,160,4171,1003,991,-532,-51,0,999,-374,996,-512
"2024-04-15",26,23811,26356,22100,5208,6562,8847,17143,0,369,4447,1003,991,-554,-106,0,999,-453,996,-563
"2024-04-15",27,23340,26782,21696,5239,6562,9032,17143,0,284,4792,990,978,-980,-66,0,907,-836,997,-776
"2024-04-15",28,22900,26669,21303,5269,6562,8974,17143,0,399,4879,988,977,-983,-201,0,900,-890,996,-796
"2024-04-15",29,22640,26514,21036,5261,6562,8603,17143,0,532,4978,1003,990,-1013,-212,0,700,-847,996,-770
"2024-04-15",30,22455,26174,20867,5253,6562,8263,17143,0,392,4913,994,989,-1015,-228,0,685,-817,997,-767
"2024-04-15",31,22210,25551,20583,5245,6562,7694,17143,0,388,5082,573,840,-1016,-209,0,168,-435,997,-793
"2024-04-15",32,22975,26016,21325,5237,6562,7100,17143,0,262,5380,534,828,-1015,-113,0,130,-354,996,-797
"2024-04-15",33,24183,26768,22426,5205,6562,6140,17143,0,253,5182,966,978,-970,-62,0,496,21,996,-800
"2024-04-15",34,25161,27436,23338,5173,6562,5082,17143,0,12,4669,1004,992,-965,9,0,523,100,997,-798
"2024-04-15",35,26807,28947,24831,5099,6562,4059,17143,0,3,4439,1003,992,-910,-30,0,985,471,996,-697
"2024-04-15",36,27900,29442,25873,5024,6562,3217,17143,0,3,4656,1003,991,-358,64,0,1019,549,996,-681
"2024-04-15",37,29022,29775,27002,4880,6562,2010,17143,0,1,4716,1003,991,256,70,0,1014,919,996,-252
"2024-04-15",38,29929,30636,27903,4735,6562,1413,17143,0,0,4305,1003,992,286,16,0,1013,996,997,-207
"2024-04-15",39,30435,31038,28418,4641,6562,574,17143,0,0,4223,1003,991,-103,0,0,1018,1345,996,110
"2024-04-15",40,30548,31153,28524,4546,6562,109,17143,0,0,3950,1003,991,-105,19,0,1019,1397,996,139
"2024-04-15",41,30221,31165,28200,4519,6562,0,17143,0,2,3808,1003,991,-379,-63,0,1019,1397,996,12
"2024-04-15",42,30161,31268,28136,4492,6562,0,17143,0,1,3823,1003,992,-388,-215,0,1019,1379,996,-3
"2024-04-15",43,28963,30383,27018,4499,6562,0,17143,0,1,3891,1003,991,-344,-281,0,1001,1089,996,-294
"2024-04-15",44,27561,29121,25759,4505,6562,0,17143,0,11,4141,1003,991,-356,-366,0,999,1023,996,-327
"2024-04-15",45,25768,28104,24060,4492,6562,0,17143,0,10,4202,1004,992,-812,-350,0,622,653,997,-664
"2024-04-15",46,24269,27072,22681,4478,6562,0,17143,0,343,3807,993,978,-818,-445,0,568,575,987,-697
"2024-04-15",47,22048,25948,20677,4460,6562,0,17143,0,643,4130,433,137,-1008,-450,0,-510,204,451,-789
"2024-04-15",48,21265,25475,19982,4442,6562,0,17143,0,830,4187,378,62,-1014,-450,0,-618,125,403,-798
"2024-04-16",1,20292,25039,19070,4318,6562,0,17143,0,964,4319,-27,315,-1015,-421,0,-771,-251,385,-798
"2024-04-16",2,20020,24888,18727,4193,6562,0,17143,0,962,4082,-103,341,-1014,-380,0,-781,-330,381,-798
"2024-04-16",3,20161,24871,18867,4165,6562,0,17143,0,958,4210,67,506,-1015,-380,0,-349,-710,307,-798
"2024-04-16",4,20162,24923,18900,4136,6562,0,17143,0,960,4149,121,521,-1014,-380,0,-318,-791,304,-798
"2024-04-16",5,19840,24839,18641,4062,6562,0,17143,0,951,4111,24,452,-1015,-380,0,-197,-1178,559,-778
"2024-04-16",6,19490,24447,18298,3988,6562,0,17143,0,850,3939,0,445,-1014,-380,0,-189,-1248,583,-776
"2024-04-16",7,19412,24458,18156,3941,6562,0,17143,0,929,3872,250,394,-1016,-380,0,160,-1425,595,-796
"2024-04-16",8,19329,24407,17969,3893,6562,0,17143,0,934,3867,267,389,-1015,-380,0,175,-1451,598,-798
"2024-04-16",9,19126,24631,17716,3782,6562,0,17143,0,730,3625,45,405,-1015,-380,0,-631,-1451,689,-798
"2024-04-16",10,19119,24384,17700,3670,6562,0,17143,0,861,3585,3,409,-1014,-380,0,-697,-1427,695,-386
"2024-04-16",11,19928,23906,18394,3586,6562,0,17143,0,924,3234,308,601,-1015,-380,0,-123,-1036,509,0
"2024-04-16",12,20769,24569,19249,3501,6562,0,17143,0,844,3475,347,624,-1015,-410,0,-77,-954,501,0
"2024-04-16",13,23070,26112,21397,3433,6562,20,17143,0,515,3078,945,960,-1015,-442,0,588,-570,955,0
"2024-04-16",14,24900,27281,23053,3364,6562,292,17143,0,17,3083,1004,991,-1016,-359,0,641,-489,996,0
"2024-04-16",15,27077,28790,24974,3425,6562,851,17143,0,8,2870,1003,991,-652,-440,0,975,-113,996,0
"2024-04-16",16,28033,29596,25733,3486,6562,1492,17143,0,9,3046,1003,991,-571,-450,0,1000,-33,996,0
"2024-04-16",17,29048,30004,26660,3574,6562,2093,17143,0,6,2949,1003,991,370,-450,0,999,340,996,0
"2024-04-16",18,28724,29683,26326,3662,6562,3053,17143,0,9,3060,1003,992,443,-450,0,999,418,996,0
"2024-04-16",19,28883,29845,26459,3692,6562,4025,17143,0,12,3037,1003,991,962,-450,0,999,788,996,0
"2024-04-16",20,28391,29349,25968,3722,6562,4516,17143,0,8,2519,1003,991,1003,-450,0,999,827,996,0
"2024-04-16",21,27983,28942,25507,3630,6562,5310,17143,0,9,2302,1003,991,1003,-450,0,999,557,997,0
"2024-04-16",22,27570,28481,25093,3538,6562,5512,17143,0,8,2252,1003,991,1003,-403,0,999,504,996,0
"2024-04-16",23,27184,28029,24777,3514,6562,6083,17143,0,5,2048,1003,992,1003,-340,0,999,284,996,0
"2024-04-16",24,26913,27718,24446,3490,6562,6491,17143,0,7,1865,1003,992,1003,-298,0,999,258,997,0
"2024-04-16",25,26325,27074,23927,3452,6562,6973,17143,0,9,1740,1003,992,911,-240,0,999,356,997,0
"2024-04-16",26,25665,26417,23279,3413,6562,7173,17143,0,12,1631,1003,991,903,-240,0,999,354,996,0
"2024-04-16",27,25034,25786,22659,3401,6562,7744,17143,0,12,1470,1003,992,972,-240,0,999,75,996,0
"2024-04-16",28,24542,25292,22162,3389,6562,7790,17143,0,10,1426,1003,992,977,-240,0,999,39,996,0
"2024-04-16",29,24625,25379,22231,3355,6562,6981,17143,0,14,1413,1003,992,871,-240,0,999,131,997,55
"2024-04-16",30,24634,25414,22310,3321,6562,7338,17143,0,14,1382,1004,992,863,-266,0,999,168,997,77
"2024-04-16",31,24271,25121,22087,3282,6562,7483,17143,0,14,1304,1003,992,673,-301,0,999,539,997,-35
"2024-04-16",32,24935,25806,22889,3242,6562,6700,17143,0,17,1601,1003,992,626,-301,0,999,617,997,-53
"2024-04-16",33,25665,27372,23620,3197,6562,5784,17143,0,18,2265,1003,992,-383,-301,0,999,988,997,-505
"2024-04-16",34,26849,28677,24882,3151,6562,5100,17143,0,18,2657,1003,992,-458,-301,0,999,1061,996,-551
"2024-04-16",35,28528,30819,26602,3024,6562,4105,17143,0,18,3333,1003,992,-698,-301,0,999,1354,996,-774
"2024-04-16",36,29824,32169,27826,2896,6562,3364,17143,0,16,3994,1003,991,-733,-301,0,999,1397,996,-795
"2024-04-16",37,30548,33165,28482,2657,6562,2217,17143,0,11,4065,1004,992,-1010,-301,0,626,1397,997,-795
"2024-04-16",38,31283,33900,29212,2418,6562,1266,17143,0,6,4178,1004,991,-1015,-301,0,599,1397,997,-795
"2024-04-16",39,31890,34512,29784,2266,6562,569,17143,0,11,3751,1003,992,-1015,-301,0,741,1397,997,-795
"2024-04-16",40,31847,34438,29643,2113,6562,105,17143,0,5,3553,1003,992,-1015,-301,0,750,1397,997,-770
"2024-04-16",41,32238,33787,29996,2063,6562,0,17143,0,1,3562,1003,991,-747,-301,0,983,1397,997,285
"2024-04-16",42,31511,33044,29264,2013,6562,0,17143,0,6,3552,1003,992,-726,-301,0,999,1397,998,387
"2024-04-16",43,30300,31733,28091,2015,6562,0,17143,0,6,3667,1004,991,-535,-301,0,700,1397,997,-91
"2024-04-16",44,29174,30627,27039,2017,6562,0,17143,0,1,3707,1004,991,-520,-301,0,673,1396,997,-131
"2024-04-16",45,27440,29311,25410,2044,6562,0,17143,0,4,3696,1005,991,-975,-365,0,-27,1397,998,301
"2024-04-16",46,25903,27947,23972,2070,6562,0,17143,0,12,3463,1005,992,-1012,-450,0,-70,1397,998,333
"2024-04-16",47,24202,26446,22442,2119,6562,0,17143,0,10,3207,1005,991,-1015,-450,0,840,1397,997,-269
"2024-04-16",48,23168,25518,21493,2168,6562,0,17143,0,55,2953,1004,992,-1015,-450,0,922,1397,996,-330
"2024-04-17",1,22254,25226,20597,2173,6562,0,17143,0,428,2968,1005,992,-1014,-438,0,668,1397,997,-592
"2024-04-17",2,22004,25491,20370,2177,6562,0,17143,0,941,2841,1005,992,-1013,-420,0,649,1397,997,-613
"2024-04-17",3,22020,25260,20459,2256,6562,0,17143,0,956,2774,1005,991,-1008,-420,0,399,1396,996,-356
"2024-04-17",4,22053,25223,20596,2335,6562,0,17143,0,908,2885,1005,992,-1007,-420,0,382,1393,997,-335
"2024-04-17",5,21741,25123,20260,2361,6562,0,17143,0,924,2907,1005,992,-1015,-420,0,132,1326,998,-523
"2024-04-17",6,21661,25005,20215,2387,6562,0,17143,0,865,3071,1006,992,-1015,-420,0,112,1318,997,-544
"2024-04-17",7,21021,25181,19564,2430,6562,0,17143,0,954,3116,1007,992,-1016,-433,0,-483,1359,997,-774
"2024-04-17",8,20906,25028,19453,2473,6562,0,17143,0,831,3194,1006,992,-1016,-450,0,-529,1352,997,-796
"2024-04-17",9,20634,25288,19229,2471,6562,0,17143,0,905,3310,933,992,-1016,-450,0,-987,1144,998,-796
"2024-04-17",10,20685,25411,19249,2468,6562,0,17143,0,944,3218,917,987,-1015,-450,0,-1021,1097,995,-796
"2024-04-17",11,21043,25413,19606,2462,6562,0,17143,0,588,3235,504,696,-1015,-450,0,-1021,835,821,-796
"2024-04-17",12,22003,25984,20458,2455,6562,0,17143,0,221,3286,459,667,-1016,-427,0,-1021,801,795,-796
"2024-04-17",13,23563,26946,21837,2471,6562,31,17143,0,10,3754,343,541,-997,-306,0,-774,875,151,-796
"2024-04-17",14,25446,28784,23498,2486,6562,436,17143,0,10,3631,332,529,-994,-288,0,-756,886,107,-790
"2024-04-17",15,27832,30853,25632,2595,6562,1288,17143,0,4,3262,411,518,-1004,-425,0,-749,882,880,-339
"2024-04-17",16,28299,31290,25928,2704,6562,2324,17143,0,11,3046,426,524,-1003,-450,0,-737,905,949,-290
"2024-04-17",17,30025,31527,27415,2828,6562,3276,17143,0,11,2775,958,951,-541,-450,0,89,1275,992,72
"2024-04-17",18,29451,30912,26871,2952,6562,4205,17143,0,10,2730,1006,992,-501,-450,0,167,1334,997,106
"2024-04-17",19,29240,30438,26576,3006,6562,5167,17143,0,9,2273,1005,992,-239,-450,0,914,1389,996,116
"2024-04-17",20,28225,29418,25539,3059,6562,5778,17143,0,7,2142,1005,992,-236,-450,0,976,1397,996,112
"2024-04-17",21,27186,29190,24595,3014,6562,6812,17143,0,7,2128,1004,992,-770,-450,0,1017,1397,996,-277
"2024-04-17",22,26506,28537,23971,2968,6562,7407,17143,0,5,2081,1004,992,-759,-450,0,1019,1397,997,-317
"2024-04-17",23,26351,27737,23860,2953,6562,7815,17143,0,7,1923,1004,992,97,-450,0,885,1397,997,-429
"2024-04-17",24,25914,27306,23394,2938,6562,7982,17143,0,7,1668,1004,992,116,-450,0,876,1397,997,-435
"2024-04-17",25,25973,27025,23443,2922,6562,8111,17143,0,3,1400,1004,992,158,-450,0,1010,1397,997,-99
"2024-04-17",26,25669,26657,23099,2905,6562,7847,17143,0,3,1023,1004,992,166,-410,0,1019,1397,997,-75
"2024-04-17",27,25733,27192,23132,2835,6562,7705,17143,0,3,538,1004,991,803,-402,0,1019,1397,996,-554
"2024-04-17",28,25307,26753,22719,2765,6562,7769,17143,0,3,322,1004,992,857,-344,0,1019,1397,997,-599
"2024-04-17",29,25297,26590,22735,2717,6562,7242,17143,0,4,253,1004,992,789,-242,0,1001,1397,997,-547
"2024-04-17",30,25419,26680,22875,2669,6562,6955,17143,0,9,170,1004,992,730,-215,0,999,1397,997,-537
"2024-04-17",31,25380,26350,22814,2576,6562,6006,17143,0,11,79,1004,992,8,-185,0,999,1398,996,-274
"2024-04-17",32,25916,26867,23288,2483,6562,4740,17143,0,10,109,1004,992,0,-195,0,999,1398,996,-246
"2024-04-17",33,27160,28356,24451,2368,6562,4574,17143,0,13,80,1004,992,-612,-49,0,999,1398,997,-22
"2024-04-17",34,28624,29944,25796,2253,6562,4346,17143,0,17,-232,1004,992,-763,-33,0,999,1397,997,-7
"2024-04-17",35,29675,31410,26728,2106,6562,3610,17143,0,17,-553,1005,992,-784,17,0,644,1398,998,-434
"2024-04-17",36,30368,32155,27393,1958,6562,2529,17143,0,17,-729,1005,991,-785,-10,0,574,1397,994,-475
"2024-04-17",37,30959,33696,28045,1723,6562,1974,17143,0,12,-54,981,967,-949,64,0,-689,1398,810,-587
"2024-04-17",38,31552,34449,28590,1488,6562,1334,17143,0,9,-312,979,965,-961,86,0,-832,1398,795,-595
"2024-04-17",39,32156,34870,29216,1322,6562,578,17143,0,6,-355,901,989,-1013,-13,0,-681,1398,916,-501
"2024-04-17",40,32175,34976,29238,1155,6562,119,17143,0,7,-492,894,992,-1015,-123,0,-670,1398,928,-486
"2024-04-17",41,32398,34328,29414,1107,6562,0,17143,0,9,-724,803,978,-940,-274,0,-175,1398,973,-32
"2024-04-17",42,32249,34217,29182,1058,6562,0,17143,0,6,-912,799,976,-933,-390,0,-139,1398,977,19
"2024-04-17",43,31514,33607,28538,1049,6562,0,17143,0,7,-1327,988,991,-1009,-450,0,51,1399,995,-127
"2024-04-17",44,30217,32336,27415,1040,6562,0,17143,0,9,-1501,999,991,-1015,-450,0,65,1399,997,-145
"2024-04-17",45,28421,30999,25722,1025,6562,0,17143,0,9,-1553,623,932,-1014,-450,0,-322,1399,997,-283
"2024-04-17",46,27170,29795,24599,1009,6562,0,17143,0,12,-1582,590,927,-1014,-451,0,-349,1399,997,-299
"2024-04-17",47,25168,27582,22729,978,6562,0,17143,0,11,-1481,881,957,-968,-451,0,109,1399,960,-484
"2024-04-17",48,23770,26193,21458,946,6562,0,17143,0,8,-1382,907,960,-964,-451,0,144,1399,957,-500
"2024-04-18",1,23144,25412,20915,885,6562,0,17143,0,8,-1237,997,989,-922,-451,0,205,1399,962,-387
"2024-04-18",2,22763,25018,20578,824,6562,0,17143,0,8,-1175,1005,992,-919,-451,0,209,1399,962,-377
"2024-04-18",3,22982,25329,20836,788,6562,0,17143,0,108,-1046,1005,992,-885,-451,0,582,1399,993,-403
"2024-04-18",4,23255,25618,21173,751,6562,0,17143,0,126,-881,1005,991,-882,-451,0,609,1398,996,-404
"2024-04-18",5,23101,25360,21080,732,6562,0,17143,0,129,-748,1005,992,-926,-451,0,555,1398,996,-253
"2024-04-18",6,22817,25068,20829,713,6562,0,17143,0,130,-556,1005,991,-928,-451,0,551,1398,996,-242
"2024-04-18",7,22429,25041,20456,707,6562,0,17143,0,131,-442,1005,992,-985,-451,0,506,1398,995,-545
"2024-04-18",8,22129,24774,20246,701,6562,0,17143,0,130,-79,1005,992,-987,-451,0,502,1399,995,-577
"2024-04-18",9,21950,24817,20154,749,6562,0,17143,0,130,429,1005,992,-1008,-451,0,339,1398,996,-778
"2024-04-18",10,21826,24718,20088,796,6562,0,17143,0,129,697,1005,992,-1011,-451,0,301,1391,996,-801
"2024-04-18",11,22343,25878,20599,823,6562,0,17143,0,23,970,959,992,-1015,-416,0,-780,1278,969,-801
"2024-04-18",12,23319,26973,21541,850,6562,0,17143,0,12,1330,952,988,-1014,-451,0,-888,1238,960,-789
"2024-04-18",13,25294,28319,23379,884,6562,58,17143,0,8,2226,631,771,-1015,-422,0,-1010,867,563,-70
"2024-04-18",14,27128,29978,25094,917,6562,563,17143,0,6,2692,609,751,-1011,-330,0,-1003,822,530,0
"2024-04-18",15,29351,30718,27001,928,6562,1442,17143,0,7,2488,834,795,-345,-433,0,-82,984,675,0
"2024-04-18",16,30098,31345,27562,939,6562,2434,17143,0,7,2330,859,800,-288,-452,0,0,1017,691,7
"2024-04-18",17,30708,31667,28060,1019,6562,3595,17143,0,7,2069,908,872,597,-452,0,380,1160,859,591
"2024-04-18",18,29614,30574,27098,1099,6562,4713,17143,0,9,2118,912,880,754,-451,0,409,1192,875,614
"2024-04-18",19,29159,30568,26627,1218,6562,5814,17143,0,6,2076,995,982,807,-451,0,930,1370,987,-452
"2024-04-18",20,28299,29828,25789,1336,6562,6359,17143,0,6,2248,1003,992,811,-452,0,969,1397,997,-571
"2024-04-18",21,26697,28216,24215,1546,6562,6961,17143,0,7,2427,1004,992,325,-451,0,1016,1397,997,-561
"2024-04-18",22,26125,27630,23728,1756,6562,7763,17143,0,7,2629,1004,992,288,-451,0,1019,1397,996,-547
"2024-04-18",23,25926,26884,23553,1969,6562,8486,17143,0,7,2869,1004,992,838,-451,0,1019,1397,996,259
"2024-04-18",24,25226,26185,22965,2182,6562,8621,17143,0,7,3304,1004,992,867,-452,0,1019,1397,996,331
"2024-04-18",25,24967,25926,22765,2372,6562,8613,17143,0,7,3450,1004,992,439,-452,0,884,1397,996,65
"2024-04-18",26,24687,25651,22534,2561,6562,8510,17143,0,12,3742,1004,992,436,-452,0,875,1394,996,34
"2024-04-18",27,24948,26425,22732,2735,6562,7881,17143,0,186,3765,1004,992,636,-451,0,1010,1345,997,-340
"2024-04-18",28,24868,26729,22767,2909,6562,7410,17143,0,529,3903,1004,992,609,-452,0,1019,1315,996,-380
"2024-04-18",29,24525,26586,22592,3039,6562,6594,17143,0,77,4127,1004,992,-344,-451,0,949,945,997,-689
"2024-04-18",30,24709,26964,22885,3168,6562,6015,17143,0,176,4289,1001,990,-408,-452,0,944,914,997,-719
"2024-04-18",31,25087,27625,23326,3278,6562,5029,17143,0,400,4409,816,910,-400,-447,0,802,1283,997,-791
"2024-04-18",32,25814,28030,24089,3387,6562,4348,17143,0,177,4483,801,904,-400,-341,0,791,1341,997,-798
"2024-04-18",33,26840,29424,25096,3416,6562,3556,17143,0,126,4361,987,984,-969,-191,0,783,1390,996,-798
"2024-04-18",34,28085,30498,26320,3444,6562,2879,17143,0,54,4435,1004,992,-1015,-46,0,783,1393,997,-798
"2024-04-18",35,29246,31574,27375,3455,6562,2076,17143,0,14,4110,1005,992,-1016,64,0,415,1329,996,-798
"2024-04-18",36,30870,33185,28943,3465,6562,1416,17143,0,9,4547,1000,986,-1012,213,0,389,1323,993,-794
"2024-04-18",37,30914,32308,29011,3435,6562,885,17143,0,6,4659,551,635,-411,358,0,96,1365,778,-477
"2024-04-18",38,30885,32194,28991,3404,6562,496,17143,0,1,4373,520,605,-361,400,0,75,1368,758,-447
"2024-04-18",39,31122,32413,29174,3410,6562,213,17143,0,1,4129,745,804,-366,400,0,97,1314,767,-424
"2024-04-18",40,31334,32623,29406,3416,6562,40,17143,0,5,4173,769,823,-366,342,0,98,1311,770,-418
"2024-04-18",41,31363,32331,29425,3399,6562,0,17143,0,7,3996,842,884,-252,194,0,394,1386,838,-209
"2024-04-18",42,30763,31712,28857,3382,6562,0,17143,0,12,4130,848,888,-243,47,0,414,1397,840,-194
"2024-04-18",43,29544,31461,27649,3395,6562,0,17143,0,8,4221,792,737,-622,-63,0,-165,1397,625,-559
"2024-04-18",44,27709,29891,26054,3408,6562,0,17143,0,12,4106,788,721,-651,-214,0,-210,1396,602,-595
"2024-04-18",45,25922,28200,24467,3415,6562,0,17143,0,17,4345,916,651,-380,-365,0,-316,1389,348,-700
"2024-04-18",46,24257,26644,22920,3421,6562,0,17143,0,54,4043,926,647,-362,-436,0,-324,1364,334,-711
"2024-04-18",47,22505,25956,21359,3391,6562,0,17143,0,320,3811,909,798,-961,-449,0,-434,993,879,-787
"2024-04-18",48,21468,25423,20383,3360,6562,0,17143,0,785,3602,902,806,-1011,-420,0,-442,914,924,-797
"2024-04-19",1,20696,24754,19563,3317,6562,0,17143,0,853,3822,682,421,-1015,-379,0,-514,545,753,-797
"2024-04-19",2,20449,24641,19306,3273,6562,0,17143,0,981,4024,660,388,-1015,-379,0,-520,467,737,-797
"2024-04-19",3,20202,24647,19087,3271,6562,0,17143,0,994,4178,846,637,-1015,-379,0,-759,95,687,-798
"2024-04-19",4,20247,24699,19243,3269,6562,0,17143,0,985,4015,863,663,-1015,-379,0,-776,16,685,-797
"2024-04-19",5,20328,25221,19266,3242,6562,0,17143,0,974,4121,862,847,-1016,-379,0,-867,-360,835,-797
"2024-04-19",6,19831,24813,18761,3215,6562,0,17143,0,978,3841,857,865,-1014,-379,0,-874,-440,848,-797
"2024-04-19",7,19156,24606,18030,3230,6562,0,17143,0,961,3700,520,900,-1014,-379,0,-976,-822,824,-798
"2024-04-19",8,18917,24427,17834,3244,6562,0,17143,0,962,3729,489,900,-1015,-379,0,-983,-874,821,-797
"2024-04-19",9,18647,24036,17573,3227,6562,0,17143,0,959,3645,226,666,-1015,-379,0,-937,-802,785,-797
"2024-04-19",10,18745,24089,17639,3210,6562,0,17143,0,951,3485,210,646,-1015,-379,0,-934,-767,784,-798
"2024-04-19",11,19709,24570,18359,3162,6562,0,17143,0,961,3167,685,794,-1015,-379,0,-823,-385,928,-798
"2024-04-19",12,20400,25080,18982,3113,6562,0,17143,0,896,3101,727,810,-1014,-379,0,-789,-305,941,-797
"2024-04-19",13,22617,26077,20978,3098,6562,10,17143,0,784,2962,983,976,-1003,-409,0,270,70,988,-764
"2024-04-19",14,24570,27295,22746,3083,6562,169,17143,0,59,3381,1004,992,-992,-422,0,375,149,993,-752
"2024-04-19",15,27456,28721,25353,3145,6562,461,17143,0,14,3453,1003,992,-173,-294,0,859,520,995,-284
"2024-04-19",16,28400,29519,26136,3206,6562,842,17143,0,8,3096,1003,991,-104,-289,0,894,599,995,-218
"2024-04-19",17,29825,30762,27450,3308,6562,1411,17143,0,12,2942,1003,991,755,-425,0,992,969,995,692
"2024-04-19",18,29647,30613,27316,3410,6562,1942,17143,0,16,2893,1003,991,901,-450,0,999,1024,996,790
"2024-04-19",19,29689,30854,27383,3479,6562,2392,17143,0,14,2969,1003,991,-201,-450,0,941,1035,995,1005
"2024-04-19",20,29387,30586,27056,3548,6562,3221,17143,0,13,2755,1003,991,-236,-450,0,936,1014,996,1029
"2024-04-19",21,29011,29972,26633,3533,6562,3814,17143,0,11,2551,1004,991,658,-450,0,573,644,996,1207
"2024-04-19",22,28453,29412,26125,3517,6562,4784,17143,0,9,2516,1004,991,848,-450,0,548,573,996,1226
"2024-04-19",23,28081,29128,25729,3551,6562,5044,17143,0,12,2465,1004,991,944,-450,-85,987,311,995,1337
"2024-04-19",24,27462,28587,25143,3584,6562,5453,17143,0,12,2318,1003,992,951,-450,-163,1019,281,995,1344
"2024-04-19",25,27166,28307,24951,3569,6562,5287,17143,0,9,2324,1003,992,1000,-450,-182,1018,424,995,1063
"2024-04-19",26,26510,27815,24353,3554,6562,5561,17143,0,66,2481,1003,992,1002,-450,-289,1018,430,996,1032
"2024-04-19",27,25683,27201,23543,3533,6562,6357,17143,0,127,2411,1004,992,1003,-450,-441,1019,187,996,744
"2024-04-19",28,25003,26554,22923,3512,6562,6842,17143,0,130,2256,1004,992,1003,-450,-471,1019,145,996,716
"2024-04-19",29,24787,26359,22750,3474,6562,7069,17143,0,134,2422,1004,992,1003,-450,-488,1001,65,996,627
"2024-04-19",30,24241,26150,22263,3436,6562,7080,17143,0,440,2547,1003,991,1003,-450,-519,999,53,996,605
"2024-04-19",31,23459,25676,21514,3413,6562,6924,17143,0,689,2338,1003,992,1004,-450,-511,999,50,996,-67
"2024-04-19",32,23627,25492,21702,3389,6562,6293,17143,0,322,2204,1003,991,1003,-450,-467,999,73,996,-126
"2024-04-19",33,24786,26250,22761,3327,6562,5179,17143,0,123,2372,1003,992,1002,-450,-391,1000,444,996,194
"2024-04-19",34,25506,26679,23436,3265,6562,4850,17143,0,21,2608,1003,991,1003,-450,-202,999,522,996,236
"2024-04-19",35,26651,28034,24429,3101,6562,3908,17143,0,16,2428,1003,992,1003,-450,-417,999,894,996,965
"2024-04-19",36,27518,28751,25187,2937,6562,2980,17143,0,13,2208,1003,991,1002,-450,-270,999,972,996,1039
"2024-04-19",37,28732,29809,26393,2579,6562,2264,17143,0,16,2157,1003,992,1002,-450,-111,999,1342,997,1386
"2024-04-19",38,29796,30792,27213,2221,6562,1418,17143,0,16,2070,1003,991,1004,-450,-30,999,1397,996,1419
"2024-04-19",39,30207,31173,27557,1974,6562,639,17143,0,16,1962,1003,991,1004,-450,0,999,1397,997,1419
"2024-04-19",40,30454,31377,27799,1726,6562,124,17143,0,8,1830,1003,991,1003,-415,0,999,1398,996,1419
"2024-04-19",41,30968,31964,28186,1622,6562,1,17143,0,6,1900,1003,991,1004,-450,-40,999,1398,996,1419
"2024-04-19",42,30287,31330,27581,1518,6562,0,17143,0,9,1766,1003,991,1003,-450,-84,999,1398,997,1419
"2024-04-19",43,29481,30535,26786,1458,6562,0,17143,0,11,1553,1003,992,1003,-450,-93,999,1398,997,1419
"2024-04-19",44,28458,29628,25802,1398,6562,0,17143,0,7,1534,1003,992,1003,-450,-213,1000,1398,997,1419
"2024-04-19",45,27289,28393,24812,1340,6562,0,17143,0,11,981,1003,991,1003,-450,-143,999,1399,996,1415
"2024-04-19",46,26135,27492,23715,1282,6562,0,17143,0,90,659,1003,991,998,-450,-317,999,1399,997,1404
"2024-04-19",47,24651,26134,22374,1218,6562,0,17143,0,31,676,1004,992,309,-450,-502,999,1399,996,694
"2024-04-19",48,23795,25281,21556,1153,6562,0,17143,0,8,586,1003,991,249,-450,-528,999,1399,997,618
"2024-04-20",1,22806,24292,20566,1135,6562,0,17143,0,8,197,1004,992,439,-450,-528,999,1399,997,57
"2024-04-20",2,22641,24128,20445,1117,6562,0,17143,0,8,106,1004,992,449,-450,-529,1000,1399,997,0
"2024-04-20",3,22259,24095,20086,1080,6562,0,17143,0,179,-119,1003,991,711,-450,-529,999,1398,996,-178
"2024-04-20",4,22432,24452,20319,1042,6562,0,17143,0,349,-212,1004,992,715,-450,-523,999,1398,996,-198
"2024-04-20",5,22186,24321,20085,1009,6562,0,17143,0,352,-213,1004,992,639,-450,-529,997,1399,997,-304
"2024-04-20",6,21886,24032,19768,976,6562,0,17143,0,352,-270,1004,992,634,-450,-530,997,1399,997,-314
"2024-04-20",7,21515,23599,19413,959,6562,0,17143,0,349,-254,1004,992,322,-450,-530,999,1399,997,-255
"2024-04-20",8,21127,23207,18996,942,6562,0,17143,0,351,-331,1004,992,274,-450,-529,999,1399,996,-250
"2024-04-20",9,21300,23388,19176,939,6562,0,17143,0,270,-402,1004,992,240,-450,-530,931,1399,997,-338
"2024-04-20",10,21250,23434,19104,936,6562,0,17143,0,357,-557,1004,992,236,-450,-530,927,1399,997,-347
"2024-04-20",11,21333,23156,19127,919,6562,0,17143,0,62,-680,1004,992,180,-450,-530,926,1399,997,-281
"2024-04-20",12,21374,23139,19180,902,6562,0,17143,0,12,-729,1004,992,175,-450,-530,926,1399,996,-273
"2024-04-20",13,22330,23908,20068,890,6562,70,17143,0,12,-842,1004,992,489,-450,-412,994,1399,997,-204
"2024-04-20",14,22893,24500,20595,878,6562,558,17143,0,14,-1026,1004,992,514,-450,-459,999,1399,996,-184
"2024-04-20",15,24060,25572,21588,927,6562,1448,17143,0,143,-1244,1003,991,966,-450,-419,999,1399,997,703
"2024-04-20",16,24278,25605,21780,976,6562,2486,17143,0,12,-1158,1003,992,1003,-450,-365,999,1399,996,786
"2024-04-20",17,24750,26235,22070,1038,6562,3625,17143,0,12,-1412,1003,992,1003,-451,-522,999,1399,996,786
"2024-04-20",18,24042,25536,21273,1100,6562,4755,17143,0,12,-1580,1003,992,1003,-451,-531,999,1399,997,786
"2024-04-20",19,23907,25399,21091,1119,6562,5967,17143,0,10,-1537,1003,991,1003,-451,-531,1018,1399,997,786
"2024-04-20",20,23494,24987,20666,1137,6562,6743,17143,0,12,-1505,1003,991,1003,-451,-530,1019,1399,996,786
"2024-04-20",21,23093,24587,20281,1108,6562,7456,17143,0,12,-1660,1004,992,1003,-451,-531,1019,1399,996,786
"2024-04-20",22,22563,24057,19758,1078,6562,8403,17143,0,12,-1734,1004,991,993,-451,-531,1019,1399,996,785
"2024-04-20",23,21909,23401,19244,1071,6562,8647,17143,0,10,-1987,1004,991,215,-451,-531,997,1398,996,699
"2024-04-20",24,21771,23265,19118,1063,6562,8812,17143,0,12,-2079,1004,991,151,-451,-531,995,1399,996,677
"2024-04-20",25,21794,23479,19218,1057,6562,8575,17143,0,12,-1911,957,928,795,-451,-530,995,1399,997,-192
"2024-04-20",26,21724,23490,19208,1051,6562,8397,17143,0,12,-1747,953,894,855,-451,-529,995,1399,996,-274
"2024-04-20",27,21257,23128,18842,1051,6562,8413,17143,0,8,-1705,883,764,873,-451,-529,893,1399,947,-383
"2024-04-20",28,21028,22914,18649,1051,6562,8116,17143,0,15,-1698,880,755,874,-451,-529,885,1398,944,-391
"2024-04-20",29,20989,22953,18583,1047,6562,7611,17143,0,269,-1722,992,972,993,-451,-529,992,1398,992,-215
"2024-04-20",30,20967,22906,18540,1042,6562,7152,17143,0,260,-1696,1004,992,1002,-451,-528,999,1399,997,-200
"2024-04-20",31,21126,23195,18762,1053,6562,6766,17143,0,300,-1368,1004,992,1003,-451,-527,907,1399,997,-291
"2024-04-20",32,21642,23455,19251,1063,6562,6335,17143,0,37,-1308,1004,992,1003,-451,-527,900,1399,996,-298
"2024-04-20",33,22600,24206,20134,1054,6562,5581,17143,0,12,-1412,1004,992,1003,-451,-528,993,1399,997,-115
"2024-04-20",34,23653,25226,21139,1045,6562,5064,17143,0,10,-1340,1004,992,1004,-451,-528,999,1399,996,-84
"2024-04-20",35,25533,27022,22888,1004,6562,4405,17143,0,11,-1450,1003,992,1003,-451,-527,999,1399,996,712
"2024-04-20",36,26817,28306,24131,963,6562,3259,17143,0,11,-1389,1003,992,1003,-451,-527,999,1399,996,787
"2024-04-20",37,27737,29226,25056,871,6562,2271,17143,0,11,-1257,1003,992,1003,-451,-527,999,1399,996,787
"2024-04-20",38,28367,29860,25702,779,6562,1465,17143,0,15,-1031,1003,992,1003,-451,-527,999,1399,996,787
"2024-04-20",39,28958,30444,26345,710,6562,695,17143,0,8,-813,1002,991,1002,-451,-527,999,1399,996,787
"2024-04-20",40,29300,30784,26638,640,6562,177,17143,0,6,-802,1003,992,1002,-451,-527,999,1399,996,787
"2024-04-20",41,29323,30807,26689,615,6562,2,17143,0,6,-682,1003,992,1003,-451,-527,999,1399,996,787
"2024-04-20",42,29339,30823,26692,590,6562,0,17143,0,5,-679,1002,991,1003,-451,-528,999,1399,996,787
"2024-04-20",43,28682,30174,25981,575,6562,0,17143,0,14,-731,1003,992,1003,-451,-527,999,1399,996,787
"2024-04-20",44,28043,29532,25438,560,6562,0,17143,0,11,-1008,1003,992,1003,-451,-527,999,1399,996,785
"2024-04-20",45,26976,28467,24423,560,6562,0,17143,0,13,-1363,1003,992,1002,-451,-527,999,1399,996,653
"2024-04-20",46,26032,27522,23600,560,6562,0,17143,0,12,-1402,1003,992,985,-451,-527,999,1399,996,635
"2024-04-20",47,24552,25935,22212,566,6562,0,17143,0,10,-1177,1004,992,536,-451,-422,999,1399,996,300
"2024-04-20",48,23523,24989,21264,572,6562,0,17143,0,11,-1330,1004,992,532,-451,-504,999,1399,996,259
"2024-04-21",1,22899,24696,20664,572,6562,0,17143,0,12,-1363,1004,992,773,-451,-528,999,1399,996,-306
"2024-04-21",2,22351,24247,20138,571,6562,0,17143,0,63,-1352,1004,992,788,-451,-528,999,1389,996,-354
"2024-04-21",3,21952,23704,19804,578,6562,0,17143,0,206,-1292,1004,992,506,-451,-528,874,1230,996,-67
"2024-04-21",4,22039,23730,19966,584,6562,0,17143,0,170,-1193,1004,992,501,-451,-528,864,1206,996,-42
"2024-04-21",5,21870,23898,19807,594,6562,0,17143,0,361,-1167,1004,991,594,-451,-529,990,1205,996,-187
"2024-04-21",6,21408,23708,19373,603,6562,0,17143,0,620,-1166,1004,991,603,-451,-529,999,1187,996,-200
"2024-04-21",7,20928,23113,18879,620,6562,0,17143,0,634,-1180,1004,991,523,-451,-529,999,888,996,-71
"2024-04-21",8,20623,22899,18566,637,6562,0,17143,0,737,-1324,1003,991,517,-451,-529,999,844,996,-59
"2024-04-21",9,20427,22775,18353,663,6562,0,17143,0,807,-1439,1003,991,412,-451,-531,999,857,995,-59
"2024-04-21",10,20161,22583,18092,689,6562,0,17143,0,878,-1657,1003,991,401,-451,-530,1000,854,996,-63
"2024-04-21",11,19980,22732,17922,694,6562,0,17143,0,896,-1612,1003,991,392,-451,-530,1000,772,996,-375
"2024-04-21",12,20015,22796,17926,698,6562,0,17143,0,900,-1592,1003,991,394,-451,-529,1000,746,996,-401
"2024-04-21",13,20562,22864,18464,705,6562,73,17143,0,663,-1675,1003,991,637,-451,-530,999,531,996,-158
"2024-04-21",14,20895,23134,18753,711,6562,510,17143,0,620,-1544,1003,991,646,-451,-530,999,522,995,-138
"2024-04-21",15,21695,24167,19497,762,6562,1197,17143,0,638,-1257,1003,991,996,-451,-530,999,894,995,-353
"2024-04-21",16,21897,24286,19577,813,6562,2028,17143,0,556,-1329,1003,991,1003,-451,-529,1000,972,996,-353
"2024-04-21",17,22419,24655,19972,863,6562,2917,17143,0,755,-1622,1003,991,1003,-451,-530,999,1343,995,528
"2024-04-21",18,22399,24444,19851,912,6562,3811,17143,0,564,-1875,1003,991,1002,-451,-530,999,1399,995,623
"2024-04-21",19,22623,24423,19967,942,6562,4676,17143,0,319,-1932,1003,991,1003,-451,-530,1018,1399,996,773
"2024-04-21",20,22525,24122,19825,972,6562,5506,17143,0,116,-2044,1003,991,1004,-451,-530,1019,1399,995,788
"2024-04-21",21,22532,24062,19757,975,6562,6412,17143,0,49,-2138,1003,991,1003,-451,-530,1019,1399,995,788
"2024-04-21",22,22261,23969,19461,978,6562,6838,17143,0,245,-2067,995,989,1003,-451,-512,1019,1399,995,788
"2024-04-21",23,22179,23675,19357,977,6562,7292,17143,0,16,-2068,475,882,1003,-451,-529,1019,1399,996,788
"2024-04-21",24,22288,23873,19466,976,6562,7671,17143,0,104,-2158,430,869,1003,-451,-530,1019,1399,996,788
"2024-04-21",25,22368,23823,19522,972,6562,7698,17143,0,16,-2143,598,704,1003,-451,-488,1019,1399,996,788
"2024-04-21",26,22510,24001,19608,968,6562,7678,17143,0,13,-2305,612,688,1003,-451,-527,1019,1399,996,788
"2024-04-21",27,22414,23905,19548,963,6562,7612,17143,0,13,-2403,466,609,1003,-451,-527,974,1399,997,788
"2024-04-21",28,22118,23609,19263,958,6562,7597,17143,0,13,-2490,454,602,1004,-451,-527,970,1399,996,788
"2024-04-21",29,21941,23428,19141,948,6562,7346,17143,0,13,-2404,415,602,1003,-451,-523,997,1399,989,788
"2024-04-21",30,21986,23512,19236,937,6562,6870,17143,0,48,-2341,418,604,1003,-451,-527,999,1399,989,788
"2024-04-21",31,22586,24076,19818,929,6562,6327,17143,0,12,-1979,632,691,1003,-451,-527,955,1399,996,788
"2024-04-21",32,23192,24679,20463,920,6562,5759,17143,0,9,-1923,657,704,1003,-451,-527,951,1399,996,788
"2024-04-21",33,24210,25699,21464,897,6562,5194,17143,0,11,-1903,975,967,1004,-451,-527,996,1399,995,788
"2024-04-21",34,25833,27323,22977,874,6562,4560,17143,0,12,-1919,1003,992,1003,-451,-527,1000,1399,995,788
"2024-04-21",35,27113,28603,24180,852,6562,3780,17143,0,12,-1802,1004,992,1002,-451,-527,1000,1399,996,788
"2024-04-21",36,28402,29892,25464,830,6562,3033,17143,0,12,-1678,1003,992,1004,-451,-527,999,1399,996,787
"2024-04-21",37,28919,30409,26062,760,6562,2168,17143,0,12,-1406,1003,991,890,-451,-527,999,1399,996,734
"2024-04-21",38,29477,30967,26658,690,6562,1389,17143,0,12,-1282,1003,992,877,-451,-527,999,1399,996,730
"2024-04-21",39,29745,31235,26959,639,6562,712,17143,0,12,-885,1003,991,891,-451,-527,999,1399,996,782
"2024-04-21",40,29516,31006,26754,587,6562,185,17143,0,12,-761,1003,992,894,-451,-527,999,1399,996,788
"2024-04-21",41,30013,31503,27307,576,6562,5,17143,0,12,-601,1003,992,947,-451,-527,999,1399,996,788
"2024-04-21",42,30047,31537,27428,564,6562,0,17143,0,12,-501,1003,992,953,-451,-527,999,1399,997,788
"2024-04-21",43,29543,31033,26958,555,6562,0,17143,0,12,-392,1003,992,954,-451,-527,999,1399,996,788
"2024-04-21",44,28454,29945,25965,545,6562,0,17143,0,13,-470,1003,992,953,-451,-527,999,1399,996,788
"2024-04-21",45,27161,28651,24765,538,6562,0,17143,0,12,-974,1003,991,799,-451,-527,1000,1399,996,748
"2024-04-21",46,26101,27591,23812,530,6562,0,17143,0,12,-969,1004,992,733,-451,-527,1000,1399,996,731
"2024-04-21",47,24083,26033,21942,518,6562,0,17143,0,11,-988,1003,992,-392,-451,-515,1000,1399,995,-81
"2024-04-21",48,23121,25183,21118,506,6562,0,17143,0,7,-873,1001,990,-488,-414,-493,999,1399,996,-160
"2024-04-22",1,22100,24800,20125,483,6562,0,17143,0,7,-899,841,902,-939,-401,-526,739,1399,995,-327
"2024-04-22",2,21745,24466,19803,460,6562,0,17143,0,7,-793,826,893,-943,-401,-527,720,1399,996,-343
"2024-04-22",3,21869,24422,19963,451,6562,0,17143,0,58,-736,758,868,-789,-401,-462,776,1399,996,-343
"2024-04-22",4,21962,24469,20097,441,6562,0,17143,0,65,-648,759,868,-778,-401,-417,781,1399,996,-346
"2024-04-22",5,21901,24696,20041,444,6562,0,17143,0,65,-509,981,981,-894,-401,-414,985,1399,994,-521
"2024-04-22",6,21767,24550,19849,447,6562,0,17143,0,66,-487,1004,992,-899,-401,-378,999,1398,995,-539
"2024-04-22",7,21523,24554,19591,447,6562,0,17143,0,66,-440,1004,992,-983,-401,-443,809,1398,996,-638
"2024-04-22",8,21380,24426,19435,447,6562,0,17143,0,66,-431,1004,992,-985,-401,-445,795,1399,996,-649
"2024-04-22",9,21196,24344,19212,472,6562,0,17143,0,62,-445,1004,991,-983,-401,-420,705,1398,995,-782
"2024-04-22",10,21238,24352,19287,496,6562,0,17143,0,41,-254,998,988,-982,-384,-413,640,1398,992,-794
"2024-04-22",11,21768,25137,19838,507,6562,0,17143,0,11,255,780,763,-900,-307,-116,-741,1398,809,-794
"2024-04-22",12,22648,26043,20669,517,6562,0,17143,0,11,329,756,738,-900,-284,0,-908,1375,786,-792
"2024-04-22",13,24649,27780,22552,536,6562,62,17143,0,7,599,487,480,-1010,-380,0,-620,1003,352,-614
"2024-04-22",14,26388,29452,24113,555,6562,327,17143,0,7,776,475,457,-1015,-300,-65,-587,948,320,-590
"2024-04-22",15,29044,31093,26444,550,6562,721,17143,0,7,690,885,539,-625,-413,-342,290,947,728,-162
"2024-04-22",16,30220,32160,27494,544,6562,1212,17143,0,8,880,925,553,-541,-452,-326,369,970,768,-113
"2024-04-22",17,32416,33880,29488,564,6562,1804,17143,0,9,662,996,947,617,-452,-503,874,1341,978,515
"2024-04-22",18,32554,34047,29588,583,6562,2416,17143,0,13,415,1002,984,784,-452,-528,912,1397,997,575
"2024-04-22",19,32333,33822,29390,603,6562,2904,17143,0,9,91,1004,991,803,-451,-529,1012,1396,997,641
"2024-04-22",20,32399,33884,29441,623,6562,3233,17143,0,6,576,1004,991,805,-451,-528,1019,1397,997,647
"2024-04-22",21,32509,33998,29567,647,6562,3585,17143,0,8,305,1004,992,996,-452,-529,1019,1397,997,682
"2024-04-22",22,32273,33760,29386,670,6562,3846,17143,0,8,243,1004,991,1003,-451,-528,1019,1396,997,686
"2024-04-22",23,32116,33502,29160,705,6562,3936,17143,0,8,262,1004,992,1004,-388,-490,1019,1397,996,686
"2024-04-22",24,32099,33355,29254,740,6562,3861,17143,0,8,332,1004,992,1003,-299,-449,1019,1396,997,687
"2024-04-22",25,32241,33420,29352,766,6562,3897,17143,0,7,507,1004,992,977,-282,-390,1019,1397,997,716
"2024-04-22",26,32087,33218,29229,792,6562,3858,17143,0,7,439,1004,992,977,-280,-344,1019,1397,996,719
"2024-04-22",27,32057,33014,29290,811,6562,3835,17143,0,7,413,1004,992,941,-248,-202,1019,1397,996,716
"2024-04-22",28,31849,32834,29086,830,6562,3583,17143,0,8,457,1002,991,939,-186,-291,1019,1396,997,709
"2024-04-22",29,31183,32222,28511,855,6562,3327,17143,0,6,385,721,939,945,-215,-318,927,1396,997,265
"2024-04-22",30,31180,32231,28591,879,6562,3046,17143,0,7,475,700,935,945,-220,-324,920,1397,998,221
"2024-04-22",31,31455,32338,28812,912,6562,2800,17143,0,7,336,982,987,728,-205,-171,994,1396,996,63
"2024-04-22",32,31946,32871,29318,944,6562,2534,17143,0,7,342,1005,992,711,-238,-180,999,1397,996,40
"2024-04-22",33,32305,33582,29723,957,6562,2189,17143,0,8,304,854,992,883,-169,-9,999,1397,983,-591
"2024-04-22",34,33186,34499,30564,969,6562,1846,17143,0,7,180,843,992,889,-154,0,999,1396,982,-652
"2024-04-22",35,33689,35094,30938,959,6562,1547,17143,0,8,431,993,992,200,-127,0,999,1397,990,-770
"2024-04-22",36,34051,35527,31309,949,6562,1203,17143,0,6,824,1004,988,149,-188,0,993,1397,991,-782
"2024-04-22",37,34129,36059,31480,914,6562,838,17143,0,3,1348,837,732,-561,-74,0,268,1396,997,-792
"2024-04-22",38,34206,36283,31536,879,6562,544,17143,0,6,1423,823,711,-699,-79,0,208,1397,996,-793
"2024-04-22",39,33762,36234,31124,859,6562,257,17143,0,7,1256,892,890,-723,-192,0,-257,1397,896,-793
"2024-04-22",40,33656,36150,31045,838,6562,82,17143,0,5,1215,898,908,-724,-178,0,-291,1396,889,-796
"2024-04-22",41,32946,35245,30358,844,6562,6,17143,0,6,657,929,937,-639,-268,0,-89,1397,984,-797
"2024-04-22",42,32356,34664,29760,849,6562,0,17143,0,5,570,931,939,-631,-300,0,-75,1397,990,-797
"2024-04-22",43,31435,34260,28814,859,6562,0,17143,0,5,658,979,898,-865,-300,0,-358,1397,884,-797
"2024-04-22",44,30122,32992,27689,869,6562,0,17143,0,12,823,978,892,-883,-300,0,-378,1396,873,-797
"2024-04-22",45,28352,31071,26075,881,6562,0,17143,0,17,688,768,749,-779,-300,0,-326,1397,794,-797
"2024-04-22",46,26689,29396,24554,893,6562,0,17143,0,14,864,741,736,-775,-300,0,-321,1396,785,-797
"2024-04-22",47,25072,27506,23083,890,6562,0,17143,0,10,1023,529,780,-827,-300,128,197,1397,648,-797
"2024-04-22",48,23834,26248,21906,886,6562,0,17143,0,51,1245,511,783,-830,-236,127,234,1396,635,-797
"2024-04-23",1,22959,25549,21083,893,6562,0,17143,0,45,1319,705,742,-813,-152,0,-283,1396,655,-797
"2024-04-23",2,22683,25315,20838,900,6562,0,17143,0,82,1400,723,737,-811,-121,0,-321,1396,657,-797
"2024-04-23",3,22602,25068,20797,906,6562,0,17143,0,95,1462,724,689,-785,-127,0,-162,1397,661,-797
"2024-04-23",4,22790,25167,21024,911,6562,0,17143,0,69,1623,723,687,-783,-77,0,-151,1396,666,-797
"2024-04-23",5,22789,25564,21044,906,6562,0,17143,0,158,1259,657,912,-997,-220,-103,174,1397,963,-797
"2024-04-23",6,22469,25238,20710,900,6562,0,17143,0,130,1067,654,934,-1015,-303,-24,196,1396,988,-797
"2024-04-23",7,22154,24962,20381,917,6562,0,17143,0,125,940,760,986,-1014,-300,0,-72,1397,995,-797
"2024-04-23",8,21957,24791,20175,933,6562,0,17143,0,125,824,767,991,-1013,-300,-8,-91,1396,996,-797
"2024-04-23",9,21687,24595,19877,946,6562,0,17143,0,125,804,580,975,-1016,-269,-46,-155,1397,997,-797
"2024-04-23",10,21628,24537,19780,959,6562,0,17143,0,125,848,564,970,-1015,-163,-148,-161,1397,985,-797
"2024-04-23",11,22003,25081,20130,957,6562,0,17143,0,40,958,736,725,-1014,-26,93,-701,1397,290,-797
"2024-04-23",12,22835,25900,20857,955,6562,0,17143,0,12,1081,749,699,-1015,63,8,-741,1383,227,-797
"2024-04-23",13,24857,28074,22739,960,6562,66,17143,0,10,1387,488,450,-1015,151,19,-895,1171,78,-797
"2024-04-23",14,26797,30002,24496,965,6562,385,17143,0,5,1392,472,433,-1010,30,191,-894,1130,70,-796
"2024-04-23",15,29634,31282,27065,1051,6562,858,17143,0,8,1079,964,864,-267,-63,25,-56,966,388,-754
"2024-04-23",16,30646,32352,27957,1136,6562,1406,17143,0,8,866,1007,904,-200,-214,-38,30,966,424,-746
"2024-04-23",17,31822,33563,29028,1251,6562,1991,17143,0,10,224,1006,850,526,-366,-301,915,1337,859,-564
"2024-04-23",18,31014,32967,28295,1366,6562,2657,17143,0,12,-189,1006,847,657,-451,-445,994,1392,900,-545
"2024-04-23",19,30788,32702,28112,1460,6562,3212,17143,0,9,-194,1005,970,996,-451,-528,1017,1396,988,-426
"2024-04-23",20,30788,32684,28162,1554,6562,3655,17143,0,3,92,1006,982,1003,-451,-530,1019,1397,996,-412
"2024-04-23",21,30297,32001,27686,1594,6562,3924,17143,0,7,-46,1005,991,1002,-451,-530,1019,1397,961,-216
"2024-04-23",22,29547,31219,27066,1634,6562,4372,17143,0,8,-234,1005,991,1003,-451,-529,1019,1397,958,-184
"2024-04-23",23,29577,31065,26984,1684,6562,4832,17143,0,8,-349,1005,992,1003,-451,-529,1020,1397,940,617
"2024-04-23",24,29998,31424,27433,1733,6562,4949,17143,0,8,202,1005,991,1003,-388,-530,1019,1397,939,693
"2024-04-23",25,30307,31733,27705,1762,6562,5677,17143,0,9,274,1005,991,1003,-387,-530,1019,1397,947,653
"2024-04-23",26,29721,31104,27202,1790,6562,5585,17143,0,12,170,1005,991,1002,-341,-530,1019,1397,948,645
"2024-04-23",27,28643,29889,26164,1836,6562,6392,17143,0,12,-70,1005,992,472,-297,-437,1000,1398,992,395
"2024-04-23",28,27826,29068,25440,1882,6562,6277,17143,0,12,103,1005,992,430,-377,-353,998,1382,997,359
"2024-04-23",29,27532,29041,25207,1923,6562,6106,17143,0,12,461,1005,991,637,-275,-342,999,1139,997,-380
"2024-04-23",30,26842,28475,24564,1964,6562,5795,17143,0,12,433,1005,991,653,-331,-335,999,1086,997,-455
"2024-04-23",31,26895,28771,24635,2008,6562,5429,17143,0,12,508,1005,992,313,-313,-282,999,828,996,-769
"2024-04-23",32,27216,29079,24936,2052,6562,4947,17143,0,12,454,1005,992,287,-301,-250,999,813,996,-800
"2024-04-23",33,28021,29950,25639,2048,6562,4393,17143,0,12,350,1005,992,438,-223,-394,972,1185,996,-800
"2024-04-23",34,28941,30843,26423,2044,6562,4044,17143,0,12,371,1005,992,440,-185,-405,970,1248,996,-800
"2024-04-23",35,29901,32263,27332,1957,6562,3232,17143,0,12,665,1004,992,-498,-165,-387,997,1378,996,-800
"2024-04-23",36,30798,33425,28260,1869,6562,2417,17143,0,12,844,1004,992,-603,-190,-522,989,1397,996,-800
"2024-04-23",37,31559,33597,28982,1716,6562,1866,17143,0,10,883,1005,991,-119,-183,-426,187,1397,996,-800
"2024-04-23",38,32141,34205,29506,1563,6562,1327,17143,0,7,752,1005,991,-106,-198,-453,118,1397,996,-800
"2024-04-23",39,32561,35107,29912,1433,6562,637,17143,0,6,861,1006,992,-487,-194,-455,-104,1397,996,-800
"2024-04-23",40,32361,34923,29732,1303,6562,166,17143,0,6,741,1006,992,-507,-191,-440,-118,1397,996,-800
"2024-04-23",41,32294,34749,29674,1259,6562,8,17143,0,11,667,1005,991,-332,-285,-527,435,1397,995,-800
"2024-04-23",42,32272,34738,29621,1215,6562,0,17143,0,11,570,1005,989,-325,-303,-528,465,1397,992,-799
"2024-04-23",43,31233,34078,28645,1201,6562,0,17143,0,11,609,983,845,-347,-328,-529,-384,1397,770,-746
"2024-04-23",44,29989,33005,27536,1186,6562,0,17143,0,15,530,981,830,-362,-412,-527,-459,1398,752,-741
"2024-04-23",45,28249,31888,25892,1184,6562,0,17143,0,13,741,852,725,-829,-289,-528,-689,1399,819,-791
"2024-04-23",46,26321,29995,24120,1182,6562,0,17143,0,16,764,843,717,-831,-324,-507,-699,1398,824,-797
"2024-04-23",47,24557,26802,22561,1184,6562,0,17143,0,303,856,903,831,-182,-338,-362,35,1391,786,-560
"2024-04-23",48,23582,25596,21664,1185,6562,0,17143,0,435,1055,909,843,-137,-300,-103,96,1366,785,-539
"2024-04-24",1,22723,25785,20809,1164,6562,0,17143,0,880,997,997,921,-475,-300,-286,558,995,928,-621
"2024-04-24",2,22166,25461,20344,1143,6562,0,17143,0,908,1020,1005,929,-501,-300,-457,592,940,942,-629
"2024-04-24",3,22196,25503,20418,1167,6562,0,17143,0,910,972,1005,986,-518,-300,-390,742,935,991,-689
"2024-04-24",4,22367,25710,20615,1191,6562,0,17143,0,904,1074,1005,992,-519,-300,-426,752,910,995,-694
"2024-04-24",5,22253,25211,20496,1191,6562,0,17143,0,847,833,1004,992,-170,-300,-517,931,539,995,-624
"2024-04-24",6,21820,24746,20037,1191,6562,0,17143,0,895,596,1004,991,-144,-300,-467,943,466,996,-620
"2024-04-24",7,21522,24834,19711,1215,6562,0,17143,0,893,603,1004,992,-312,-300,-527,980,181,995,-780
"2024-04-24",8,21402,24714,19579,1238,6562,0,17143,0,895,506,1004,992,-326,-300,-495,982,148,995,-796
"2024-04-24",9,21145,24757,19355,1228,6562,0,17143,0,880,634,1005,991,-755,-300,-381,768,284,996,-796
"2024-04-24",10,21088,24673,19245,1218,6562,0,17143,0,812,510,1002,983,-789,-300,-388,745,327,992,-796
"2024-04-24",11,21733,24457,19830,1198,6562,0,17143,0,586,709,685,449,-412,-304,-118,-8,698,779,-796
"2024-04-24",12,22482,24859,20524,1177,6562,0,17143,0,120,615,653,401,-383,-311,-195,-72,773,760,-796
"2024-04-24",13,24711,26666,22537,1179,6562,100,17143,0,12,609,308,479,-334,-200,-23,-90,1093,726,-796
"2024-04-24",14,26455,28528,24092,1181,6562,485,17143,0,12,521,280,485,-328,-289,-69,-87,1153,724,-788
"2024-04-24",15,29033,30622,26409,1254,6562,1028,17143,0,10,369,597,415,543,-426,-353,603,1366,778,-300
"2024-04-24",16,30138,31870,27381,1327,6562,1668,17143,0,8,429,629,414,675,-451,-530,659,1399,783,-243
"2024-04-24",17,31204,32694,28315,1391,6562,2499,17143,0,8,-41,954,764,980,-451,-531,847,1397,825,432
"2024-04-24",18,30660,32149,27819,1454,6562,3484,17143,0,7,-294,982,799,1003,-451,-531,860,1398,831,497
"2024-04-24",19,30446,31935,27650,1486,6562,4158,17143,0,7,-387,1002,975,1004,-451,-531,1008,1398,982,497
"2024-04-24",20,30040,31527,27235,1517,6562,4935,17143,0,5,-683,1004,992,1003,-451,-531,1019,1397,996,491
"2024-04-24",21,29245,30730,26453,1466,6562,5513,17143,0,3,-728,1004,991,1003,-451,-531,1018,1397,996,64
"2024-04-24",22,28771,30256,26004,1415,6562,5527,17143,0,3,-974,1004,991,1003,-451,-531,1018,1397,995,27
"2024-04-24",23,28333,29818,25596,1385,6562,6314,17143,0,3,-1146,960,974,1003,-451,-531,1016,1397,990,382
"2024-04-24",24,28267,29752,25578,1354,6562,6235,17143,0,3,-1220,957,972,1003,-451,-531,1016,1397,989,417
"2024-04-24",25,28394,29879,25711,1309,6562,6756,17143,0,3,-1359,1002,990,1002,-451,-531,1019,1397,995,601
"2024-04-24",26,28047,29532,25452,1264,6562,6582,17143,0,3,-1244,1005,991,1002,-451,-531,1019,1397,996,620
"2024-04-24",27,27732,29216,25198,1240,6562,6762,17143,0,3,-1160,1005,991,1003,-451,-530,1019,1397,995,705
"2024-04-24",28,27360,28846,24853,1215,6562,6653,17143,0,6,-1228,1005,991,1003,-451,-529,1019,1397,996,713
"2024-04-24",29,27139,28626,24664,1196,6562,6327,17143,0,7,-1163,1005,992,1003,-451,-529,1001,1397,996,713
"2024-04-24",30,27126,28612,24702,1176,6562,6486,17143,0,5,-878,1005,992,1003,-451,-530,999,1397,996,714
"2024-04-24",31,27344,28832,24944,1163,6562,5598,17143,0,8,-704,1005,992,1002,-451,-529,999,1397,996,780
"2024-04-24",32,27921,29413,25490,1149,6562,5450,17143,0,12,-489,1005,992,1003,-451,-529,999,1398,996,786
"2024-04-24",33,28683,30174,26152,1158,6562,4854,17143,0,12,-471,1005,992,1003,-451,-528,999,1397,995,780
"2024-04-24",34,29585,31076,26970,1166,6562,4550,17143,0,12,-422,1005,992,1002,-451,-528,999,1397,995,728
"2024-04-24",35,30333,32338,27682,1154,6562,3769,17143,0,12,-126,1005,992,848,-451,-528,1000,1398,995,-514
"2024-04-24",36,31206,33370,28523,1142,6562,2922,17143,0,12,-31,1003,990,834,-451,-529,999,1398,996,-672
"2024-04-24",37,31383,33663,28747,1102,6562,2113,17143,0,17,384,838,897,324,-451,-528,533,1398,996,-784
"2024-04-24",38,32019,34303,29514,1061,6562,1469,17143,0,10,782,824,888,281,-451,-528,499,1398,995,-795
"2024-04-24",39,32488,35208,30026,985,6562,787,17143,0,9,1157,949,871,-437,-451,-528,148,1398,996,-795
"2024-04-24",40,32366,35176,29906,908,6562,260,17143,0,6,1131,954,870,-529,-451,-530,123,1397,996,-794
"2024-04-24",41,31886,34441,29428,899,6562,16,17143,0,5,971,748,918,-305,-451,-529,377,1397,997,-765
"2024-04-24",42,32092,34618,29627,890,6562,0,17143,0,6,1181,729,922,-286,-451,-530,395,1397,994,-753
"2024-04-24",43,31649,33316,29153,861,6562,0,17143,0,9,1279,979,976,199,-451,-529,548,1397,834,-178
"2024-04-24",44,30511,32131,28156,832,6562,0,17143,0,15,995,997,978,232,-451,-527,559,1397,817,-127
"2024-04-24",45,28840,30549,26632,808,6562,0,17143,0,12,1320,896,787,217,-412,-443,378,1397,659,-342
"2024-04-24",46,26904,28704,24892,783,6562,0,17143,0,12,1539,886,769,215,-451,-473,365,1397,647,-364
"2024-04-24",47,25216,27380,23389,779,6562,0,17143,0,12,1625,884,780,-476,-452,-369,141,1397,810,-355
"2024-04-24",48,24151,26312,22363,775,6562,0,17143,0,12,1719,882,779,-581,-452,-258,125,1396,824,-358
"2024-04-25",1,23320,26070,21559,824,6562,0,17143,0,64,1539,609,702,-640,-452,-440,57,1397,828,-654
"2024-04-25",2,22831,25659,21051,873,6562,0,17143,0,68,1364,585,693,-644,-443,-490,53,1396,827,-683
"2024-04-25",3,22543,25465,20779,903,6562,0,17143,0,71,1029,455,613,-655,-431,-528,-15,1397,830,-722
"2024-04-25",4,22748,25680,21023,933,6562,0,17143,0,70,934,448,610,-656,-431,-529,-20,1373,833,-726
"2024-04-25",5,23040,26283,21192,965,6562,0,17143,0,122,1160,759,905,-812,-440,-529,-92,1003,982,-748
"2024-04-25",6,22584,25854,20713,996,6562,0,17143,0,126,1024,788,933,-823,-443,-530,-97,924,996,-751
"2024-04-25",7,22036,25695,20183,1008,6562,0,17143,0,126,882,954,920,-968,-431,-529,-338,554,995,-767
"2024-04-25",8,21793,25482,19948,1019,6562,0,17143,0,125,813,962,916,-979,-431,-530,-355,476,993,-769
"2024-04-25",9,21519,25619,19684,1048,6562,0,17143,0,125,822,458,715,-1012,-431,-437,-800,108,828,-795
"2024-04-25",10,21425,25579,19639,1076,6562,0,17143,0,118,648,414,687,-1015,-431,-461,-831,67,807,-798
"2024-04-25",11,21981,25947,20176,1072,6562,0,17143,0,13,1014,394,57,-1014,-440,-193,-1008,267,396,-798
"2024-04-25",12,22500,26484,20612,1067,6562,0,17143,0,7,703,388,3,-1014,-451,-194,-1020,308,356,-798
"2024-04-25",13,24823,28514,22723,1078,6562,94,17143,0,6,1066,190,373,-1015,-441,-24,-907,487,149,-798
"2024-04-25",14,26334,29952,24078,1089,6562,365,17143,0,7,1030,183,413,-1015,-352,-54,-892,495,141,-798
"2024-04-25",15,28788,31911,26307,1121,6562,778,17143,0,7,769,784,787,-933,-436,-326,-123,215,790,-798
"2024-04-25",16,30131,33259,27540,1153,6562,1252,17143,0,7,729,843,823,-908,-452,-419,-48,196,848,-794
"2024-04-25",17,31942,34066,29221,1202,6562,1857,17143,0,7,479,918,821,-143,-452,-530,788,568,894,-492
"2024-04-25",18,31767,33820,29054,1251,6562,2539,17143,0,7,556,925,823,-104,-452,-531,861,618,899,-459
"2024-04-25",19,31393,33059,28723,1300,6562,3268,17143,0,7,194,998,937,96,-452,-531,811,546,932,-176
"2024-04-25",20,31014,32655,28321,1348,6562,4127,17143,0,8,79,1005,948,111,-452,-531,807,537,935,-150
"2024-04-25",21,30120,31826,27530,1338,6562,4405,17143,0,7,163,1005,948,6,-452,-531,597,565,985,-216
"2024-04-25",22,29793,31500,27248,1327,6562,4673,17143,0,6,249,1005,948,0,-452,-531,581,574,989,-218
"2024-04-25",23,30146,31636,27541,1332,6562,4774,17143,0,7,297,1001,984,675,-452,-531,971,649,995,68
"2024-04-25",24,30044,31534,27449,1337,6562,5283,17143,0,7,401,1000,988,860,-452,-531,999,684,995,99
"2024-04-25",25,30358,31848,27795,1304,6562,5412,17143,0,7,436,1004,991,993,-452,-531,1018,1054,996,368
"2024-04-25",26,30595,32084,28054,1271,6562,5057,17143,0,6,237,1004,991,1004,-452,-531,1019,1124,996,397
"2024-04-25",27,30702,32192,28107,1255,6562,4190,17143,0,7,195,1005,991,989,-452,-531,1019,1361,996,574
"2024-04-25",28,30529,32019,27993,1238,6562,3731,17143,0,7,205,1005,991,988,-452,-531,1019,1388,996,590
"2024-04-25",29,30414,31904,27852,1208,6562,4461,17143,0,7,13,1004,992,1002,-452,-531,1001,1249,996,451
"2024-04-25",30,30454,31944,27923,1177,6562,4386,17143,0,7,125,1004,991,1003,-452,-531,999,1215,995,439
"2024-04-25",31,30478,31968,27887,1149,6562,3551,17143,0,7,134,1004,992,1003,-452,-531,999,1016,996,557
"2024-04-25",32,30966,32456,28341,1121,6562,2808,17143,0,7,135,1004,991,1003,-452,-531,999,1008,996,561
"2024-04-25",33,31601,33091,28904,1096,6562,2304,17143,0,7,-74,1005,992,722,-452,-531,999,1347,996,51
"2024-04-25",34,32441,33933,29632,1070,6562,2080,17143,0,7,-361,1005,991,661,-452,-531,999,1397,995,-2
"2024-04-25",35,33076,34944,30210,1018,6562,2063,17143,0,7,-286,1005,992,-133,-452,-531,892,1397,996,-245
"2024-04-25",36,33463,35408,30534,965,6562,1801,17143,0,14,-366,1005,992,-171,-452,-531,883,1397,996,-277
"2024-04-25",37,33526,36257,30589,890,6562,1105,17143,0,8,-185,1006,991,-585,-452,-433,347,1397,996,-753
"2024-04-25",38,33828,36556,30903,815,6562,641,17143,0,6,-173,1006,991,-591,-452,-383,306,1397,996,-796
"2024-04-25",39,33963,36824,31063,720,6562,342,17143,0,6,-97,1006,991,-842,-452,-458,193,1397,996,-603
"2024-04-25",40,33599,36415,30710,624,6562,96,17143,0,7,-267,1006,992,-845,-452,-429,185,1397,995,-583
"2024-04-25",41,33220,35569,30337,580,6562,6,17143,0,7,-418,1001,988,-440,-452,-529,537,1397,995,-421
"2024-04-25",42,33116,35378,30231,536,6562,0,17143,0,7,-752,1000,988,-368,-452,-530,562,1397,996,-405
"2024-04-25",43,32253,34600,29355,513,6562,0,17143,0,11,-738,997,981,-485,-452,-530,465,1398,996,-369
"2024-04-25",44,30904,33254,28072,490,6562,0,17143,0,14,-846,996,977,-494,-452,-528,457,1397,994,-362
"2024-04-25",45,29287,31110,26639,477,6562,0,17143,0,13,-787,940,790,-252,-452,-426,186,1399,858,-180
"2024-04-25",46,27597,29415,25084,463,6562,0,17143,0,12,-730,936,774,-233,-452,-460,166,1399,847,-161
"2024-04-25",47,25913,27304,23500,457,6562,0,17143,0,16,-768,961,900,139,-452,-408,487,1399,899,-15
"2024-04-25",48,24578,25784,22277,451,6562,0,17143,0,14,-1002,963,912,163,-452,-238,511,1388,905,-2
"2024-04-26",1,23615,25378,21350,447,6562,0,17143,0,200,-1078,1003,958,143,-452,-477,373,1223,987,-134
"2024-04-26",2,23391,25177,21169,442,6562,0,17143,0,227,-874,1006,963,142,-452,-462,365,1203,995,-145
"2024-04-26",3,23377,25277,21183,445,6562,0,17143,0,333,-941,1005,989,234,-452,-529,905,1269,986,-86
"2024-04-26",4,23612,25589,21453,448,6562,0,17143,0,419,-624,1005,992,241,-452,-529,945,1271,985,-77
"2024-04-26",5,23434,25336,21288,455,6562,0,17143,0,420,-747,963,988,343,-452,-530,951,1143,994,55
"2024-04-26",6,23249,25147,21115,461,6562,0,17143,0,416,-854,959,988,350,-452,-530,951,1122,995,65
"2024-04-26",7,22856,24852,20731,463,6562,0,17143,0,418,-843,978,988,110,-452,-507,850,1090,995,-119
"2024-04-26",8,22675,24684,20573,465,6562,0,17143,0,417,-780,979,988,103,-452,-495,841,1081,995,-145
"2024-04-26",9,22269,24781,20199,480,6562,0,17143,0,317,-702,1005,991,-253,-452,-423,365,1013,996,-567
"2024-04-26",10,22355,24787,20251,494,6562,0,17143,0,298,-569,1002,991,-297,-388,-335,328,1011,996,-614
"2024-04-26",11,22809,25851,20681,497,6562,0,17143,0,46,-203,789,953,-957,-238,-56,-215,1135,973,-1030
"2024-04-26",12,23230,26169,21061,500,6562,2,17143,0,7,-151,764,946,-910,-206,0,-255,1155,968,-1061
"2024-04-26",13,25484,26762,23153,501,6562,180,17143,0,8,-267,646,720,-9,-238,0,151,1173,780,-523
"2024-04-26",14,27060,28375,24530,501,6562,727,17143,0,9,-529,638,703,0,-308,-39,181,1187,766,-459
"2024-04-26",15,29949,31198,27192,495,6562,1493,17143,0,6,-827,976,966,587,-438,-305,619,1370,977,379
"2024-04-26",16,30863,32323,28024,489,6562,2304,17143,0,8,-835,1006,992,727,-451,-501,651,1397,997,461
"2024-04-26",17,31342,32833,28323,511,6562,3293,17143,0,9,-881,1005,991,984,-451,-531,976,1397,996,760
"2024-04-26",18,30618,32109,27668,533,6562,4295,17143,0,9,-1136,1005,991,1003,-451,-531,999,1397,996,788
"2024-04-26",19,30372,31859,27466,548,6562,5123,17143,0,9,-1110,1005,991,1003,-451,-527,1018,1397,996,788
"2024-04-26",20,30029,31502,27075,562,6562,5699,17143,0,8,-1166,1005,991,1003,-451,-514,1019,1397,996,788
"2024-04-26",21,29457,30815,26474,566,6562,5987,17143,0,7,-1361,1005,991,1003,-451,-400,1019,1397,997,788
"2024-04-26",22,29236,30569,26274,570,6562,6599,17143,0,7,-1450,1005,991,1004,-451,-375,1019,1398,996,788
"2024-04-26",23,28804,30084,25866,566,6562,7124,17143,0,6,-1481,1005,991,1004,-409,-365,1019,1397,996,788
"2024-04-26",24,28547,29931,25666,561,6562,7301,17143,0,3,-1584,1005,992,1003,-351,-530,1019,1398,995,788
"2024-04-26",25,28544,29909,25656,559,6562,7154,17143,0,3,-1678,1005,991,1004,-331,-531,1019,1398,995,788
"2024-04-26",26,28211,29546,25341,557,6562,6954,17143,0,3,-1652,1005,992,1002,-302,-530,1019,1398,996,788
"2024-04-26",27,27843,29178,24967,556,6562,6885,17143,0,3,-1665,1005,991,1003,-302,-530,1019,1397,997,788
"2024-04-26",28,27592,28931,24731,554,6562,6542,17143,0,6,-1632,1005,992,1003,-302,-531,1019,1398,997,789
"2024-04-26",29,27320,28659,24537,563,6562,6562,17143,0,7,-1586,1005,991,1003,-302,-530,1000,1398,996,791
"2024-04-26",30,27157,28518,24472,571,6562,5387,17143,0,7,-1490,1005,991,1003,-323,-531,999,1398,996,791
"2024-04-26",31,27157,28547,24531,575,6562,4678,17143,0,8,-1508,1005,991,1002,-352,-530,998,1398,996,791
"2024-04-26",32,27849,29280,25222,578,6562,4151,17143,0,7,-1568,1005,991,1003,-394,-530,998,1391,996,786
"2024-04-26",33,28654,30142,25930,600,6562,3914,17143,0,7,-1673,1005,991,793,-452,-529,999,1281,996,484
"2024-04-26",34,29563,31052,26684,621,6562,3317,17143,0,8,-1695,1005,992,778,-452,-529,999,1241,996,451
"2024-04-26",35,30248,31738,27391,632,6562,2913,17143,0,9,-1367,1005,992,685,-452,-529,985,871,996,162
"2024-04-26",36,30623,32117,27784,642,6562,2132,17143,0,13,-1244,1005,992,641,-452,-529,984,822,995,124
"2024-04-26",37,30800,32998,27957,628,6562,1384,17143,0,6,-904,1006,992,-87,-452,-529,608,914,997,-624
"2024-04-26",38,31167,33457,28334,614,6562,879,17143,0,5,-507,1006,991,-104,-452,-530,580,933,996,-699
"2024-04-26",39,30925,33932,28190,592,6562,479,17143,0,5,-254,1006,991,-503,-452,-520,287,1039,995,-1027
"2024-04-26",40,31008,34037,28264,570,6562,148,17143,0,5,-106,1006,992,-574,-452,-446,268,1061,996,-1052
"2024-04-26",41,31081,33398,28307,573,6562,7,17143,0,9,-597,1005,992,-232,-452,-529,856,1167,969,-595
"2024-04-26",42,31045,33255,28280,575,6562,0,17143,0,7,-811,1005,990,-177,-452,-531,902,1186,966,-543
"2024-04-26",43,30560,32053,27770,583,6562,0,17143,0,10,-953,1006,901,87,-452,-531,530,1230,881,7
"2024-04-26",44,29571,31062,26864,591,6562,0,17143,0,8,-1005,1006,892,103,-452,-531,503,1246,873,54
"2024-04-26",45,28244,30061,25655,600,6562,0,17143,0,8,-1152,985,874,-165,-452,-530,570,1379,873,-162
"2024-04-26",46,26709,28564,24216,609,6562,0,17143,0,7,-1111,983,873,-191,-452,-529,574,1399,874,-176
"2024-04-26",47,25170,26655,22810,611,6562,0,17143,0,6,-1065,977,963,192,-452,-527,814,1399,959,272
"2024-04-26",48,23958,25445,21669,613,6562,0,17143,0,7,-1002,977,971,258,-452,-528,833,1399,967,314
"2024-04-27",1,23139,24626,20902,628,6562,0,17143,0,7,-1205,975,986,376,-452,-528,847,1399,993,192
"2024-04-27",2,22668,24156,20482,642,6562,0,17143,0,7,-1367,975,987,388,-452,-529,848,1399,995,183
"2024-04-27",3,22422,23909,20287,645,6562,0,17143,0,7,-1484,964,977,197,-452,-528,807,1399,995,353
"2024-04-27",4,22553,24040,20466,648,6562,0,17143,0,7,-1420,963,977,189,-452,-528,804,1398,995,362
"2024-04-27",5,22296,24014,20245,654,6562,0,17143,0,7,-1501,969,976,303,-452,-529,959,1399,995,-230
"2024-04-27",6,21909,23689,19877,659,6562,0,17143,0,7,-1451,969,976,315,-452,-530,970,1394,995,-291
"2024-04-27",7,21520,23563,19473,667,6562,0,17143,0,7,-1472,1002,990,139,-452,-530,997,1321,995,-554
"2024-04-27",8,21232,23300,19158,674,6562,0,17143,0,7,-1507,1005,992,126,-452,-529,999,1315,995,-580
"2024-04-27",9,20984,23196,18921,711,6562,0,17143,0,62,-1455,1005,992,-89,-452,-529,999,1387,995,-580
"2024-04-27",10,20907,23233,18860,747,6562,0,17143,0,160,-1436,1005,992,-104,-452,-529,999,1398,995,-581
"2024-04-27",11,20959,23564,18904,766,6562,0,17143,0,306,-1489,1005,992,-198,-452,-530,999,1398,995,-619
"2024-04-27",12,21002,23607,18938,784,6562,1,17143,0,301,-1528,1005,991,-207,-452,-529,999,1398,995,-616
"2024-04-27",13,22032,24020,19816,798,6562,92,17143,0,150,-1762,1005,991,-246,-452,-529,930,1399,995,-111
"2024-04-27",14,22668,24463,20436,811,6562,401,17143,0,12,-1455,1005,991,-247,-452,-531,925,1399,995,-53
"2024-04-27",15,24055,25552,21707,821,6562,830,17143,0,14,-1427,1004,992,717,-452,-531,994,1398,995,663
"2024-04-27",16,24797,26292,22393,830,6562,1431,17143,0,13,-1439,1004,991,941,-452,-530,999,1398,995,731
"2024-04-27",17,25999,27493,23467,887,6562,2110,17143,0,11,-1414,1004,991,998,-452,-531,999,1398,995,781
"2024-04-27",18,26525,28017,23946,944,6562,2670,17143,0,9,-1366,1004,991,1003,-452,-531,999,1397,995,785
"2024-04-27",19,27045,28534,24454,1002,6562,3237,17143,0,7,-1180,1004,991,1003,-452,-530,1018,1397,995,785
"2024-04-27",20,27104,28594,24556,1059,6562,3767,17143,0,7,-987,1004,991,1003,-452,-531,1019,1397,995,785
"2024-04-27",21,27114,28604,24585,1078,6562,4058,17143,0,7,-963,1004,990,1003,-452,-531,1019,1397,995,786
"2024-04-27",22,27024,28513,24505,1096,6562,4363,17143,0,7,-951,1004,990,1003,-452,-530,1019,1397,995,785
"2024-04-27",23,26911,28400,24452,1137,6562,4125,17143,0,7,-1075,1005,991,1003,-452,-530,1019,1397,995,786
"2024-04-27",24,26803,28292,24373,1178,6562,4504,17143,0,7,-896,1004,991,1003,-452,-530,1019,1397,996,785
"2024-04-27",25,26852,28341,24448,1202,6562,4442,17143,0,7,-587,1004,991,1002,-452,-530,1019,1398,996,785
"2024-04-27",26,26635,28124,24283,1226,6562,4542,17143,0,7,-550,1005,991,1003,-452,-530,1019,1398,995,785
"2024-04-27",27,26375,27863,24049,1231,6562,4468,17143,0,7,-470,1004,991,1003,-452,-529,1019,1398,995,785
"2024-04-27",28,26100,27588,23776,1236,6562,3931,17143,0,7,-563,1004,992,1003,-452,-529,1019,1398,996,785
"2024-04-27",29,26213,27701,23958,1240,6562,3815,17143,0,7,-455,1005,992,1004,-452,-529,1001,1399,996,786
"2024-04-27",30,26321,27808,24093,1244,6562,3395,17143,0,6,-321,1004,991,1003,-452,-529,999,1399,995,785
"2024-04-27",31,26417,27904,24213,1256,6562,3135,17143,0,7,-149,1004,991,1004,-452,-528,999,1398,996,785
"2024-04-27",32,26528,28015,24314,1267,6562,3176,17143,0,7,-185,1004,992,1003,-452,-528,999,1399,995,785
"2024-04-27",33,27054,28542,24747,1284,6562,3019,17143,0,7,-277,1004,992,1003,-452,-529,999,1399,996,786
"2024-04-27",34,28029,29518,25640,1300,6562,2383,17143,0,8,-220,1004,991,1003,-452,-529,999,1398,996,785
"2024-04-27",35,29186,30674,26670,1317,6562,1984,17143,0,7,-33,1004,991,925,-452,-529,999,1398,995,785
"2024-04-27",36,29970,31457,27382,1333,6562,1429,17143,0,6,11,1004,991,900,-452,-529,999,1399,995,785
"2024-04-27",37,29947,31433,27379,1337,6562,1031,17143,0,5,252,1004,991,141,-452,-529,999,1399,996,785
"2024-04-27",38,30051,31537,27495,1340,6562,686,17143,0,5,266,1004,991,103,-452,-529,999,1398,996,781
"2024-04-27",39,29807,31293,27290,1294,6562,373,17143,0,5,102,1004,991,393,-452,-529,999,1399,996,446
"2024-04-27",40,29589,31074,27091,1247,6562,134,17143,0,5,-145,1004,991,435,-452,-528,999,1399,996,418
"2024-04-27",41,29567,31056,27032,1246,6562,18,17143,0,8,-274,1004,992,478,-452,-529,999,1399,995,757
"2024-04-27",42,29275,30761,26770,1245,6562,0,17143,0,6,-392,1004,991,482,-452,-528,999,1399,995,797
"2024-04-27",43,28859,30347,26333,1253,6562,0,17143,0,7,-471,1004,991,397,-452,-529,999,1399,995,1301
"2024-04-27",44,27864,29354,25383,1261,6562,0,17143,0,10,-500,1003,991,391,-452,-528,999,1399,995,1348
"2024-04-27",45,26712,28201,24355,1263,6562,0,17143,0,7,-465,1004,991,775,-452,-530,999,1399,995,1348
"2024-04-27",46,25469,26961,23199,1264,6562,0,17143,0,11,-502,1004,991,842,-452,-529,999,1399,995,1346
"2024-04-27",47,23782,25275,21633,1264,6562,0,17143,0,12,-503,1004,991,722,-452,-529,999,1399,995,1168
"2024-04-27",48,22986,24531,20901,1263,6562,0,17143,0,65,-487,1004,991,712,-452,-528,999,1399,995,1143
"2024-04-28",1,22198,24061,20098,1184,6562,0,17143,0,382,-686,1004,992,687,-452,-529,999,1399,995,668
"2024-04-28",2,21559,23591,19547,1104,6562,0,17143,0,551,-740,1004,992,685,-452,-529,999,1399,996,625
"2024-04-28",3,21413,23375,19439,1133,6562,0,17143,0,480,-947,1004,991,980,-452,-530,999,1399,996,773
"2024-04-28",4,21467,23480,19532,1161,6562,0,17143,0,531,-952,1004,991,1003,-452,-530,999,1399,996,780
"2024-04-28",5,21207,23443,19306,1199,6562,0,17143,0,754,-1118,1004,992,661,-452,-530,999,1399,996,321
"2024-04-28",6,20810,23271,18894,1237,6562,0,17143,0,979,-1288,1004,992,635,-452,-530,999,1399,996,268
"2024-04-28",7,20340,23078,18424,1284,6562,0,17143,0,991,-1284,1001,992,270,-452,-530,999,1399,995,-265
"2024-04-28",8,20100,22893,18172,1330,6562,0,17143,0,990,-1239,999,989,242,-452,-530,999,1399,996,-321
"2024-04-28",9,19685,22852,17816,1365,6562,0,17143,0,976,-1193,930,836,406,-452,-530,999,1399,996,-709
"2024-04-28",10,19350,22551,17508,1399,6562,0,17143,0,978,-1282,924,820,418,-452,-531,999,1398,994,-740
"2024-04-28",11,19319,22108,17470,1444,6562,0,17143,0,977,-1282,901,709,526,-452,-530,908,1398,887,-330
"2024-04-28",12,19037,21782,17188,1489,6562,0,17143,0,971,-1450,900,700,537,-452,-531,901,1398,877,-291
"2024-04-28",13,19472,22144,17628,1516,6562,18,17143,0,955,-1225,904,812,679,-452,-530,765,1398,878,-235
"2024-04-28",14,19944,22413,18084,1543,6562,164,17143,0,770,-1024,905,818,685,-452,-530,755,1398,879,-217
"2024-04-28",15,21023,23376,19043,1579,6562,400,17143,0,870,-585,996,581,756,-452,-531,890,1398,987,520
"2024-04-28",16,22043,24280,19992,1614,6562,709,17143,0,754,-49,1004,565,761,-452,-531,900,1398,996,581
"2024-04-28",17,23380,25076,21227,1693,6562,1171,17143,0,213,249,1004,955,999,-452,-531,855,1398,996,0
"2024-04-28",18,24050,25660,21814,1771,6562,1495,17143,0,82,24,1004,991,1003,-452,-531,851,1398,996,-45
"2024-04-28",19,24815,26424,22493,1843,6562,2072,17143,0,126,1,1004,991,1003,-452,-531,1008,1399,995,718
"2024-04-28",20,25049,26693,22707,1915,6562,2728,17143,0,161,64,1004,991,1002,-452,-531,1019,1399,995,790
"2024-04-28",21,25604,27104,23257,1966,6562,3028,17143,0,17,195,1004,991,1003,-452,-531,1019,1399,995,790
"2024-04-28",22,25716,27217,23374,2016,6562,3488,17143,0,18,354,1004,991,1003,-452,-531,1019,1399,995,790
"2024-04-28",23,26106,27661,23665,2085,6562,3853,17143,0,72,395,1004,991,1003,-452,-531,1020,1398,996,790
"2024-04-28",24,26135,27631,23700,2153,6562,4363,17143,0,13,394,1004,991,1003,-452,-531,1020,1398,996,790
"2024-04-28",25,26070,27564,23600,2198,6562,5314,17143,0,12,324,1004,991,1003,-451,-531,1019,1398,995,790
"2024-04-28",26,25831,27326,23363,2242,6562,5540,17143,0,12,326,1004,992,1003,-452,-531,1019,1398,996,790
"2024-04-28",27,25329,26823,22904,2240,6562,5464,17143,0,12,332,1004,992,1003,-451,-531,1019,1397,995,790
"2024-04-28",28,24794,26589,22423,2238,6562,5554,17143,0,321,430,1004,991,1003,-452,-522,1019,1397,996,790
"2024-04-28",29,24399,26438,22143,2212,6562,6139,17143,0,558,526,1004,992,1003,-451,-530,1001,1397,996,790
"2024-04-28",30,24273,26079,22013,2186,6562,6468,17143,0,323,419,1004,992,1003,-452,-531,999,1398,996,790
"2024-04-28",31,24344,26254,22088,2143,6562,6306,17143,0,427,539,1004,992,1003,-452,-531,999,1398,995,790
"2024-04-28",32,24435,26467,22203,2099,6562,6011,17143,0,550,543,1004,991,1003,-451,-531,999,1398,995,790
"2024-04-28",33,25226,26906,22932,2094,6562,5455,17143,0,217,603,1004,992,1003,-451,-512,999,1398,996,790
"2024-04-28",34,26006,27420,23695,2089,6562,4707,17143,0,140,551,1004,992,1003,-452,-322,999,1398,997,793
"2024-04-28",35,27069,28451,24670,2053,6562,4075,17143,0,8,588,1004,992,1003,-452,-422,999,1398,997,1011
"2024-04-28",36,27702,29073,25343,2017,6562,3308,17143,0,6,1064,1004,992,1004,-452,-413,999,1398,997,1037
"2024-04-28",37,28346,29832,26028,1940,6562,2677,17143,0,5,1293,1004,992,1004,-452,-529,999,1397,997,1386
"2024-04-28",38,28666,30151,26337,1863,6562,1970,17143,0,3,903,1004,992,1004,-452,-530,999,1397,996,1420
"2024-04-28",39,28825,30309,26611,1797,6562,991,17143,0,3,829,1004,991,1003,-451,-530,999,1397,996,1419
"2024-04-28",40,28940,30430,26825,1730,6562,311,17143,0,8,963,1003,990,1001,-452,-530,999,1397,997,1419
"2024-04-28",41,28840,30328,26659,1767,6562,31,17143,0,7,741,862,853,799,-451,-530,924,1397,997,1379
"2024-04-28",42,28793,30278,26604,1804,6562,0,17143,0,3,571,851,841,795,-452,-530,918,1397,998,1376
"2024-04-28",43,28563,30051,26370,1860,6562,0,17143,0,6,157,992,886,988,-452,-530,977,1397,997,1413
"2024-04-28",44,27105,28597,25016,1916,6562,0,17143,0,12,180,1004,890,989,-451,-529,983,1397,997,1419
"2024-04-28",45,25537,27025,23595,1915,6562,0,17143,0,8,39,969,867,577,-451,-529,675,1397,997,1419
"2024-04-28",46,24072,25587,22251,1914,6562,0,17143,0,33,-128,966,866,551,-452,-530,653,1397,996,1418
"2024-04-28",47,22512,24238,20768,1905,6562,0,17143,0,73,-382,953,954,-273,-452,-428,439,1397,995,1332
"2024-04-28",48,21741,23716,20058,1896,6562,0,17143,0,337,-392,950,959,-325,-452,-361,423,1397,995,1319
"2024-04-29",1,20711,22913,19045,1934,6562,0,17143,0,236,-255,661,721,-615,-451,-400,29,1397,988,1004
"2024-04-29",2,20500,23076,18773,1972,6562,0,17143,0,766,99,634,697,-620,-452,-238,0,1397,987,972
"2024-04-29",3,20301,22961,18677,2012,6562,0,17143,0,906,460,453,553,-440,-451,-252,-111,1397,997,794
"2024-04-29",4,20470,23065,18817,2051,6562,0,17143,0,954,549,433,541,-423,-452,-147,-119,1397,997,779
"2024-04-29",5,20265,23082,18728,2078,6562,0,17143,0,903,563,324,647,-742,-451,-221,243,1397,998,875
"2024-04-29",6,19959,22766,18434,2104,6562,0,17143,0,948,436,322,661,-748,-452,-159,268,1397,998,874
"2024-04-29",7,19818,22679,18224,2142,6562,0,17143,0,740,500,871,937,-995,-452,-174,392,1397,997,181
"2024-04-29",8,19510,22315,17919,2179,6562,0,17143,0,679,522,922,963,-1013,-451,-162,400,1397,996,105
"2024-04-29",9,19180,22238,17622,2184,6562,0,17143,0,468,783,888,985,-1014,-426,-70,58,1397,996,-580
"2024-04-29",10,19403,22233,17857,2189,6562,0,17143,0,145,750,882,987,-1014,-289,-232,25,1398,996,-650
"2024-04-29",11,19860,23359,18235,2177,6562,0,17143,0,16,525,766,976,-1015,-138,-43,-772,1398,997,-1015
"2024-04-29",12,20549,24060,18818,2165,6562,8,17143,0,17,489,753,974,-1015,-12,-89,-837,1398,995,-1041
"2024-04-29",13,22800,24977,20877,2193,6562,271,17143,0,12,638,677,842,-813,63,4,-391,1397,871,-461
"2024-04-29",14,24448,26418,22309,2221,6562,891,17143,0,8,670,674,829,-735,86,127,-359,1397,860,-368
"2024-04-29",15,27098,27646,24690,2396,6562,1642,17143,0,14,526,863,796,259,-34,6,66,1397,891,774
"2024-04-29",16,27788,28482,25263,2571,6562,2524,17143,0,16,658,884,795,322,-178,0,106,1397,896,910
"2024-04-29",17,28537,29506,25868,2781,6562,3390,17143,0,17,693,993,974,760,-329,-123,897,1397,988,1375
"2024-04-29",18,27825,29103,25276,2990,6562,4218,17143,0,17,904,1005,992,767,-443,-318,964,1397,997,1419
"2024-04-29",19,27816,29140,25260,3202,6562,5066,17143,0,17,1197,1005,992,1000,-450,-357,1015,1397,997,1419
"2024-04-29",20,27003,28372,24514,3413,6562,5644,17143,0,17,1165,1005,992,1004,-451,-401,1018,1397,997,1419
"2024-04-29",21,26132,27536,23794,3578,6562,5807,17143,0,16,1307,1004,991,1002,-451,-437,1019,1397,996,1419
"2024-04-29",22,25898,27251,23598,3743,6562,5933,17143,0,9,1369,1000,991,1003,-451,-393,1019,1398,996,1419
"2024-04-29",23,25715,27322,23442,3904,6562,5955,17143,0,322,1533,679,962,1003,-388,-397,1019,1397,997,1419
"2024-04-29",24,25743,27308,23553,4064,6562,6093,17143,0,352,1857,652,959,1003,-240,-473,1019,1381,997,1419
"2024-04-29",25,25750,27244,23620,4188,6562,5964,17143,0,351,2333,654,904,1003,-113,-530,1019,1115,997,1419
"2024-04-29",26,25257,26816,23228,4311,6562,6146,17143,0,353,2491,657,900,1003,-176,-530,1019,1052,996,1419
"2024-04-29",27,24766,26321,22796,4414,6562,5834,17143,0,350,2504,836,984,1004,-175,-530,1019,682,911,1416
"2024-04-29",28,24489,26154,22609,4517,6562,6050,17143,0,347,2501,849,988,1003,-289,-529,1019,604,904,1406
"2024-04-29",29,23705,25341,21891,4568,6562,6087,17143,0,347,2992,523,768,968,-259,-530,843,233,984,795
"2024-04-29",30,23703,25457,21941,4619,6562,5627,17143,0,349,3530,503,750,955,-375,-530,830,197,991,726
"2024-04-29",31,23474,24888,21807,4641,6562,5138,17143,0,47,3259,892,968,179,-337,-530,872,500,996,14
"2024-04-29",32,24202,25615,22605,4662,6562,4574,17143,0,13,3336,930,988,124,-294,-530,875,568,996,-76
"2024-04-29",33,24602,27104,22947,4601,6562,3990,17143,0,11,3188,999,991,-212,-287,-491,637,939,996,-1001
"2024-04-29",34,26074,28801,24275,4540,6562,3474,17143,0,11,2993,1005,992,-278,-311,-527,611,1015,996,-1100
"2024-04-29",35,27059,30781,25083,4417,6562,2807,17143,0,10,2663,1006,992,-854,-380,-392,-161,1347,996,-1425
"2024-04-29",36,28125,32154,26172,4293,6562,2161,17143,0,7,2564,1006,991,-901,-422,-514,-229,1397,996,-1456
"2024-04-29",37,28666,33432,26779,4131,6562,1535,17143,0,4,2518,928,956,-1011,-451,-530,-814,1397,997,-1456
"2024-04-29",38,29130,33948,27324,3968,6562,984,17143,0,7,2567,921,952,-1015,-452,-530,-858,1397,997,-1456
"2024-04-29",39,29539,34191,27878,3801,6562,477,17143,0,0,2692,876,900,-1015,-451,-530,-700,1397,996,-1456
"2024-04-29",40,29263,33899,27601,3633,6562,126,17143,0,2,2588,872,892,-1014,-452,-530,-688,1397,993,-1450
"2024-04-29",41,28962,32390,27265,3474,6562,8,17143,0,2,2409,808,676,-678,-451,-530,-236,1398,768,-1031
"2024-04-29",42,28785,32083,27061,3314,6562,0,17143,0,3,2523,805,661,-626,-451,-530,-204,1398,750,-984
"2024-04-29",43,28258,31033,26528,3172,6562,0,17143,0,11,2525,948,934,-537,-452,-530,-235,1398,880,-510
"2024-04-29",44,26878,29597,25185,3029,6562,0,17143,0,12,2394,960,959,-530,-452,-529,-237,1398,886,-459
"2024-04-29",45,25384,27641,23738,2953,6562,0,17143,0,9,2310,922,900,-439,-452,-530,-247,1398,541,-80
"2024-04-29",46,23921,26122,22258,2876,6562,0,17143,0,10,2360,919,894,-431,-452,-529,-248,1398,518,-31
"2024-04-29",47,22269,24729,20682,2788,6562,0,17143,0,7,2293,935,867,-972,-451,-530,23,1398,956,822
"2024-04-29",48,21129,23635,19627,2700,6562,0,17143,0,10,2238,936,866,-1015,-452,-529,43,1398,995,899
"2024-04-30",1,20660,23094,19101,2647,6562,0,17143,0,12,1927,1001,981,-940,-452,-530,237,1399,996,673
"2024-04-30",2,20345,22900,18818,2594,6562,0,17143,0,142,1899,1007,991,-931,-452,-530,252,1398,996,650
"2024-04-30",3,20168,22906,18655,2557,6562,0,17143,0,295,1994,958,925,-961,-451,-531,71,1398,996,557
"2024-04-30",4,20322,23060,18795,2519,6562,0,17143,0,299,1997,954,917,-958,-451,-530,59,1398,996,548
"2024-04-30",5,20372,22829,18854,2487,6562,0,17143,0,304,1849,988,817,-672,-452,-529,307,1398,996,518
"2024-04-30",6,19986,22870,18371,2455,6562,0,17143,0,737,1543,985,809,-667,-451,-529,326,1399,996,515
"2024-04-30",7,19718,22886,18061,2458,6562,0,17143,0,809,1208,769,873,-877,-452,-530,227,1399,997,498
"2024-04-30",8,19446,22536,17792,2460,6562,0,17143,0,710,977,749,877,-899,-451,-530,220,1398,997,500
"2024-04-30",9,19373,22209,17639,2471,6562,0,17143,0,287,825,854,713,-988,-452,-531,-78,1399,996,763
"2024-04-30",10,19421,22122,17653,2482,6562,0,17143,0,129,899,864,700,-991,-452,-530,-99,1399,996,786
"2024-04-30",11,19774,22614,17945,2499,6562,0,17143,0,13,1024,859,830,-1015,-452,-473,-387,1399,977,604
"2024-04-30",12,20437,23170,18560,2516,6562,18,17143,0,12,1433,859,845,-1015,-451,-361,-394,1398,975,584
"2024-04-30",13,22623,24478,20608,2549,6562,296,17143,0,12,1598,994,979,-608,-451,-284,479,1398,994,523
"2024-04-30",14,24224,26057,22129,2581,6562,884,17143,0,12,2033,1005,992,-522,-451,-348,556,1398,996,530
"2024-04-30",15,26895,28383,24689,2674,6562,1542,17143,0,10,2394,1005,992,562,-452,-526,738,1397,997,1325
"2024-04-30",16,27694,29187,25370,2766,6562,2319,17143,0,12,2678,1005,991,703,-451,-530,751,1397,996,1400
"2024-04-30",17,27874,29400,25476,2912,6562,3067,17143,0,43,2648,1005,992,965,-452,-531,983,1397,997,1416
"2024-04-30",18,27061,28552,24809,3057,6562,4076,17143,0,10,2649,1004,991,1002,-451,-530,999,1397,997,1417
"2024-04-30",19,26441,27934,24333,3214,6562,5160,17143,0,11,2592,1005,992,1004,-451,-531,1018,1397,996,1417
"2024-04-30",20,25408,26901,23357,3371,6562,5993,17143,0,11,2524,1005,992,1003,-452,-530,1019,1397,997,1417
"2024-04-30",21,24524,26017,22462,3516,6562,6677,17143,0,11,2420,1005,991,1003,-452,-530,1019,1397,997,1417
"2024-04-30",22,23736,25241,21825,3661,6562,7315,17143,0,22,2378,1005,992,1003,-452,-531,1019,1397,996,1417
"2024-04-30",23,23128,24983,21163,3737,6562,8278,17143,0,373,2331,1005,992,1003,-452,-530,1014,1397,997,1417
"2024-04-30",24,23049,25059,21067,3813,6562,8451,17143,0,529,2425,1005,990,1003,-451,-530,1013,1397,996,1417
"2024-04-30",25,22766,24522,20837,3816,6562,8566,17143,0,275,2533,949,889,1004,-451,-530,1010,1397,997,1417
"2024-04-30",26,22317,24471,20495,3819,6562,8809,17143,0,672,2452,945,879,1003,-452,-530,1009,1397,996,1416
"2024-04-30",27,22209,24369,20386,3791,6562,8847,17143,0,680,2275,948,834,1003,-451,-529,1018,1397,997,1380
"2024-04-30",28,22240,24407,20413,3762,6562,8578,17143,0,686,2351,947,827,1003,-451,-530,1019,1387,996,1371
"2024-04-30",29,22051,23853,20321,3680,6562,8479,17143,0,347,2573,815,685,827,-426,-529,719,1209,997,1056
"2024-04-30",30,22066,23990,20395,3598,6562,7916,17143,0,506,2490,804,674,813,-390,-528,697,1180,997,1020
"2024-04-30",31,22475,24148,20802,3500,6562,7177,17143,0,255,2420,841,832,655,-390,-528,700,1168,997,599
"2024-04-30",32,23309,24978,21598,3401,6562,6126,17143,0,251,2453,844,848,611,-390,-528,700,1179,997,571
"2024-04-30",33,24583,26012,22728,3245,6562,5407,17143,0,11,2228,992,979,9,-390,-528,757,1370,996,1346
"2024-04-30",34,25956,27390,23975,3089,6562,4287,17143,0,7,2195,1004,992,1,-399,-528,761,1398,997,1419
"2024-04-30",35,27399,28843,25277,2857,6562,3084,17143,0,6,2358,1005,991,0,-410,-528,427,1398,996,1406
"2024-04-30",36,28331,29776,26089,2624,6562,2027,17143,0,7,2272,1005,991,0,-410,-528,404,1399,996,1404
"2024-04-30",37,28623,30065,26442,2363,6562,1420,17143,0,5,2293,1006,992,0,-410,-527,27,1398,997,1416
"2024-04-30",38,29182,30623,26901,2101,6562,892,17143,0,4,2261,1006,992,0,-410,-527,1,1398,997,1418
"2024-04-30",39,29980,31422,27691,1943,6562,513,17143,0,5,2401,1005,991,0,-410,-527,473,1398,997,1418
"2024-04-30",40,29959,31403,27640,1785,6562,166,17143,0,6,2038,1005,992,1,-410,-528,509,1399,997,1418
"2024-04-30",41,29769,31217,27433,1693,6562,11,17143,0,10,1528,1004,992,0,-410,-528,965,1399,996,1418
"2024-04-30",42,29926,31376,27676,1600,6562,0,17143,0,9,1410,1004,992,1,-410,-531,998,1398,997,1418
"2024-04-30",43,29601,31048,27313,1524,6562,0,17143,0,7,1370,1004,992,0,-410,-530,999,1398,997,1418
"2024-04-30",44,28431,29879,26185,1448,6562,0,17143,0,7,1336,1004,992,0,-410,-531,999,1399,996,1418
"2024-04-30",45,26929,28280,24775,1369,6562,0,17143,0,9,1171,1004,992,0,-385,-457,907,1398,996,1418
"2024-04-30",46,25503,26791,23444,1290,6562,0,17143,0,5,1095,1005,992,0,-371,-412,900,1399,996,1417
"2024-04-30",47,23695,24949,21767,1217,6562,0,17143,0,11,990,1005,992,0,-402,-341,706,1399,996,1333
"2024-04-30",48,22725,23992,20893,1144,6562,0,17143,0,10,916,1005,992,0,-402,-355,691,1398,996,1316
"2024-05-01",1,21677,23024,19944,1035,6562,0,17143,0,11,704,1005,992,0,-402,-434,691,1399,996,799
"2024-05-01",2,21682,22976,19767,926,6562,0,17193,0,17,608,1005,992,0,-402,-375,690,1399,996,741
"2024-05-01",3,21768,23084,19853,871,6562,0,17193,0,15,717,1005,992,0,-402,-399,796,1399,996,211
"2024-05-01",4,21850,23109,19957,815,6562,0,17193,0,45,679,1005,991,0,-402,-312,803,1398,996,157
"2024-05-01",5,21679,22944,19821,773,6562,0,17193,0,64,719,1005,992,0,-402,-278,895,1399,996,-21
"2024-05-01",6,21213,22459,19392,731,6562,0,17193,0,66,806,1003,992,0,-402,-261,897,1399,996,-17
"2024-05-01",7,20996,22560,19130,696,6562,0,17193,0,299,1033,914,992,0,-402,-363,244,1399,995,871
"2024-05-01",8,20594,22122,18767,661,6562,0,17193,0,297,819,906,991,0,-402,-329,192,1399,995,966
"2024-05-01",9,20502,22085,18653,659,6562,0,17193,0,300,660,954,992,0,-402,-381,63,1399,996,1166
"2024-05-01",10,20489,22103,18674,656,6562,0,17193,0,344,724,958,992,0,-402,-368,56,1399,996,1166
"2024-05-01",11,21204,22324,19294,634,6562,0,17193,0,27,588,982,991,0,-402,-191,612,1399,996,289
"2024-05-01",12,21874,22883,19946,611,6562,2,17193,0,12,394,983,992,18,-402,-95,654,1399,996,203
"2024-05-01",13,23719,24733,21636,591,6562,103,17193,0,10,499,1003,992,0,-402,-102,810,1399,996,604
"2024-05-01",14,25595,26716,23326,571,6562,459,17193,0,6,442,1005,991,0,-410,-205,821,1399,996,653
"2024-05-01",15,27988,29423,25445,533,6562,951,17193,0,10,-132,1005,992,401,-446,-479,987,1398,996,1353
"2024-05-01",16,29196,30690,26552,495,6562,1648,17193,0,11,524,1005,991,481,-452,-531,999,1398,996,1418
"2024-05-01",17,29148,30639,26362,495,6562,2344,17193,0,8,434,1004,991,501,-452,-531,999,1397,996,1418
"2024-05-01",18,28721,30211,25963,495,6562,3203,17193,0,7,450,1004,991,502,-452,-531,999,1397,996,1418
"2024-05-01",19,28922,30409,26119,516,6562,3898,17193,0,4,368,1004,991,502,-452,-531,1018,1397,996,1418
"2024-05-01",20,28420,29910,25618,537,6562,4749,17193,0,7,344,1004,992,502,-452,-531,1019,1397,996,1418
"2024-05-01",21,27875,29272,25107,571,6562,5534,17193,0,6,-191,1004,991,502,-452,-439,1019,1397,996,1418
"2024-05-01",22,27356,28711,24584,604,6562,5869,17193,0,5,-342,1004,991,502,-452,-398,1019,1397,996,1418
"2024-05-01",23,26910,28084,24127,616,6562,6518,17193,0,7,-208,1004,992,502,-393,-274,1019,1397,996,1418
"2024-05-01",24,26670,27848,23929,627,6562,7175,17193,0,4,-245,1004,991,502,-379,-295,1019,1397,996,1418
"2024-05-01",25,26723,27778,23875,620,6562,7424,17193,0,3,-384,1004,991,502,-253,-299,1019,1397,996,1418
"2024-05-01",26,26428,27492,23592,613,6562,7177,17193,0,3,-489,1004,992,502,-242,-319,1019,1397,996,1418
"2024-05-01",27,26171,27102,23373,628,6562,6534,17193,0,4,-460,1005,991,502,-195,-232,1019,1398,996,1418
"2024-05-01",28,25758,26775,23058,643,6562,6362,17193,0,3,-565,1005,991,502,-233,-281,1019,1398,996,1418
"2024-05-01",29,25844,26921,23190,665,6562,5901,17193,0,5,-506,1005,992,502,-272,-300,1001,1398,996,1418
"2024-05-01",30,25882,27054,23239,687,6562,5305,17193,0,7,-632,1005,992,502,-318,-347,999,1398,995,1418
"2024-05-01",31,26187,27433,23509,711,6562,4784,17193,0,7,-777,1005,991,502,-290,-449,999,1398,996,1418
"2024-05-01",32,26703,27973,24014,735,6562,4059,17193,0,5,-973,1004,992,502,-292,-473,999,1398,996,1418
"2024-05-01",33,27652,28867,24940,769,6562,3568,17193,0,10,-618,1004,992,502,-275,-430,999,1398,996,1418
"2024-05-01",34,28637,29948,25856,802,6562,2936,17193,0,12,-608,1004,991,502,-324,-475,999,1398,996,1418
"2024-05-01",35,29855,31205,27013,823,6562,2349,17193,0,5,-185,1004,991,460,-318,-527,999,1399,996,1418
"2024-05-01",36,30489,31769,27640,844,6562,1857,17193,0,6,279,1004,992,458,-246,-528,999,1398,996,1419
"2024-05-01",37,30662,32045,27893,855,6562,1319,17193,0,6,280,1004,991,299,-349,-528,999,1398,995,1418
"2024-05-01",38,30690,32125,27938,866,6562,814,17193,0,6,233,1004,992,290,-402,-527,999,1398,995,1418
"2024-05-01",39,30715,32315,28070,872,6562,446,17193,0,3,346,1004,991,-129,-440,-528,999,1397,995,1418
"2024-05-01",40,30642,32285,27950,878,6562,181,17193,0,6,139,1004,991,-159,-450,-528,999,1397,995,1418
"2024-05-01",41,30594,32089,27884,920,6562,18,17193,0,11,-72,1004,991,-5,-451,-528,999,1398,995,1418
"2024-05-01",42,30264,31753,27635,961,6562,0,17193,0,11,145,1004,991,0,-451,-527,999,1398,995,1418
"2024-05-01",43,29863,31356,27314,1011,6562,0,17193,0,14,213,1004,991,94,-451,-528,999,1399,995,1418
"2024-05-01",44,28413,29906,25949,1060,6562,0,17193,0,14,382,1004,991,103,-451,-528,999,1399,995,1418
"2024-05-01",45,26682,28170,24395,1121,6562,0,17193,0,8,276,1004,991,165,-451,-529,910,1399,995,1418
"2024-05-01",46,25044,26533,22887,1181,6562,0,17193,0,9,439,1004,992,171,-451,-529,903,1398,995,1419
"2024-05-01",47,22927,24815,20976,1239,6562,0,17193,0,409,520,1004,992,375,-451,-528,961,1399,996,1419
"2024-05-01",48,21922,24313,20113,1297,6562,0,17193,0,911,476,1004,991,395,-451,-529,964,1398,996,1418
"2024-05-02",1,21147,23964,19430,1427,6562,0,17193,0,934,509,1005,992,-402,-452,-529,494,1399,995,1418
"2024-05-02",2,20566,23509,18903,1557,6562,0,17193,0,988,535,1000,991,-473,-452,-530,458,1399,995,1415
"2024-05-02",3,20239,22707,18643,1579,6562,0,17193,0,979,653,781,929,-8,-452,-529,397,1398,997,1180
"2024-05-02",4,20300,22760,18761,1600,6562,0,17193,0,979,558,764,924,0,-451,-530,392,1399,996,1155
"2024-05-02",5,20055,22707,18522,1611,6562,0,17193,0,977,587,983,986,-194,-451,-530,439,1398,995,960
"2024-05-02",6,19489,22167,18016,1621,6562,0,17193,0,980,603,1006,992,-217,-451,-530,442,1398,996,945
"2024-05-02",7,19027,21694,17626,1644,6562,0,17193,0,957,714,1006,992,-229,-451,-530,98,1397,997,1112
"2024-05-02",8,18718,21255,17340,1667,6562,0,17193,0,826,720,1007,991,-230,-451,-530,73,1397,996,1132
"2024-05-02",9,18675,21403,17272,1721,6562,0,17193,0,716,680,1007,992,-461,-451,-530,-70,1398,995,1358
"2024-05-02",10,18671,21628,17237,1774,6562,0,17193,0,903,608,1007,992,-492,-451,-530,-81,1397,996,1373
"2024-05-02",11,19081,22419,17566,1772,6562,0,17193,0,956,1072,1006,992,-900,-451,-531,288,1397,996,916
"2024-05-02",12,19578,22712,18018,1769,6562,17,17193,0,719,1293,1006,992,-933,-451,-531,318,1397,997,880
"2024-05-02",13,21995,24740,20234,1789,6562,143,17193,0,571,1384,1005,991,-692,-451,-531,949,1397,996,1370
"2024-05-02",14,24166,26399,22255,1808,6562,299,17193,0,125,1727,1005,991,-627,-451,-530,999,1396,997,1416
"2024-05-02",15,27027,28527,24885,1840,6562,607,17193,0,18,2129,1004,991,754,-452,-530,999,1397,997,1416
"2024-05-02",16,28330,29828,26082,1871,6562,1063,17193,0,15,2372,1004,991,1004,-452,-531,999,1396,997,1416
"2024-05-02",17,28824,30315,26525,1932,6562,1514,17193,0,9,2509,1004,991,1003,-452,-530,999,1396,997,1416
"2024-05-02",18,28572,30062,26341,1992,6562,2118,17193,0,9,2616,1005,991,1002,-451,-530,999,1396,998,1416
"2024-05-02",19,28689,30180,26480,2119,6562,2651,17193,0,9,2648,1005,991,1003,-452,-530,1018,1397,996,1416
"2024-05-02",20,28451,29942,26312,2246,6562,3225,17193,0,11,2888,1005,991,1002,-451,-529,1019,1396,996,1416
"2024-05-02",21,27742,29240,25745,2321,6562,4015,17193,0,16,2667,1004,991,1003,-452,-530,1019,1397,997,1416
"2024-05-02",22,27323,28818,25424,2396,6562,4689,17193,0,14,2774,1004,991,1003,-452,-529,1019,1396,997,1416
"2024-05-02",23,26960,28454,25108,2460,6562,5399,17193,0,14,2820,1004,991,1002,-451,-529,1019,1396,997,1416
"2024-05-02",24,26787,28280,25025,2524,6562,5991,17193,0,12,2923,1004,991,1003,-452,-529,1019,1397,997,1416
"2024-05-02",25,26597,28089,24879,2554,6562,6235,17193,0,11,2996,1004,991,1003,-452,-529,1019,1397,997,1416
"2024-05-02",26,26000,27489,24423,2583,6562,6284,17193,0,9,2976,1004,991,1003,-452,-528,1019,1397,997,1416
"2024-05-02",27,25657,27239,24168,2603,6562,6313,17193,0,104,2968,1004,991,1003,-451,-527,1019,1396,997,1416
"2024-05-02",28,25202,26811,23778,2623,6562,6304,17193,0,130,2767,1004,991,1003,-452,-527,1019,1397,997,1416
"2024-05-02",29,25267,26874,23814,2619,6562,5747,17193,0,128,2598,1004,991,1003,-452,-527,1001,1397,997,1416
"2024-05-02",30,25461,27067,23986,2614,6562,5291,17193,0,128,2604,1004,991,1003,-451,-527,999,1397,997,1416
"2024-05-02",31,25502,27110,23994,2605,6562,4606,17193,0,131,2589,1005,991,511,-451,-526,999,1397,996,1416
"2024-05-02",32,26157,27736,24608,2595,6562,4120,17193,0,101,2705,1005,991,460,-451,-527,999,1397,996,1416
"2024-05-02",33,26350,27881,24720,2580,6562,3635,17193,0,14,2636,1005,991,-143,-451,-423,999,1397,997,1416
"2024-05-02",34,27549,29083,25788,2564,6562,3158,17193,0,13,2588,1005,991,-168,-452,-401,999,1397,997,1416
"2024-05-02",35,28862,30397,27041,2493,6562,2566,17193,0,14,2755,1005,991,-224,-451,-346,999,1397,996,1416
"2024-05-02",36,29472,31176,27611,2421,6562,1941,17193,0,14,2652,1005,991,-226,-452,-512,999,1397,997,1417
"2024-05-02",37,30057,31616,28085,2331,6562,1430,17193,0,13,2815,1004,991,-201,-451,-394,999,1396,996,1416
"2024-05-02",38,30205,31830,28151,2241,6562,902,17193,0,15,2662,1004,992,-216,-452,-442,999,1397,997,1416
"2024-05-02",39,30158,32303,28041,2155,6562,504,17193,0,12,2691,1004,992,-664,-452,-517,999,1397,996,1416
"2024-05-02",40,29967,32126,27787,2068,6562,215,17193,0,14,2643,1004,991,-668,-451,-526,999,1397,996,1416
"2024-05-02",41,29727,31415,27591,2000,6562,31,17193,0,11,2617,1005,991,-199,-451,-527,999,1397,996,1417
"2024-05-02",42,29342,30992,27234,1932,6562,0,17193,0,12,2581,1005,991,-161,-451,-526,999,1397,997,1416
"2024-05-02",43,28688,30358,26603,1897,6562,0,17193,0,12,2333,1005,992,-180,-451,-527,999,1397,996,1417
"2024-05-02",44,27280,28950,25204,1862,6562,0,17193,0,12,2042,1004,991,-181,-451,-526,999,1397,996,1420
"2024-05-02",45,25896,27490,23955,1844,6562,0,17193,0,8,1738,1005,992,-108,-451,-527,999,1398,995,1420
"2024-05-02",46,24202,25796,22390,1825,6562,0,17193,0,12,1650,1004,991,-104,-451,-527,999,1398,995,1409
"2024-05-02",47,22779,24139,21069,1791,6562,0,17193,0,16,1756,1004,992,525,-442,-402,999,1398,996,846
"2024-05-02",48,21727,23199,20132,1757,6562,0,17193,0,411,1784,1004,992,617,-451,-110,999,1398,995,792
"2024-05-03",1,20974,22502,19472,1718,6562,0,17193,0,73,1768,1005,991,-304,-451,-200,919,1398,995,792
"2024-05-03",2,20506,22109,19015,1679,6562,0,17193,0,17,1914,1005,992,-358,-451,-277,913,1398,995,792
"2024-05-03",3,20380,22061,18931,1646,6562,0,17193,0,291,2251,1004,991,-210,-451,-229,993,1397,995,792
"2024-05-03",4,20414,22314,19033,1612,6562,0,17193,0,537,2595,1005,992,-199,-451,-213,999,1397,996,792
"2024-05-03",5,20347,22242,18915,1574,6562,0,17193,0,696,2357,1004,992,311,-451,-248,999,1397,995,792
"2024-05-03",6,19947,21948,18609,1535,6562,0,17193,0,831,2400,1005,991,362,-451,-219,999,1397,995,792
"2024-05-03",7,19633,21933,18248,1517,6562,0,17193,0,609,2371,1005,991,-401,-451,-339,999,1397,995,792
"2024-05-03",8,19557,21912,18136,1499,6562,0,17193,0,693,2160,1005,991,-481,-451,-230,999,1397,995,792
"2024-05-03",9,19371,21477,17939,1515,6562,0,17193,0,794,1887,1005,991,-170,-451,-191,702,1397,995,792
"2024-05-03",10,19177,21574,17801,1530,6562,0,17193,0,946,1480,1005,992,-162,-451,-338,680,1397,995,792
"2024-05-03",11,19388,21622,18041,1522,6562,0,17193,0,485,1585,1005,992,-569,-451,-229,454,1397,995,792
"2024-05-03",12,20019,22355,18651,1513,6562,1,17193,0,607,1731,1005,991,-576,-451,-202,437,1397,995,792
"2024-05-03",13,22102,24487,20486,1518,6562,45,17193,0,299,1657,1005,992,-867,-451,-268,511,1397,995,792
"2024-05-03",14,24469,26837,22619,1522,6562,168,17193,0,81,1696,1005,991,-871,-452,-464,516,1397,994,800
"2024-05-03",15,27210,29420,25116,1508,6562,386,17193,0,10,1658,1005,992,-722,-451,-527,511,1397,995,1364
"2024-05-03",16,28133,30292,25950,1493,6562,689,17193,0,15,1576,1005,991,-665,-451,-528,511,1396,995,1416
"2024-05-03",17,29211,30706,26903,1520,6562,1000,17193,0,14,1444,1004,992,450,-451,-530,965,1397,995,1416
"2024-05-03",18,29628,31123,27306,1547,6562,1389,17193,0,15,1445,1004,991,548,-451,-529,999,1397,995,1416
"2024-05-03",19,30484,31981,28032,1582,6562,1763,17193,0,16,1606,1004,992,451,-451,-530,1018,1397,995,1416
"2024-05-03",20,30374,31866,27984,1616,6562,2035,17193,0,12,1900,1004,991,448,-451,-529,1019,1397,995,1416
"2024-05-03",21,30415,31910,28054,1673,6562,2310,17193,0,16,1479,1004,992,962,-451,-528,1019,1397,995,1417
"2024-05-03",22,30041,31537,27683,1729,6562,2398,17193,0,16,1305,1004,991,1002,-451,-529,1019,1396,995,1416
"2024-05-03",23,30334,31829,27971,1798,6562,2568,17193,0,15,1300,1004,992,1002,-451,-529,1019,1397,995,1416
"2024-05-03",24,30281,31774,27979,1867,6562,2758,17193,0,12,1437,1004,991,1003,-451,-530,1019,1396,995,1416
"2024-05-03",25,30113,31584,27866,1902,6562,2936,17193,0,8,1464,1004,991,960,-434,-529,1019,1397,995,1416
"2024-05-03",26,29803,31215,27599,1937,6562,3050,17193,0,11,1580,1004,991,957,-371,-530,1019,1397,995,1416
"2024-05-03",27,29162,30555,27042,1930,6562,3215,17193,0,12,1460,1004,991,942,-352,-529,1019,1397,995,1416
"2024-05-03",28,28471,29863,26374,1922,6562,3338,17193,0,12,1367,1004,991,941,-352,-528,1019,1397,995,1416
"2024-05-03",29,28030,29423,25946,1892,6562,3351,17193,0,12,1455,1004,991,999,-352,-529,1001,1397,995,1416
"2024-05-03",30,27760,29147,25530,1861,6562,3253,17193,0,7,1194,1004,992,1003,-352,-528,999,1397,995,1416
"2024-05-03",31,27639,29026,25278,1820,6562,3102,17193,0,7,1005,1004,992,862,-352,-528,999,1398,995,1416
"2024-05-03",32,27975,29361,25641,1778,6562,2961,17193,0,7,893,1004,991,851,-352,-527,999,1398,995,1405
"2024-05-03",33,28180,29568,25850,1730,6562,2669,17193,0,7,847,1004,991,974,-352,-529,999,1398,995,732
"2024-05-03",34,28691,30078,26247,1682,6562,2209,17193,0,5,642,1005,991,987,-352,-530,999,1397,995,668
"2024-05-03",35,29157,30590,26580,1611,6562,1872,17193,0,8,786,1005,992,900,-410,-515,999,1398,995,595
"2024-05-03",36,29836,31326,27234,1539,6562,1493,17193,0,9,708,1005,991,893,-452,-529,999,1399,995,580
"2024-05-03",37,29860,31346,27341,1483,6562,1119,17193,0,4,885,1004,992,289,-452,-530,999,1398,995,52
"2024-05-03",38,29850,31339,27352,1426,6562,753,17193,0,7,845,1005,991,238,-452,-530,999,1398,995,0
"2024-05-03",39,30211,31731,27793,1393,6562,411,17193,0,6,1072,1004,992,8,-452,-530,990,1398,996,-32
"2024-05-03",40,29835,31360,27306,1359,6562,167,17193,0,3,630,1005,991,0,-452,-530,989,1398,995,-40
"2024-05-03",41,29238,30849,26774,1328,6562,24,17193,0,10,357,1004,991,-95,-452,-530,980,1399,995,-24
"2024-05-03",42,28942,30559,26465,1297,6562,0,17193,0,10,105,1004,992,-104,-451,-531,979,1399,996,-21
"2024-05-03",43,28625,30209,26137,1264,6562,0,17193,0,6,-309,1005,992,379,-452,-531,742,1399,996,-95
"2024-05-03",44,27763,29367,25314,1231,6562,0,17193,0,13,-610,1005,991,441,-452,-530,724,1399,996,-109
"2024-05-03",45,26132,28418,23794,1199,6562,0,17193,0,9,-895,1005,992,-242,-451,-530,766,1399,995,-554
"2024-05-03",46,24725,27092,22473,1166,6562,0,17193,0,7,-940,1005,991,-283,-452,-530,769,1399,995,-595
"2024-05-03",47,23106,25362,20989,1141,6562,0,17193,0,6,-934,1005,992,-252,-452,-530,818,1399,995,-516
"2024-05-03",48,22028,24279,19985,1115,6562,0,17193,0,8,-955,1005,991,-250,-452,-530,821,1399,995,-511
"2024-05-04",1,21341,24283,19350,1034,6562,0,17193,0,11,-989,1005,992,-719,-452,-531,941,1399,995,-729
"2024-05-04",2,20964,24016,18982,953,6562,0,17193,0,67,-1090,1005,991,-756,-452,-530,949,1398,995,-747
"2024-05-04",3,20729,23535,18832,932,6562,0,17193,0,115,-1149,1005,991,-647,-452,-530,889,1399,995,-562
"2024-05-04",4,20752,23550,18880,911,6562,0,17193,0,130,-1179,1005,991,-639,-452,-531,884,1399,995,-546
"2024-05-04",5,20445,23608,18592,890,6562,0,17193,0,128,-1043,1006,991,-866,-452,-530,559,1399,996,-687
"2024-05-04",6,20382,23565,18565,869,6562,0,17193,0,129,-955,1005,991,-868,-452,-530,535,1399,995,-704
"2024-05-04",7,19950,23449,18094,843,6562,0,17193,0,130,-1030,879,991,-950,-452,-530,242,1398,995,-937
"2024-05-04",8,19800,23327,17947,816,6562,0,17193,0,128,-1179,870,991,-957,-452,-530,222,1398,996,-960
"2024-05-04",9,19470,23085,17608,805,6562,0,17193,0,129,-1171,996,991,-1011,-452,-530,97,1399,995,-993
"2024-05-04",10,19287,22905,17440,794,6562,0,17193,0,128,-1278,1007,991,-1013,-452,-529,89,1398,995,-996
"2024-05-04",11,19342,22892,17474,778,6562,0,17193,0,129,-1184,983,991,-969,-452,-530,179,1398,996,-970
"2024-05-04",12,19290,22823,17406,762,6562,26,17193,0,129,-1158,982,991,-966,-452,-530,186,1398,996,-956
"2024-05-04",13,20375,23094,18401,752,6562,234,17193,0,76,-1236,957,991,-884,-452,-530,635,1398,996,-277
"2024-05-04",14,20881,23320,18854,742,6562,682,17193,0,17,-1305,956,991,-806,-452,-453,668,1398,995,-211
"2024-05-04",15,21957,23457,19766,729,6562,1297,17193,0,11,-1370,1002,991,-9,-452,-528,673,1398,995,171
"2024-05-04",16,22338,23829,20046,716,6562,2049,17193,0,10,-1435,1006,991,0,-452,-529,673,1398,995,217
"2024-05-04",17,23159,24652,20675,742,6562,2863,17193,0,11,-1541,1005,991,718,-452,-530,775,1397,996,740
"2024-05-04",18,23101,24590,20489,767,6562,3699,17193,0,7,-1610,1005,991,928,-452,-530,783,1398,996,790
"2024-05-04",19,23029,24519,20315,794,6562,4692,17193,0,7,-1470,1005,991,998,-452,-531,1003,1398,995,789
"2024-05-04",20,22547,24039,19786,820,6562,5770,17193,0,9,-1504,1003,989,1003,-452,-531,1019,1398,995,790
"2024-05-04",21,22020,23515,19312,856,6562,6651,17193,0,12,-1547,914,860,1003,-452,-531,794,1398,996,790
"2024-05-04",22,21680,23174,18934,892,6562,7467,17193,0,12,-1613,904,845,1003,-452,-530,777,1398,996,789
"2024-05-04",23,20983,22471,18224,913,6562,7829,17193,0,7,-1977,815,671,849,-452,-529,485,1398,996,790
"2024-05-04",24,20683,22171,17908,934,6562,8204,17193,0,7,-2036,805,658,832,-452,-529,464,1398,996,788
"2024-05-04",25,20874,22361,18101,926,6562,8371,17193,0,6,-2013,697,866,833,-452,-529,888,1398,996,660
"2024-05-04",26,20715,22202,17899,917,6562,8281,17193,0,7,-2106,681,885,833,-452,-528,919,1398,996,646
"2024-05-04",27,20255,21741,17540,889,6562,8015,17193,0,5,-2069,464,890,512,-452,-529,737,1398,996,532
"2024-05-04",28,20231,21718,17544,860,6562,7721,17193,0,7,-2155,447,892,462,-452,-528,724,1398,996,524
"2024-05-04",29,20157,21644,17442,832,6562,7147,17193,0,7,-2167,916,983,305,-452,-528,689,1399,995,767
"2024-05-04",30,20263,21749,17567,804,6562,6676,17193,0,7,-2124,956,991,288,-452,-527,687,1399,995,771
"2024-05-04",31,20490,22086,17846,773,6562,6200,17193,0,7,-2024,1002,992,679,-452,-528,978,1399,994,-109
"2024-05-04",32,21080,22762,18451,741,6562,5675,17193,0,9,-2022,1005,992,684,-451,-528,999,1398,994,-194
"2024-05-04",33,21861,23353,19213,725,6562,5019,17193,0,12,-1935,1006,991,111,-452,-528,724,1398,995,278
"2024-05-04",34,23021,24511,20299,708,6562,4394,17193,0,11,-2000,1006,991,103,-452,-527,703,1398,995,319
"2024-05-04",35,24379,25870,21570,667,6562,3726,17193,0,12,-1922,1005,992,215,-451,-528,860,1399,996,27
"2024-05-04",36,25393,26907,22569,626,6562,3109,17193,0,12,-1726,1005,992,227,-451,-527,871,1398,995,-24
"2024-05-04",37,25737,28554,22924,581,6562,2430,17193,0,7,-1320,1005,991,-332,-451,-528,807,1398,995,-999
"2024-05-04",38,26279,29258,23522,536,6562,1743,17193,0,6,-1202,1006,992,-395,-452,-527,796,1398,995,-1099
"2024-05-04",39,26326,29876,23706,509,6562,1008,17193,0,6,-478,1007,992,-967,-451,-527,61,1399,995,-1099
"2024-05-04",40,26215,29709,23685,482,6562,456,17193,0,5,-477,1007,992,-911,-451,-528,1,1399,996,-1099
"2024-05-04",41,26491,29076,23900,471,6562,81,17193,0,6,-1061,1006,991,171,-451,-529,516,1398,995,-1099
"2024-05-04",42,26451,29036,23905,459,6562,0,17193,0,6,-1052,1006,992,200,-452,-528,554,1398,996,-1099
"2024-05-04",43,25986,28564,23470,451,6562,0,17193,0,3,-1140,1006,992,262,-452,-530,569,1398,995,-1093
"2024-05-04",44,25346,27870,22887,442,6562,0,17193,0,5,-1305,1006,991,268,-452,-530,570,1398,994,-1037
"2024-05-04",45,25094,26587,22727,429,6562,0,17193,0,11,-1331,1004,991,109,-452,-530,400,1398,996,260
"2024-05-04",46,24350,25845,22080,415,6562,0,17193,0,14,-1466,1004,992,102,-452,-529,389,1398,996,427
"2024-05-04",47,23073,24445,20874,408,6562,0,17193,0,12,-1573,1005,991,550,-452,-408,910,1398,996,756
"2024-05-04",48,22064,23344,19969,400,6562,0,17193,0,14,-1514,1005,992,607,-452,-314,950,1397,996,788
"2024-05-05",1,21123,22607,19092,393,6562,0,17193,0,13,-1300,1005,992,8,-452,-519,915,1398,996,788
"2024-05-05",2,20781,22272,18581,386,6562,0,17193,0,11,-1276,1005,991,0,-451,-529,912,1397,996,787
"2024-05-05",3,20526,21966,18523,383,6562,0,17193,0,10,-1254,1005,992,368,-452,-478,865,1398,996,788
"2024-05-05",4,20512,21900,18549,379,6562,0,17193,0,18,-1243,1005,991,429,-451,-419,861,1397,996,787
"2024-05-05",5,20055,21857,18134,379,6562,0,17193,0,434,-1254,1005,991,447,-452,-416,774,1398,995,788
"2024-05-05",6,19493,21570,17629,378,6562,0,17193,0,640,-1339,1005,991,447,-452,-485,767,1398,996,787
"2024-05-05",7,19145,21279,17293,375,6562,0,17193,0,789,-1202,1005,992,359,-452,-393,683,1398,996,788
"2024-05-05",8,18909,21200,17063,372,6562,0,17193,0,923,-1142,1005,991,349,-452,-416,677,1398,995,788
"2024-05-05",9,18755,20928,16919,380,6562,0,17193,0,809,-1092,1006,991,-87,-452,-325,657,1398,996,787
"2024-05-05",10,18712,20941,16874,388,6562,0,17193,0,869,-1085,1003,991,-104,-451,-305,655,1398,996,788
"2024-05-05",11,18673,20863,16824,388,6562,0,17193,0,848,-1041,902,960,318,-451,-391,810,1398,996,788
"2024-05-05",12,18440,20687,16620,388,6562,35,17193,0,911,-1041,891,958,374,-452,-384,821,1398,996,787
"2024-05-05",13,18945,21015,17053,386,6562,307,17193,0,868,-1430,929,988,625,-452,-250,788,1397,996,787
"2024-05-05",14,19037,21103,17085,384,6562,909,17193,0,847,-1631,933,991,659,-451,-268,785,1376,996,788
"2024-05-05",15,19365,21272,17359,374,6562,1794,17193,0,694,-1589,1000,991,877,-447,-266,887,1031,996,788
"2024-05-05",16,19586,21278,17532,364,6562,2674,17193,0,565,-1554,1005,991,906,-339,-288,894,980,996,788
"2024-05-05",17,20164,21597,17918,375,6562,3454,17193,0,175,-1713,1005,991,999,-253,-505,992,980,995,788
"2024-05-05",18,20314,21606,17948,386,6562,4378,17193,0,12,-1923,1005,991,1003,-250,-530,999,980,995,787
"2024-05-05",19,20520,21808,18108,407,6562,5232,17193,0,8,-1885,1005,991,1003,-250,-530,1018,980,995,788
"2024-05-05",20,20487,21774,17972,427,6562,6049,17193,0,7,-1876,1004,991,1003,-250,-530,1019,980,996,788
"2024-05-05",21,20522,21809,17964,464,6562,6748,17193,0,7,-1881,1005,991,1003,-250,-530,1019,980,995,787
"2024-05-05",22,20326,21613,17757,500,6562,7245,17193,0,7,-1883,1005,991,1003,-250,-530,1019,980,995,788
"2024-05-05",23,20451,21734,17922,519,6562,7648,17193,0,5,-1706,1005,991,1003,-250,-528,1019,980,996,787
"2024-05-05",24,20815,22101,18265,538,6562,7554,17193,0,7,-1736,1005,992,1003,-250,-529,1019,981,996,788
"2024-05-05",25,21085,22368,18522,549,6562,7444,17193,0,5,-1701,1005,991,1004,-250,-528,1019,980,996,787
"2024-05-05",26,21184,22469,18653,559,6562,6884,17193,0,7,-1560,1005,991,1003,-250,-528,1019,980,996,788
"2024-05-05",27,21456,22738,18971,553,6562,6130,17193,0,5,-1498,1005,991,1002,-250,-527,1019,980,995,788
"2024-05-05",28,21389,22672,18957,547,6562,5225,17193,0,6,-1411,1005,991,1002,-250,-527,1019,981,995,787
"2024-05-05",29,21529,22814,19126,549,6562,5014,17193,0,8,-1325,1005,991,1003,-250,-527,1001,980,996,788
"2024-05-05",30,21570,22855,19188,550,6562,4746,17193,0,8,-1315,1005,991,1003,-250,-527,999,980,996,787
"2024-05-05",31,22206,23490,19771,550,6562,4641,17193,0,7,-1356,1005,992,1003,-250,-527,999,980,996,788
"2024-05-05",32,22718,24002,20240,549,6562,4196,17193,0,7,-1519,1005,992,1003,-250,-527,999,980,996,787
"2024-05-05",33,23904,25188,21339,560,6562,3699,17193,0,7,-1531,1005,992,1003,-250,-527,944,980,996,788
"2024-05-05",34,25110,26394,22479,571,6562,3230,17193,0,7,-1604,1005,992,1003,-250,-527,940,980,996,788
"2024-05-05",35,25862,27146,23196,537,6562,2815,17193,0,7,-1548,1005,991,946,-250,-527,784,980,996,787
"2024-05-05",36,26326,27610,23608,503,6562,2394,17193,0,7,-1579,1005,992,941,-250,-527,772,980,996,787
"2024-05-05",37,26600,27863,23870,467,6562,1749,17193,0,6,-1409,1006,991,664,-231,-526,361,980,996,704
"2024-05-05",38,26878,28151,24187,430,6562,1095,17193,0,12,-1390,1006,991,627,-234,-527,330,980,996,692
"2024-05-05",39,26768,28482,24156,404,6562,655,17193,0,7,-1241,1005,992,-456,-224,-527,673,980,996,478
"2024-05-05",40,26592,28401,24026,378,6562,280,17193,0,7,-1131,1005,991,-554,-222,-526,697,980,996,459
"2024-05-05",41,26552,28380,24016,369,6562,42,17193,0,7,-1267,1005,992,-554,-240,-527,817,980,996,617
"2024-05-05",42,26796,28625,24289,359,6562,0,17193,0,7,-1087,1005,991,-554,-241,-527,825,980,995,632
"2024-05-05",43,26209,28084,23674,353,6562,0,17193,0,8,-1148,1005,991,-610,-231,-526,827,980,995,593
"2024-05-05",44,25092,26957,22606,347,6562,0,17193,0,13,-1134,1005,991,-612,-214,-526,827,980,995,586
"2024-05-05",45,24254,25835,21875,336,6562,0,17193,0,11,-1231,996,969,-318,-225,-527,988,981,996,429
"2024-05-05",46,23064,24626,20809,324,6562,0,17193,0,11,-1168,996,967,-275,-249,-527,996,1002,996,418
"2024-05-05",47,22294,23457,20146,313,6562,0,17193,0,11,-1170,1006,990,77,-250,-402,389,1347,996,754
"2024-05-05",48,21310,22438,19251,302,6562,0,17193,0,13,-1130,1006,991,138,-250,-365,341,1399,995,783
"2024-05-06",1,20371,21725,18353,283,6562,0,17193,0,13,-1130,1006,991,-104,-250,-487,566,1399,995,538
"2024-05-06",2,20206,21608,18206,264,6562,0,17193,0,6,-1263,1006,992,-120,-250,-526,582,1399,995,506
"2024-05-06",3,19874,21400,17908,254,6562,0,17193,0,330,-1133,1005,992,-6,-250,-440,830,1399,996,123
"2024-05-06",4,19882,21375,17907,243,6562,0,17193,0,360,-1351,1005,991,0,-250,-383,848,1398,996,88
"2024-05-06",5,20057,21518,18127,238,6562,0,17193,0,356,-1594,1005,991,0,-250,-355,974,1398,996,256
"2024-05-06",6,19763,21352,17827,232,6562,0,17193,0,358,-1563,1005,992,0,-250,-481,983,1398,995,273
"2024-05-06",7,19107,20851,17190,231,6562,0,17193,0,355,-1569,1005,992,-112,-250,-527,998,1399,996,286
"2024-05-06",8,18724,20431,16813,229,6562,0,17193,0,340,-1567,1005,992,-124,-250,-493,999,1398,996,278
"2024-05-06",9,18737,20618,16831,240,6562,0,17193,0,171,-1507,1005,992,-323,-250,-268,992,1399,995,-369
"2024-05-06",10,18580,20537,16667,251,6562,0,17193,0,115,-1421,1005,991,-329,-247,-330,961,1399,995,-436
"2024-05-06",11,18145,20940,16216,257,6562,0,17193,0,59,-1260,1007,992,-961,-160,-83,-151,1399,996,-881
"2024-05-06",12,18363,21526,16468,263,6562,58,17193,0,283,-1099,1008,992,-1014,-173,0,-267,1399,996,-926
"2024-05-06",13,18826,22501,16784,265,6562,378,17193,0,138,-797,1008,991,-1014,-186,0,-757,1399,996,-1080
"2024-05-06",14,19647,23256,17562,266,6562,853,17193,0,12,-476,1009,992,-1008,-203,-11,-786,1399,996,-1089
"2024-05-06",15,20769,22484,18425,267,6562,1371,17193,0,11,-1001,1007,990,-268,-249,-216,-47,1399,995,-424
"2024-05-06",16,21299,22810,18825,267,6562,2150,17193,0,12,-1090,1007,990,-202,-250,-194,13,1398,995,-353
"2024-05-06",17,22082,23277,19547,282,6562,2794,17193,0,12,-1124,1006,992,448,-250,-433,198,1399,950,187
"2024-05-06",18,22510,23743,19892,297,6562,3311,17193,0,11,-1199,1006,991,562,-250,-472,214,1398,947,240
"2024-05-06",19,23177,24510,20480,318,6562,4068,17193,0,55,-1236,1005,992,998,-250,-528,819,1398,992,380
"2024-05-06",20,23503,24788,20735,338,6562,4697,17193,0,7,-1277,1005,992,1003,-250,-528,867,1397,995,394
"2024-05-06",21,23531,24816,20763,370,6562,5205,17193,0,7,-1373,1004,991,1002,-250,-528,1009,1397,996,397
"2024-05-06",22,23137,24422,20370,402,6562,5714,17193,0,7,-1443,1005,991,1003,-250,-528,1019,1396,995,404
"2024-05-06",23,23064,24348,20291,426,6562,5711,17193,0,6,-1587,1005,992,1002,-250,-528,951,1397,996,849
"2024-05-06",24,23145,24431,20366,449,6562,5879,17193,0,7,-1787,1005,992,1003,-250,-529,946,1397,996,896
"2024-05-06",25,23428,24714,20635,484,6562,5922,17193,0,7,-1794,1005,991,1000,-250,-529,1014,1396,995,1208
"2024-05-06",26,23451,24736,20677,518,6562,5742,17193,0,7,-1694,1005,991,1000,-250,-528,1019,1396,996,1232
"2024-05-06",27,23444,24729,20733,556,6562,5758,17193,0,7,-1563,1005,991,953,-250,-528,1014,1397,995,852
"2024-05-06",28,23240,24497,20591,593,6562,5709,17193,0,6,-1592,1005,992,948,-250,-501,1014,1397,995,808
"2024-05-06",29,22991,24039,20384,631,6562,5435,17193,0,6,-1562,1005,991,415,-250,-292,815,1397,995,301
"2024-05-06",30,23275,24441,20722,669,6562,5404,17193,0,3,-1331,1005,991,372,-250,-413,800,1397,995,241
"2024-05-06",31,23264,24897,20685,696,6562,5004,17193,0,7,-1170,1005,992,321,-250,-242,986,1397,995,-634
"2024-05-06",32,23873,25568,21308,723,6562,4060,17193,0,7,-1109,1005,992,314,-250,-222,999,1397,996,-716
"2024-05-06",33,24377,26583,21768,748,6562,3305,17193,0,12,-1051,1005,991,-690,-250,-68,999,1397,995,-686
"2024-05-06",34,25467,27887,22779,772,6562,3131,17193,0,12,-889,1005,991,-895,-250,-75,999,1397,995,-688
"2024-05-06",35,26454,29286,23706,756,6562,2747,17193,0,9,-551,1005,991,-1010,-250,-1,999,1397,995,-1062
"2024-05-06",36,27664,30604,24822,739,6562,1902,17193,0,7,-220,1005,991,-1014,-250,-71,999,1397,996,-1098
"2024-05-06",37,28156,31032,25343,718,6562,1525,17193,0,7,-180,1005,991,-1014,-250,-7,796,1397,995,-1098
"2024-05-06",38,28721,31630,25843,697,6562,1089,17193,0,7,-102,1005,992,-1014,-250,-40,775,1397,995,-1098
"2024-05-06",39,28566,31441,25797,674,6562,556,17193,0,7,122,1006,992,-834,-250,-186,38,1397,996,-1098
"2024-05-06",40,28416,31262,25683,650,6562,304,17193,0,7,-15,1006,991,-807,-250,-169,-24,1397,996,-1089
"2024-05-06",41,28630,30556,25902,630,6562,66,17193,0,6,-198,1006,991,-261,-250,-403,294,1397,995,-506
"2024-05-06",42,28321,30134,25612,609,6562,0,17193,0,7,-279,1006,992,-233,-250,-374,317,1397,996,-449
"2024-05-06",43,27756,29258,25067,596,6562,0,17193,0,12,-157,1005,991,-8,-250,-444,583,1397,995,-288
"2024-05-06",44,26920,28478,24339,583,6562,0,17193,0,12,75,1005,991,0,-250,-526,602,1397,995,-270
"2024-05-06",45,25546,26969,23101,576,6562,0,17193,0,12,66,1006,992,-150,-250,-436,526,1397,995,-75
"2024-05-06",46,24243,25606,21914,569,6562,0,17193,0,11,114,1004,989,-167,-250,-382,520,1397,995,-53
"2024-05-06",47,22557,23692,20376,567,6562,0,17193,0,11,76,857,848,-7,-250,-367,327,1397,996,215
"2024-05-06",48,21399,22483,19362,564,6562,0,17193,0,11,101,848,836,0,-250,-323,312,1397,996,241
"2024-05-07",1,20679,22044,18675,552,6562,0,17193,0,11,-22,953,934,-95,-250,-509,399,1397,996,234
"2024-05-07",2,20534,21927,18567,539,6562,0,17193,0,12,-109,966,943,-104,-250,-527,405,1398,996,233
"2024-05-07",3,20213,21826,18282,539,6562,0,17193,0,329,-106,956,943,-6,-250,-528,380,1398,996,265
"2024-05-07",4,20329,21974,18448,539,6562,0,17193,0,367,1,956,943,0,-250,-528,377,1397,996,266
"2024-05-07",5,20015,22082,18147,543,6562,0,17193,0,789,-58,1002,987,98,-250,-528,461,1397,995,27
"2024-05-07",6,19620,21822,17762,546,6562,0,17193,0,923,-140,1006,991,107,-250,-529,467,1397,995,0
"2024-05-07",7,19257,21726,17428,558,6562,0,17193,0,831,-102,1006,991,-360,-250,-528,178,1398,995,0
"2024-05-07",8,19117,21740,17216,569,6562,0,17193,0,910,-233,1006,991,-426,-250,-529,157,1397,995,-8
"2024-05-07",9,18908,22279,17054,585,6562,0,17193,0,863,-32,1007,991,-544,-250,-519,-195,1397,995,-500
"2024-05-07",10,18962,22410,17076,600,6562,0,17193,0,832,-292,1007,991,-563,-250,-529,-221,1397,995,-553
"2024-05-07",11,19321,23442,17439,610,6562,0,17193,0,124,-437,1008,992,-1010,-250,-418,-767,1397,996,-1052
"2024-05-07",12,20030,24141,18100,620,6562,33,17193,0,11,-637,1008,991,-1014,-250,-430,-807,1397,995,-1099
"2024-05-07",13,22026,25398,19898,625,6562,257,17193,0,12,-738,1007,992,-909,-237,-179,-436,1397,931,-1099
"2024-05-07",14,23809,26897,21583,630,6562,733,17193,0,11,-483,1004,988,-825,-139,-154,-399,1384,925,-1060
"2024-05-07",15,26112,27298,23602,613,6562,1288,17193,0,16,-810,810,802,85,-225,-445,439,1180,901,147
"2024-05-07",16,26519,27814,23888,596,6562,2035,17193,0,16,-859,795,787,111,-250,-529,513,1162,901,293
"2024-05-07",17,28032,29325,25174,598,6562,2700,17193,0,14,-1465,986,974,927,-250,-529,966,1366,988,1012
"2024-05-07",18,27812,29105,24890,599,6562,3519,17193,0,14,-1779,1004,991,1003,-250,-529,999,1396,996,1082
"2024-05-07",19,27566,28855,24611,586,6562,4349,17193,0,11,-1936,1004,991,1003,-250,-528,1018,1397,996,1299
"2024-05-07",20,27214,28500,24163,573,6562,5031,17193,0,8,-2172,1004,991,1002,-250,-528,1019,1396,996,1320
"2024-05-07",21,26535,27820,23472,556,6562,5642,17193,0,7,-2265,1004,991,1003,-250,-528,1019,1396,996,1363
"2024-05-07",22,25836,27121,22818,539,6562,6206,17193,0,7,-2252,1004,991,1003,-250,-528,1019,1397,995,1368
"2024-05-07",23,25320,26604,22264,522,6562,6884,17193,0,7,-2341,1004,991,1002,-250,-527,1019,1396,996,1411
"2024-05-07",24,24845,26129,21828,505,6562,7450,17193,0,7,-2340,1004,992,1003,-250,-527,1019,1396,995,1415
"2024-05-07",25,24695,25979,21728,504,6562,7697,17193,0,7,-2317,1005,992,1003,-250,-527,1019,1397,996,1415
"2024-05-07",26,24335,25619,21403,502,6562,8247,17193,0,7,-2292,1005,991,1003,-250,-527,1019,1396,995,1415
"2024-05-07",27,24033,25317,21130,510,6562,8352,17193,0,7,-2269,1005,991,1002,-250,-527,1019,1396,996,1415
"2024-05-07",28,23699,24983,20836,517,6562,7870,17193,0,7,-2336,1005,992,1003,-250,-527,1019,1397,996,1413
"2024-05-07",29,23680,24963,20849,522,6562,7564,17193,0,7,-2345,1005,991,984,-250,-526,1001,1396,995,1262
"2024-05-07",30,23652,24936,20840,526,6562,6670,17193,0,7,-2368,1005,991,982,-250,-527,999,1397,996,1240
"2024-05-07",31,23727,25011,20894,528,6562,6134,17193,0,7,-2406,1005,992,657,-250,-527,999,1397,995,710
"2024-05-07",32,24420,25703,21573,530,6562,5828,17193,0,7,-2377,1005,991,603,-250,-526,999,1396,996,610
"2024-05-07",33,25232,27111,22368,543,6562,4829,17193,0,7,-2229,1005,991,308,-250,-526,999,1396,996,-596
"2024-05-07",34,26239,28271,23308,555,6562,4128,17193,0,7,-2265,1005,991,303,-250,-527,999,1374,996,-748
"2024-05-07",35,27335,29310,24347,550,6562,3593,17193,0,7,-2196,1005,991,482,-250,-527,976,1004,997,-691
"2024-05-07",36,28134,30108,25141,545,6562,3142,17193,0,8,-2152,1005,991,485,-250,-526,974,943,997,-690
"2024-05-07",37,28463,31111,25529,540,6562,2465,17193,0,6,-1859,1005,991,-304,-250,-527,823,866,997,-1061
"2024-05-07",38,28880,31615,26021,534,6562,1680,17193,0,5,-1883,1005,991,-359,-250,-526,812,852,996,-1095
"2024-05-07",39,29197,31979,26359,511,6562,1034,17193,0,5,-1868,1005,991,-404,-250,-527,876,802,996,-1096
"2024-05-07",40,29375,32154,26638,487,6562,482,17193,0,5,-1757,1005,992,-405,-250,-526,880,802,996,-1093
"2024-05-07",41,29513,32288,26755,472,6562,99,17193,0,4,-1597,1005,992,-549,-250,-527,740,929,996,-945
"2024-05-07",42,29030,31796,26318,456,6562,0,17193,0,8,-1498,1005,991,-554,-250,-526,729,972,996,-928
"2024-05-07",43,28979,31268,26259,443,6562,0,17193,0,4,-1413,1005,991,-269,-250,-527,688,1343,997,-739
"2024-05-07",44,28086,30315,25393,430,6562,0,17193,0,7,-1428,1005,991,-227,-250,-526,685,1399,996,-719
"2024-05-07",45,26843,28688,24260,415,6562,0,17193,0,7,-1458,1004,991,137,-250,-527,771,1397,995,-561
"2024-05-07",46,25242,27061,22797,399,6562,0,17193,0,7,-1351,1005,991,160,-250,-527,777,1399,995,-535
"2024-05-07",47,23582,25143,21274,392,6562,0,17193,0,7,-1358,1004,991,-277,-250,-527,984,1399,996,217
"2024-05-07",48,22462,24071,20258,385,6562,0,17193,0,7,-1243,1004,991,-325,-250,-527,999,1398,996,289
"2024-05-08",1,21664,23528,19528,369,6562,0,17193,0,7,-1191,1004,992,-580,-250,-527,999,1399,995,303
"2024-05-08",2,21285,23169,19195,352,6562,0,17193,0,7,-1061,1004,991,-600,-250,-527,999,1399,994,301
"2024-05-08",3,21023,22946,18972,357,6562,0,17193,0,108,-984,1004,991,-538,-250,-527,999,1399,995,99
"2024-05-08",4,21068,23006,19054,362,6562,0,17193,0,126,-941,1004,991,-535,-250,-527,999,1398,995,72
"2024-05-08",5,20727,23314,18779,373,6562,0,17193,0,126,-751,1005,991,-811,-250,-527,997,1397,995,-373
"2024-05-08",6,20488,23143,18574,384,6562,0,17193,0,125,-650,1004,991,-831,-250,-527,997,1393,995,-422
"2024-05-08",7,20049,22917,18123,390,6562,0,17193,0,125,-757,1005,991,-644,-250,-527,914,1341,995,-822
"2024-05-08",8,19943,22839,17991,395,6562,0,17193,0,125,-774,1005,991,-631,-250,-527,907,1337,995,-863
"2024-05-08",9,19805,23119,17868,412,6562,0,17193,0,125,-752,1005,991,-833,-250,-529,916,1390,995,-1077
"2024-05-08",10,19889,23226,17951,428,6562,0,17193,0,125,-829,1005,991,-836,-250,-528,918,1375,995,-1098
"2024-05-08",11,20122,23514,18183,432,6562,0,17193,0,21,-831,1005,991,-994,-250,-529,620,1004,995,-1098
"2024-05-08",12,20648,23999,18679,435,6562,24,17193,0,16,-751,1005,991,-1008,-248,-481,598,953,995,-1098
"2024-05-08",13,22583,25618,20455,434,6562,210,17193,0,17,-735,1005,992,-1014,-172,-234,666,1028,995,-1098
"2024-05-08",14,24333,27355,22072,433,6562,565,17193,0,16,-723,1005,991,-1011,-204,-204,670,1039,995,-1087
"2024-05-08",15,26551,28529,24096,424,6562,1032,17193,0,13,-576,1004,991,-365,-250,-477,977,1036,996,-373
"2024-05-08",16,27709,29584,25234,415,6562,1765,17193,0,16,-530,1005,992,-312,-250,-528,999,1058,996,-269
"2024-05-08",17,28372,30106,25592,443,6562,2538,17193,0,16,-873,1004,991,-440,-250,-528,999,1360,995,715
"2024-05-08",18,27809,29536,25060,470,6562,3335,17193,0,8,-954,1005,991,-441,-250,-528,998,1397,996,793
"2024-05-08",19,27415,29041,24647,520,6562,4271,17193,0,8,-920,1005,992,-339,-250,-529,661,1397,996,826
"2024-05-08",20,26611,28230,23891,569,6562,5468,17193,0,8,-784,1005,992,-333,-250,-528,648,1397,996,840
"2024-05-08",21,25027,26678,22404,652,6562,6970,17193,0,8,-632,1006,991,-364,-250,-529,449,1397,996,1234
"2024-05-08",22,23879,25519,21306,735,6562,8127,17193,0,8,-325,1006,991,-354,-250,-528,442,1397,996,1260
"2024-05-08",23,22916,24202,20454,818,6562,8884,17193,0,8,-109,1005,992,263,-250,-528,665,1397,996,1227
"2024-05-08",24,22373,23658,20023,901,6562,9438,17193,0,7,134,1005,991,289,-250,-528,673,1397,996,1216
"2024-05-08",25,22183,23470,19850,972,6562,9879,17193,0,10,341,1005,991,673,-250,-527,657,1397,996,915
"2024-05-08",26,21785,23076,19576,1042,6562,9801,17193,0,13,322,1006,991,712,-250,-528,652,1398,996,891
"2024-05-08",27,21802,23091,19675,1083,6562,9554,17193,0,12,606,1006,992,435,-249,-528,178,1398,996,784
"2024-05-08",28,21318,22602,19230,1124,6562,9482,17193,0,8,733,1006,992,434,-249,-527,157,1398,996,777
"2024-05-08",29,21168,22453,19147,1142,6562,9264,17193,0,8,679,1006,991,505,-249,-528,361,1397,996,811
"2024-05-08",30,21429,22713,19373,1160,6562,8670,17193,0,8,670,1006,991,495,-249,-527,369,1398,996,802
"2024-05-08",31,21518,22802,19459,1154,6562,7832,17193,0,8,946,1006,991,105,-249,-527,596,1398,995,364
"2024-05-08",32,22473,23754,20303,1148,6562,6948,17193,0,5,1311,1006,991,103,-249,-527,605,1398,995,264
"2024-05-08",33,23244,26116,20948,1137,6562,6405,17193,0,7,1495,1005,992,-635,-249,-527,838,1398,996,-954
"2024-05-08",34,24555,27676,22152,1125,6562,5621,17193,0,7,1260,1005,991,-763,-249,-526,824,1386,996,-1076
"2024-05-08",35,25834,29155,23345,1076,6562,4726,17193,0,7,1244,1007,991,-917,-249,-527,-25,1225,996,-1096
"2024-05-08",36,27047,30426,24483,1026,6562,3733,17193,0,7,1116,1007,992,-919,-249,-527,-79,1218,996,-1098
"2024-05-08",37,27763,31240,25222,977,6562,2623,17193,0,9,1135,1007,991,-911,-249,-527,-183,1378,996,-1098
"2024-05-08",38,28368,31846,25828,927,6562,1741,17193,0,4,1011,1007,992,-913,-249,-527,-187,1379,995,-1098
"2024-05-08",39,28691,32609,26167,896,6562,1001,17193,0,9,1241,1007,992,-1013,-249,-527,-522,1138,996,-1098
"2024-05-08",40,28729,32658,26172,865,6562,447,17193,0,6,1012,1007,991,-1014,-249,-527,-535,1118,996,-1098
"2024-05-08",41,28615,32456,26124,861,6562,89,17193,0,6,854,1007,992,-1014,-249,-527,-447,1242,996,-1098
"2024-05-08",42,28916,32742,26480,857,6562,0,17193,0,8,926,1007,992,-1014,-249,-527,-438,1237,996,-1090
"2024-05-08",43,28908,31966,26483,871,6562,0,17193,0,11,850,1006,991,-1015,-249,-527,137,981,996,-756
"2024-05-08",44,27780,30824,25422,884,6562,0,17193,0,16,783,1006,991,-1015,-249,-527,165,978,996,-737
"2024-05-08",45,26169,29265,23898,892,6562,0,17193,0,13,650,1006,992,-922,-249,-527,413,1352,995,-885
"2024-05-08",46,24631,27738,22515,899,6562,0,17193,0,12,760,1006,991,-918,-249,-527,422,1385,995,-901
"2024-05-08",47,22929,26311,20996,899,6562,0,17193,0,9,1021,1006,992,-1013,-249,-527,522,1213,994,-1084
"2024-05-08",48,21893,25291,20000,899,6562,0,17193,0,12,964,1006,991,-1013,-249,-527,525,1205,994,-1097
"2024-05-09",1,21383,24784,19537,873,6562,0,17193,0,13,1016,1006,991,-1015,-249,-527,728,1377,994,-1097
"2024-05-09",2,20936,24338,19149,846,6562,0,17193,0,14,1014,1006,992,-1015,-249,-527,735,1399,995,-1097
"2024-05-09",3,20582,24258,18840,846,6562,0,17193,0,287,938,1006,991,-1015,-249,-528,556,1399,995,-1097
"2024-05-09",4,20537,24224,18867,846,6562,0,17193,0,297,1135,1006,991,-1015,-249,-529,549,1392,995,-1097
"2024-05-09",5,20369,24056,18677,841,6562,0,17193,0,299,1265,1006,991,-1014,-249,-528,664,1300,995,-1097
"2024-05-09",6,19876,23557,18257,836,6562,0,17193,0,292,1322,1006,991,-1015,-249,-528,668,1288,995,-1097
"2024-05-09",7,19551,23337,17950,827,6562,0,17193,0,397,1336,1006,991,-1014,-249,-529,767,1276,995,-1097
"2024-05-09",8,19408,23211,17798,817,6562,0,17193,0,415,1375,1006,992,-1014,-249,-528,771,1281,995,-1097
"2024-05-09",9,19225,23024,17625,824,6562,0,17193,0,410,1457,1005,992,-1014,-249,-529,991,1362,995,-1097
"2024-05-09",10,19419,22990,17820,830,6562,0,17193,0,182,1259,1005,991,-1014,-249,-529,999,1374,995,-1097
"2024-05-09",11,19548,23014,17964,822,6562,0,17193,0,128,1324,1005,991,-1015,-249,-477,924,1395,994,-1097
"2024-05-09",12,20193,23451,18602,814,6562,43,17193,0,27,1521,1006,991,-1015,-249,-446,921,1398,995,-1021
"2024-05-09",13,22118,24172,20322,798,6562,431,17193,0,11,1409,1005,991,-765,-249,-529,997,1398,994,294
"2024-05-09",14,23480,25445,21585,781,6562,1099,17193,0,10,1265,1005,992,-677,-249,-529,1000,1398,995,437
"2024-05-09",15,25931,27222,23685,732,6562,1742,17193,0,13,927,1005,991,790,-249,-529,999,1397,996,839
"2024-05-09",16,26657,27951,24234,683,6562,2688,17193,0,16,920,1005,992,997,-249,-529,999,1398,996,868
"2024-05-09",17,26321,27607,23864,692,6562,3787,17193,0,8,856,1005,992,1004,-249,-529,999,1397,995,798
"2024-05-09",18,25654,26938,23227,701,6562,4794,17193,0,6,837,1005,991,1003,-249,-529,999,1397,995,793
"2024-05-09",19,25139,26420,22772,699,6562,5832,17193,0,3,601,1005,992,1003,-249,-529,1018,1397,996,793
"2024-05-09",20,24044,25324,21720,696,6562,7050,17193,0,3,637,1005,992,1003,-249,-528,1019,1398,996,793
"2024-05-09",21,23120,24400,20827,706,6562,8013,17193,0,3,575,1005,991,1003,-249,-528,1019,1397,996,793
"2024-05-09",22,22290,23569,20014,716,6562,8905,17193,0,3,330,1005,992,1003,-249,-527,1019,1397,996,793
"2024-05-09",23,21575,22856,19265,712,6562,9649,17193,0,4,127,1005,991,1003,-249,-528,1019,1397,995,793
"2024-05-09",24,21312,22596,18959,707,6562,10176,17193,0,8,47,1005,992,1003,-249,-527,1019,1397,996,793
"2024-05-09",25,21225,22509,18877,690,6562,10573,17193,0,8,-117,1005,991,1003,-249,-527,1019,1397,996,793
"2024-05-09",26,21059,22342,18750,673,6562,10825,17193,0,7,-257,1005,991,1003,-249,-527,1019,1397,995,793
"2024-05-09",27,20869,22152,18546,657,6562,10760,17193,0,7,-267,1005,991,1002,-249,-527,1019,1397,995,793
"2024-05-09",28,20594,21877,18352,641,6562,10652,17193,0,7,-233,1005,992,1003,-249,-527,1019,1397,995,793
"2024-05-09",29,20619,21902,18351,619,6562,10276,17193,0,7,-311,1005,991,1003,-249,-527,1000,1397,996,793
"2024-05-09",30,20818,22101,18538,596,6562,9736,17193,0,7,-365,1005,991,1003,-249,-527,999,1397,995,793
"2024-05-09",31,21173,22456,18822,569,6562,8984,17193,0,7,-466,1005,991,1003,-249,-527,999,1398,995,793
"2024-05-09",32,21937,23192,19578,542,6562,8187,17193,0,7,-540,1005,991,1003,-221,-527,999,1398,995,793
"2024-05-09",33,22783,23986,20350,535,6562,7300,17193,0,7,-652,1005,991,1003,-184,-512,999,1398,995,793
"2024-05-09",34,24180,25430,21614,527,6562,6280,17193,0,7,-988,1005,991,1003,-226,-517,999,1398,995,789
"2024-05-09",35,25521,26801,22880,492,6562,5184,17193,0,5,-1154,1005,992,975,-249,-526,999,1398,996,652
"2024-05-09",36,26905,28189,24219,457,6562,4096,17193,0,8,-1298,1005,991,953,-250,-526,999,1398,996,633
"2024-05-09",37,27646,28865,24999,419,6562,3009,17193,0,5,-1146,1005,991,186,-187,-527,999,1399,995,303
"2024-05-09",38,28265,29504,25678,380,6562,2030,17193,0,4,-1126,1005,991,149,-209,-526,999,1399,995,276
"2024-05-09",39,28658,30555,26150,356,6562,1242,17193,0,3,-653,1005,991,-680,-188,-526,941,1399,996,156
"2024-05-09",40,28688,30669,26186,332,6562,579,17193,0,4,-636,1005,991,-827,-143,-507,939,1399,995,147
"2024-05-09",41,28624,30442,26117,328,6562,153,17193,0,5,-799,1005,991,-581,-206,-526,997,1399,995,127
"2024-05-09",42,28636,30377,26117,324,6562,2,17193,0,5,-878,1005,992,-558,-153,-525,999,1399,995,142
"2024-05-09",43,28661,30231,26071,322,6562,0,17193,0,5,-1296,1005,991,-337,-201,-527,999,1399,995,726
"2024-05-09",44,27768,29337,25177,320,6562,0,17193,0,7,-1392,1005,991,-335,-208,-519,999,1399,995,763
"2024-05-09",45,26103,28207,23650,320,6562,0,17193,0,12,-1478,1005,991,-915,-152,-525,998,1399,996,617
"2024-05-09",46,24969,27012,22642,320,6562,0,17193,0,12,-1384,1005,991,-947,-178,-406,998,1399,995,607
"2024-05-09",47,23386,25510,21246,322,6562,0,17193,0,12,-1303,1005,991,-1014,-237,-361,742,1399,995,599
"2024-05-09",48,22093,24323,20045,324,6562,0,17193,0,12,-1263,1005,991,-1014,-250,-454,733,1399,995,593
"2024-05-10",1,21513,23735,19536,310,6562,0,17193,0,13,-1167,1005,991,-1014,-250,-445,980,1399,994,387
"2024-05-10",2,21064,23208,19117,296,6562,0,17193,0,17,-1081,1005,991,-1015,-250,-362,989,1399,994,379
"2024-05-10",3,20761,23285,18860,300,6562,0,17193,0,271,-899,1005,991,-1013,-250,-490,817,1399,995,618
"2024-05-10",4,20720,23295,18873,303,6562,0,17193,0,299,-782,1005,991,-1019,-250,-507,811,1399,995,625
"2024-05-10",5,20306,22892,18474,308,6562,0,17193,0,299,-746,1005,991,-1010,-250,-527,978,1399,994,267
"2024-05-10",6,20113,22697,18244,313,6562,0,17193,0,297,-766,1005,992,-1010,-250,-527,984,1399,994,233
"2024-05-10",7,19624,22670,17757,312,6562,0,17193,0,632,-873,1005,991,-1015,-250,-527,950,1399,995,-122
"2024-05-10",8,19485,22578,17616,311,6562,0,17193,0,647,-944,1005,991,-1014,-250,-528,949,1399,995,-154
"2024-05-10",9,19330,22425,17464,324,6562,0,17193,0,368,-1079,1005,991,-1015,-250,-528,964,1399,995,-434
"2024-05-10",10,19341,22452,17499,337,6562,0,17193,0,354,-1102,1005,991,-1015,-250,-527,965,1399,995,-465
"2024-05-10",11,19460,23006,17662,340,6562,0,17193,0,351,-1047,1005,991,-1014,-250,-513,998,1399,995,-918
"2024-05-10",12,20006,23319,18203,342,6562,126,17193,0,87,-1003,1005,991,-1014,-250,-526,999,1399,995,-936
"2024-05-10",13,21805,24027,19844,345,6562,606,17193,0,17,-974,1005,991,-652,-248,-351,999,1399,996,-454
"2024-05-10",14,23320,25127,21220,347,6562,1288,17193,0,13,-906,1005,991,-570,-182,-170,999,1399,995,-372
"2024-05-10",15,25234,26416,22891,329,6562,2038,17193,0,13,-1166,1005,991,792,-244,-425,999,1399,995,696
"2024-05-10",16,25934,27220,23464,311,6562,2839,17193,0,8,-1267,1005,991,1002,-250,-528,999,1398,995,783
"2024-05-10",17,25923,27208,23420,324,6562,3698,17193,0,8,-1254,1005,992,1003,-250,-527,999,1398,995,502
"2024-05-10",18,25398,26683,22884,336,6562,4829,17193,0,7,-1395,1004,991,1003,-250,-528,999,1397,995,482
"2024-05-10",19,25247,26530,22680,358,6562,5918,17193,0,4,-1455,1005,992,1003,-250,-529,1018,1397,995,482
"2024-05-10",20,24544,25825,22001,379,6562,6652,17193,0,3,-1367,1006,991,1002,-250,-528,1019,1397,995,482
"2024-05-10",21,23752,25033,21287,430,6562,7538,17193,0,3,-1212,1007,991,1003,-250,-528,1019,1398,995,482
"2024-05-10",22,23188,24469,20742,481,6562,8353,17193,0,3,-1247,1007,991,1003,-250,-528,1019,1398,995,482
"2024-05-10",23,22656,23937,20224,526,6562,8925,17193,0,3,-1097,1007,991,1002,-250,-528,1019,1398,995,482
"2024-05-10",24,22265,23548,19820,571,6562,9301,17193,0,6,-1101,1007,991,1003,-250,-527,1019,1398,994,482
"2024-05-10",25,22112,23397,19709,613,6562,9600,17193,0,7,-943,1007,992,1002,-250,-528,1019,1399,995,482
"2024-05-10",26,21721,23005,19372,654,6562,9865,17193,0,7,-832,1007,991,1003,-250,-527,1019,1399,995,482
"2024-05-10",27,21158,22442,18867,689,6562,9750,17193,0,7,-726,1006,991,1002,-250,-527,1019,1398,994,482
"2024-05-10",28,20920,22187,18676,723,6562,9496,17193,0,49,-613,1006,991,1002,-250,-468,1019,1399,995,482
"2024-05-10",29,20714,21985,18580,754,6562,9267,17193,0,32,-427,1007,991,571,-250,-489,1000,1399,995,482
"2024-05-10",30,20779,21984,18675,784,6562,8991,17193,0,6,-390,1007,991,512,-250,-449,999,1399,994,482
"2024-05-10",31,20696,21842,18571,810,6562,8243,17193,0,3,-314,1007,991,514,-249,-394,999,1399,995,482
"2024-05-10",32,21350,22477,19239,835,6562,7548,17193,0,3,-207,1007,991,514,-249,-375,999,1399,994,482
"2024-05-10",33,22213,23236,20055,861,6562,6530,17193,0,7,-132,1007,991,512,-249,-267,999,1399,994,479
"2024-05-10",34,23293,24530,21032,886,6562,5686,17193,0,7,26,1007,991,485,-249,-481,999,1399,995,459
"2024-05-10",35,24361,25904,22048,863,6562,4781,17193,0,7,223,1007,991,-180,-249,-348,999,1399,995,-259
"2024-05-10",36,25400,27183,23047,839,6562,3808,17193,0,7,326,1007,991,-211,-250,-502,999,1399,995,-313
"2024-05-10",37,26066,28683,23784,781,6562,2995,17193,0,7,514,1007,991,-965,-318,-328,949,1399,995,-499
"2024-05-10",38,26692,29450,24402,722,6562,2082,17193,0,7,624,1007,991,-1012,-441,-286,947,1399,995,-512
"2024-05-10",39,27162,29844,24926,694,6562,1266,17193,0,7,756,1007,991,-1014,-451,-198,677,1399,994,-512
"2024-05-10",40,27382,30092,25165,666,6562,673,17193,0,7,601,1007,991,-1015,-451,-225,667,1399,994,-512
"2024-05-10",41,27263,29991,25009,675,6562,195,17193,0,7,305,1006,992,-1015,-451,-242,929,1399,995,-513
"2024-05-10",42,27055,29761,24812,683,6562,5,17193,0,7,225,1004,991,-1014,-451,-220,939,1399,996,-514
"2024-05-10",43,27041,29361,24780,669,6562,0,17193,0,6,14,1004,991,-790,-451,-245,997,1399,996,-328
"2024-05-10",44,26368,28719,24122,655,6562,0,17193,0,6,-383,1004,991,-783,-451,-295,999,1399,996,-316
"2024-05-10",45,25201,27884,23043,636,6562,0,17193,0,7,-693,1003,991,-977,-425,-412,999,1399,996,-362
"2024-05-10",46,24029,26559,21926,616,6562,0,17193,0,6,-809,1004,991,-976,-433,-264,999,1399,996,-351
"2024-05-10",47,22590,24043,20601,591,6562,0,17193,0,8,-758,1004,992,-486,-398,-61,999,1399,996,199
"2024-05-10",48,21294,22589,19408,565,6562,0,17193,0,5,-326,1003,991,-462,-328,0,999,1399,997,241
"2024-05-11",1,20502,21747,18649,533,6562,0,17193,0,7,-453,1004,992,-491,-247,0,999,1399,997,419
"2024-05-11",2,20044,21289,18243,501,6562,0,17193,0,7,-551,1004,991,-492,-246,0,999,1399,996,430
"2024-05-11",3,19852,20950,18109,485,6562,0,17193,0,7,-690,1004,991,-292,-299,0,823,1399,996,381
"2024-05-11",4,19764,20762,18050,468,6562,0,17193,0,7,-553,1004,992,-284,-207,0,817,1399,996,376
"2024-05-11",5,19317,20569,17648,463,6562,0,17193,0,7,-552,1004,992,-493,-252,0,993,1399,997,399
"2024-05-11",6,19020,20326,17361,458,6562,0,17193,0,4,-564,1004,992,-501,-301,0,999,1399,997,399
"2024-05-11",7,18573,19492,16946,451,6562,0,17193,0,5,-514,1004,991,-172,-242,0,999,1399,997,316
"2024-05-11",8,18383,19348,16767,443,6562,0,17193,0,9,-607,1004,991,-158,-298,0,999,1399,996,304
"2024-05-11",9,18195,19108,16598,468,6562,0,17193,0,7,-638,1004,991,-105,-301,0,999,1399,996,69
"2024-05-11",10,17919,18832,16329,492,6562,0,17193,0,7,-632,1004,992,-104,-302,0,999,1399,996,47
"2024-05-11",11,17541,18865,15999,514,6562,0,17193,0,7,-495,1004,991,-353,-283,0,999,1399,997,-181
"2024-05-11",12,17553,18857,16002,536,6562,121,17193,0,10,-472,1002,992,-365,-246,-3,999,1399,997,-180
"2024-05-11",13,18454,19473,16804,551,6562,515,17193,0,12,-607,910,991,-3,-347,-157,999,1399,996,383
"2024-05-11",14,18889,19827,17223,566,6562,1170,17193,0,14,-632,892,992,0,-351,-73,999,1399,994,424
"2024-05-11",15,19370,20407,17600,560,6562,1998,17193,0,12,-443,507,992,162,-366,-159,788,1398,905,478
"2024-05-11",16,19958,21042,18066,553,6562,2866,17193,0,13,-187,470,991,182,-448,-123,780,1397,899,482
"2024-05-11",17,20214,21266,18187,575,6562,3858,17193,0,5,38,108,991,820,-452,-95,498,1398,900,482
"2024-05-11",18,19976,21163,17821,597,6562,4862,17193,0,6,65,83,991,857,-452,-229,492,1398,900,482
"2024-05-11",19,19898,21300,17695,648,6562,5808,17193,0,8,-33,-178,991,952,-452,-264,973,1398,899,482
"2024-05-11",20,19395,20831,17201,698,6562,7076,17193,0,8,-88,-209,992,954,-451,-268,994,1399,900,482
"2024-05-11",21,19120,20193,16947,798,6562,8293,17193,0,8,-135,-98,992,1002,-422,-45,1018,1398,899,482
"2024-05-11",22,18328,19209,16183,897,6562,9259,17193,0,8,-228,-89,991,1002,-284,0,1019,1398,902,462
"2024-05-11",23,17466,18393,15413,981,6562,10080,17193,0,8,87,66,992,955,-156,47,785,1398,992,-263
"2024-05-11",24,17138,18050,15114,1065,6562,10671,17193,0,9,301,101,985,953,-88,1,777,1398,997,-315
"2024-05-11",25,16530,17868,14562,1130,6562,10926,17193,0,12,64,-74,756,1002,-201,-108,1010,1399,997,-443
"2024-05-11",26,16286,17713,14351,1195,6562,10900,17193,0,12,-6,-85,741,1003,-350,-38,1017,1399,997,-442
"2024-05-11",27,15970,17138,14099,1246,6562,10644,17193,0,12,-181,286,796,641,-333,-244,634,1399,997,-79
"2024-05-11",28,15894,17352,14002,1296,6562,10508,17193,0,279,36,335,800,599,-289,-333,618,1399,997,-57
"2024-05-11",29,15940,17748,14092,1337,6562,9958,17193,0,321,413,-203,818,401,-234,-352,646,1399,998,-198
"2024-05-11",30,16095,17952,14284,1377,6562,9353,17193,0,349,649,-259,822,393,-279,-263,649,1399,998,-207
"2024-05-11",31,16574,18325,14740,1399,6562,8419,17193,0,358,972,-141,905,647,-198,-344,965,1399,997,-210
"2024-05-11",32,17083,18819,15292,1421,6562,7462,17193,0,275,1215,-114,913,600,-227,-413,977,1399,993,-207
"2024-05-11",33,18202,19347,16346,1467,6562,6530,17193,0,7,1249,817,986,-161,-326,-135,981,1399,837,-16
"2024-05-11",34,19492,20721,17557,1513,6562,5564,17193,0,10,1549,907,991,-175,-354,-190,981,1399,832,8
"2024-05-11",35,21384,22541,19335,1480,6562,4670,17193,0,6,1719,998,992,-397,-234,-20,998,1399,985,369
"2024-05-11",36,22752,24064,20535,1447,6562,3635,17193,0,4,1538,1004,991,-416,-251,-141,999,1399,995,389
"2024-05-11",37,23709,25014,21522,1354,6562,2726,17193,0,4,1791,1004,991,-304,-237,-260,796,1399,995,161
"2024-05-11",38,24403,25826,22287,1260,6562,1929,17193,0,4,1844,1004,992,-309,-317,-293,787,1399,995,143
"2024-05-11",39,24061,26130,21942,1220,6562,1133,17193,0,4,1668,1004,991,-957,-341,-267,403,1399,996,60
"2024-05-11",40,24344,26467,22233,1179,6562,542,17193,0,0,1612,1005,992,-982,-375,-266,389,1399,996,56
"2024-05-11",41,24841,26315,22728,1202,6562,157,17193,0,1,1508,1004,992,-277,-367,-329,789,1399,995,143
"2024-05-11",42,25016,26502,22948,1224,6562,4,17193,0,0,1448,1004,992,-235,-393,-358,805,1399,995,154
"2024-05-11",43,25113,26411,23070,1280,6562,0,17193,0,8,1324,1004,991,-106,-394,-290,817,1399,995,314
"2024-05-11",44,24500,25886,22445,1336,6562,0,17193,0,10,1221,1005,992,-104,-441,-331,817,1399,996,326
"2024-05-11",45,23520,24790,21503,1373,6562,0,17193,0,13,1070,1000,991,-2,-450,-305,777,1399,995,363
"2024-05-11",46,22503,23580,20630,1409,6562,0,17193,0,55,1223,990,989,0,-423,-99,775,1399,996,355
"2024-05-11",47,21311,22912,19537,1429,6562,0,17193,0,58,1333,631,881,-477,-394,-131,550,1399,997,-41
"2024-05-11",48,20508,22723,18764,1449,6562,0,17193,0,288,1452,605,871,-548,-379,-428,541,1399,997,-72
"2024-05-12",1,19612,22192,17900,1429,6562,0,17193,0,451,1266,467,802,-532,-379,-526,533,1399,997,-192
"2024-05-12",2,19503,22095,17823,1408,6562,0,17193,0,448,1163,460,798,-532,-379,-527,531,1399,997,-206
"2024-05-12",3,18987,22010,17339,1398,6562,0,17193,0,596,1249,458,774,-625,-379,-526,204,1399,997,-397
"2024-05-12",4,18844,21851,17265,1388,6562,0,17193,0,567,1260,449,769,-625,-379,-526,192,1391,998,-410
"2024-05-12",5,18497,21392,16962,1358,6562,0,17193,0,886,1330,223,630,-230,-379,-527,223,1296,998,-373
"2024-05-12",6,18134,21064,16611,1327,6562,0,17193,0,941,1194,216,628,-215,-379,-527,225,1255,998,-368
"2024-05-12",7,17588,20898,16114,1284,6562,0,17193,0,943,1058,694,895,-667,-379,-526,8,881,997,-295
"2024-05-12",8,17255,20590,15731,1241,6562,0,17193,0,938,972,725,915,-690,-379,-527,0,813,997,-301
"2024-05-12",9,16987,20545,15446,1223,6562,0,17193,0,938,1145,799,941,-483,-379,-526,192,536,997,-732
"2024-05-12",10,16804,20356,15270,1205,6562,0,17193,0,933,1201,788,939,-466,-379,-527,199,480,997,-747
"2024-05-12",11,16759,19702,15201,1155,6562,1,17193,0,981,1196,369,822,-349,-379,-527,335,206,997,-207
"2024-05-12",12,16581,19480,15066,1105,6562,154,17193,0,991,1172,334,811,-332,-379,-527,340,193,997,-170
"2024-05-12",13,17092,19692,15562,1065,6562,539,17193,0,981,1071,77,706,315,-412,-527,598,466,953,-180
"2024-05-12",14,17079,19708,15527,1024,6562,1104,17193,0,976,1027,78,692,353,-450,-527,607,529,948,-176
"2024-05-12",15,17614,19824,15944,958,6562,1753,17193,0,723,759,482,425,698,-450,-527,417,902,858,-10
"2024-05-12",16,17877,20144,16184,892,6562,2446,17193,0,790,658,507,408,713,-450,-527,411,978,855,6
"2024-05-12",17,18664,20929,16879,898,6562,3510,17193,0,788,630,397,476,903,-450,-527,365,1352,966,263
"2024-05-12",18,18518,20904,16664,904,6562,4534,17193,0,909,789,381,483,906,-450,-527,369,1399,972,280
"2024-05-12",19,18464,20713,16584,925,6562,5706,17193,0,772,1030,68,573,1001,-450,-527,897,1399,927,240
"2024-05-12",20,18552,20212,16662,946,6562,6873,17193,0,183,1159,23,589,1003,-450,-527,921,1399,925,231
"2024-05-12",21,18296,20403,16313,1041,6562,7780,17193,0,528,881,-103,966,1003,-450,-526,1016,1399,969,16
"2024-05-12",22,17807,20103,15820,1135,6562,8511,17193,0,716,903,-103,992,1003,-450,-527,1019,1399,973,18
"2024-05-12",23,17584,19977,15557,1238,6562,9341,17193,0,916,601,540,991,1003,-450,-527,928,1399,995,652
"2024-05-12",24,17391,19821,15363,1340,6562,9746,17193,0,953,380,605,992,1002,-450,-527,924,1399,996,686
"2024-05-12",25,17376,19537,15334,1440,6562,9904,17193,0,750,962,709,644,603,-385,-526,640,1399,997,329
"2024-05-12",26,17275,19342,15231,1539,6562,10089,17193,0,780,1076,716,-4,551,-256,-527,629,1399,997,301
"2024-05-12",27,17026,19252,14997,1585,6562,9796,17193,0,944,1169,681,-4,487,-251,-527,776,1399,997,189
"2024-05-12",28,16976,19122,15033,1631,6562,9647,17193,0,864,1577,680,-4,484,-251,-527,781,1399,997,190
"2024-05-12",29,17458,19583,15566,1670,6562,9218,17193,0,844,1630,700,-4,561,-251,-526,668,1399,998,549
"2024-05-12",30,17449,19671,15508,1708,6562,8676,17193,0,941,1567,690,-4,564,-251,-526,664,1399,992,564
"2024-05-12",31,17744,19805,15762,1722,6562,7782,17193,0,780,1641,201,-4,983,-251,-526,879,1399,816,195
"2024-05-12",32,18554,20567,16608,1736,6562,7030,17193,0,731,2097,26,-4,1003,-251,-527,886,1399,809,184
"2024-05-12",33,19751,21527,17771,1716,6562,6489,17193,0,494,2353,0,-4,1003,-251,-527,596,1399,987,756
"2024-05-12",34,21216,22926,19188,1696,6562,5470,17193,0,429,2611,0,-4,995,-251,-526,585,1398,998,796
"2024-05-12",35,22927,24234,20858,1612,6562,4540,17193,0,25,2640,0,-4,388,-251,-527,890,1398,998,796
"2024-05-12",36,23844,25205,21727,1527,6562,3513,17193,0,11,2613,0,-4,354,-320,-526,902,1399,998,812
"2024-05-12",37,24827,26307,22758,1436,6562,2488,17193,0,9,2267,0,-4,172,-441,-526,996,1398,998,1384
"2024-05-12",38,25621,27105,23502,1344,6562,1639,17193,0,1,1975,0,-4,170,-452,-527,999,1399,999,1423
"2024-05-12",39,25669,27155,23627,1273,6562,1027,17193,0,4,1887,0,-4,263,-451,-527,999,1399,999,1423
"2024-05-12",40,25616,27103,23606,1201,6562,432,17193,0,5,1711,0,-4,275,-451,-527,999,1399,999,1423
"2024-05-12",41,25468,26957,23463,1146,6562,108,17193,0,6,1688,0,-4,519,-452,-527,807,1399,999,1423
"2024-05-12",42,25387,26873,23365,1091,6562,2,17193,0,5,1760,0,-4,519,-451,-526,800,1399,999,1423
"2024-05-12",43,25213,26698,23222,1052,6562,0,17193,0,1,1569,-1,-4,438,-452,-527,879,1399,999,1423
"2024-05-12",44,24509,25995,22534,1013,6562,0,17193,0,3,1495,49,-4,436,-452,-527,882,1399,995,1423
"2024-05-12",45,23984,25474,22073,984,6562,0,17193,0,9,1080,912,-4,609,-451,-526,852,1399,862,1423
"2024-05-12",46,22860,24353,21038,954,6562,0,17193,0,10,1151,956,-4,610,-452,-527,851,1399,858,1417
"2024-05-12",47,21322,22822,19621,922,6562,0,17193,0,24,1195,1003,-4,518,-445,-527,712,1399,990,1251
"2024-05-12",48,20426,21932,18891,889,6562,0,17193,0,84,1572,1004,-4,512,-392,-526,708,1398,998,1235
"2024-05-13",1,19594,21020,18078,891,6562,0,17193,0,15,1367,1006,-4,514,-380,-527,659,1399,998,1059
"2024-05-13",2,19340,20766,17736,892,6562,0,17193,0,15,1145,1006,-4,514,-380,-527,657,1399,998,1045
"2024-05-13",3,19214,20960,17574,884,6562,0,17193,0,335,1335,1006,-4,510,-380,-527,657,1399,998,975
"2024-05-13",4,19077,20756,17526,876,6562,0,17193,0,359,1404,1006,-4,510,-380,-436,657,1398,997,978
"2024-05-13",5,18647,20409,17100,869,6562,0,17193,0,357,1243,1006,-4,517,-380,-521,657,1399,998,1290
"2024-05-13",6,18253,20223,16681,861,6562,0,17193,0,606,1310,1003,-4,517,-380,-480,655,1398,997,1307
"2024-05-13",7,17809,19624,16244,865,6562,0,17193,0,556,1155,823,-4,525,-380,-375,259,1399,999,1128
"2024-05-13",8,17735,19365,16084,869,6562,0,17193,0,511,893,801,-4,524,-380,-235,244,1398,998,1118
"2024-05-13",9,17387,18929,15829,926,6562,0,17193,0,565,924,497,-4,188,-380,-93,385,1398,999,1225
"2024-05-13",10,17146,18524,15644,982,6562,0,17193,0,417,641,491,-4,172,-333,-124,390,1398,998,1235
"2024-05-13",11,17804,19349,16247,1011,6562,1,17193,0,98,944,976,-4,-737,-206,0,508,1398,997,1321
"2024-05-13",12,18602,20231,16913,1039,6562,112,17193,0,62,1353,1005,-4,-912,-80,-71,514,1398,997,1318
"2024-05-13",13,20094,21578,18255,1102,6562,431,17193,0,15,1366,1005,-4,-965,62,0,923,1397,997,974
"2024-05-13",14,21619,23008,19645,1165,6562,858,17193,0,16,1264,1005,-4,-848,22,-21,940,1397,997,962
"2024-05-13",15,23664,24436,21435,1220,6562,1448,17193,0,9,799,1005,-4,227,-67,-192,715,1397,997,1391
"2024-05-13",16,24430,25135,22063,1274,6562,2141,17193,0,13,616,1000,-4,260,-165,-23,704,1397,995,1421
"2024-05-13",17,25205,25789,22639,1382,6562,2653,17193,0,9,663,818,-4,563,-71,0,283,1397,907,1421
"2024-05-13",18,25393,26094,22773,1490,6562,3414,17193,0,12,586,801,-4,565,-175,-10,266,1397,898,1405
"2024-05-13",19,25203,25919,22616,1594,6562,4071,17193,0,11,623,621,-4,565,-201,0,500,1397,786,836
"2024-05-13",20,24965,25729,22408,1698,6562,4925,17193,0,10,533,604,-4,565,-250,0,508,1397,775,796
"2024-05-13",21,24413,25269,21871,1832,6562,5582,17193,0,12,106,493,-4,599,-340,0,719,1397,655,795
"2024-05-13",22,24076,25004,21558,1966,6562,6145,17193,0,8,-14,489,-3,609,-417,0,701,1397,656,796
"2024-05-13",23,23873,24940,21376,2109,6562,6682,17193,0,9,79,669,-3,900,-335,0,-220,1397,977,796
"2024-05-13",24,23716,24835,21282,2251,6562,6770,17193,0,12,5,681,-3,902,-323,0,-281,1397,998,796
"2024-05-13",25,24025,25330,21608,2359,6562,6762,17193,0,12,158,720,-3,1001,-375,0,-415,1397,998,796
"2024-05-13",26,24120,25410,21723,2466,6562,6547,17193,0,11,371,730,-3,1002,-367,0,-409,1397,986,795
"2024-05-13",27,24147,25132,21745,2514,6562,6574,17193,0,5,604,940,-3,574,-446,-31,252,1398,586,796
"2024-05-13",28,23816,24975,21439,2562,6562,6505,17193,0,4,602,955,-3,515,-420,-232,283,1397,572,796
"2024-05-13",29,23555,24962,21228,2593,6562,5819,17193,0,4,639,909,-3,563,-370,-369,-161,1398,973,795
"2024-05-13",30,23479,24955,21208,2623,6562,5342,17193,0,6,789,897,-3,565,-340,-449,-178,1398,998,796
"2024-05-13",31,23858,25179,21540,2609,6562,4842,17193,0,8,1050,542,-3,515,-341,-469,239,1398,998,796
"2024-05-13",32,24290,25583,21916,2595,6562,4314,17193,0,7,1212,524,-4,512,-366,-416,256,1398,991,810
"2024-05-13",33,25125,26562,22659,2501,6562,3740,17193,0,10,1289,706,-3,356,-398,-526,301,1398,724,1352
"2024-05-13",34,26087,27549,23532,2406,6562,3044,17193,0,13,1316,722,-3,335,-450,-496,300,1399,714,1390
"2024-05-13",35,27064,28441,24500,2299,6562,2277,17193,0,7,1277,992,-3,2,-450,-295,-122,1399,981,1418
"2024-05-13",36,27814,29352,25223,2191,6562,1740,17193,0,5,1080,1006,-3,0,-450,-441,-139,1399,998,1413
"2024-05-13",37,28170,30213,25635,2048,6562,1377,17193,0,5,1418,1006,-3,-805,-450,-280,84,1399,998,1176
"2024-05-13",38,28360,30627,25787,1905,6562,968,17193,0,4,1403,1006,-3,-1014,-438,-308,91,1399,998,1162
"2024-05-13",39,28313,30876,25806,1826,6562,557,17193,0,5,1546,1006,-4,-1015,-435,-414,-190,1399,998,1271
"2024-05-13",40,28054,30710,25559,1746,6562,274,17193,0,5,1470,1006,-4,-1014,-450,-482,-201,1399,999,1282
"2024-05-13",41,27641,29837,25296,1703,6562,79,17193,0,5,1476,1006,-4,-682,-450,-526,-29,1399,998,1411
"2024-05-13",42,27570,29727,25257,1660,6562,1,17193,0,6,1795,1006,-4,-646,-450,-527,-24,1399,998,1420
"2024-05-13",43,27624,30084,25272,1642,6562,0,17193,0,11,1941,1006,-4,-968,-450,-527,169,1399,998,1420
"2024-05-13",44,26581,29051,24289,1623,6562,0,17193,0,12,1741,1006,-4,-982,-445,-527,176,1399,998,1420
"2024-05-13",45,25102,27421,22861,1597,6562,0,17193,0,15,1584,1006,-4,-843,-430,-527,256,1399,998,1420
"2024-05-13",46,23552,25749,21514,1570,6562,0,17193,0,12,1569,987,-4,-749,-405,-527,260,1399,998,1420
"2024-05-13",47,22070,23606,20059,1538,6562,0,17193,0,116,1396,162,-4,171,-389,-527,70,1399,1000,1420
"2024-05-13",48,21211,22801,19285,1505,6562,0,17193,0,170,1630,116,-4,185,-389,-527,63,1399,999,1420
"2024-05-14",1,20208,22346,18397,1509,6562,0,17193,0,718,1518,234,-4,2,-389,-527,98,1399,998,1420
"2024-05-14",2,19752,21773,18118,1513,6562,0,17193,0,602,1499,245,-4,0,-389,-526,100,1398,999,1420
"2024-05-14",3,19640,21121,18045,1479,6562,0,17193,0,893,1923,277,-4,0,-40,-44,48,1399,999,1420
"2024-05-14",4,19329,20810,17707,1444,6562,0,17193,0,957,1787,287,-4,0,-20,0,47,1399,1000,1420
"2024-05-14",5,19326,20942,17713,1408,6562,0,17193,0,967,1788,633,-4,0,-145,0,35,1399,998,1420
"2024-05-14",6,18994,20754,17386,1371,6562,0,17193,0,959,1311,652,-4,0,-297,0,34,1399,998,1420
"2024-05-14",7,18640,20611,17071,1347,6562,0,17193,0,957,974,487,-4,319,-430,0,-80,1399,999,1389
"2024-05-14",8,18412,20379,16709,1322,6562,0,17193,0,954,724,477,-4,342,-425,0,-84,1399,998,1384
"2024-05-14",9,18400,20265,16713,1338,6562,0,17193,0,952,799,489,-4,3,-409,0,213,1399,998,1384
"2024-05-14",10,18421,20288,16739,1354,6562,0,17193,0,954,771,494,-4,0,-409,0,227,1399,988,1382
"2024-05-14",11,18591,21012,16919,1387,6562,0,17193,0,939,731,676,-4,-569,-409,0,620,1398,645,1279
"2024-05-14",12,19341,21634,17691,1419,6562,54,17193,0,742,842,681,-4,-620,-427,0,631,1398,619,1262
"2024-05-14",13,21424,22526,19660,1453,6562,193,17193,0,148,811,469,-4,290,-450,0,92,1398,518,920
"2024-05-14",14,23353,24315,21416,1486,6562,426,17193,0,8,935,442,-4,332,-450,0,68,1398,518,910
"2024-05-14",15,25736,26779,23657,1496,6562,677,17193,0,56,984,-33,-4,967,-450,0,397,1397,754,1388
"2024-05-14",16,26903,27920,24705,1506,6562,1025,17193,0,8,1059,-55,-4,1003,-450,0,410,1397,763,1406
"2024-05-14",17,27923,28884,25685,1550,6562,1432,17193,0,6,1188,22,-4,1003,-451,0,606,1397,519,835
"2024-05-14",18,27949,28909,25719,1594,6562,1886,17193,0,3,1113,-2,-4,1002,-451,0,613,1397,503,795
"2024-05-14",19,28042,29003,25753,1637,6562,2231,17193,0,6,849,35,-4,1003,-451,0,697,1397,524,795
"2024-05-14",20,27543,28511,25270,1680,6562,2446,17193,0,10,988,-3,-4,1002,-451,0,700,1397,524,795
"2024-05-14",21,27045,28011,24762,1741,6562,2948,17193,0,11,906,98,-4,1002,-451,0,674,1397,459,795
"2024-05-14",22,27043,28006,24752,1802,6562,3322,17193,0,8,846,111,-4,1002,-451,0,674,1397,450,795
"2024-05-14",23,26813,27779,24495,1847,6562,3699,17193,0,11,970,61,-4,1002,-451,0,1006,1397,271,795
"2024-05-14",24,26570,27535,24247,1891,6562,3567,17193,0,10,864,54,-4,1003,-451,0,1019,1397,280,795
"2024-05-14",25,26514,27569,24155,1915,6562,4086,17193,0,12,680,-88,-4,972,-451,0,860,1397,956,795
"2024-05-14",26,26339,27399,23998,1939,6562,4229,17193,0,8,934,-97,-4,970,-451,0,854,1397,999,795
"2024-05-14",27,25778,26814,23479,1969,6562,4293,17193,0,8,927,-73,-4,908,-451,0,897,1397,999,795
"2024-05-14",28,25533,26566,23225,1999,6562,4921,17193,0,6,1109,-72,-4,904,-451,0,898,1397,998,795
"2024-05-14",29,25371,26427,23121,1980,6562,5035,17193,0,6,1163,-95,-4,924,-451,0,884,1397,998,795
"2024-05-14",30,25055,26114,22834,1961,6562,4947,17193,0,8,812,-96,-4,924,-451,0,883,1397,999,795
"2024-05-14",31,25068,26101,22798,1922,6562,4503,17193,0,7,792,-71,-4,906,-451,0,877,1397,999,795
"2024-05-14",32,25568,26598,23249,1883,6562,4020,17193,0,8,883,-67,-4,904,-451,0,874,1397,995,795
"2024-05-14",33,25919,26889,23512,1808,6562,3714,17193,0,15,987,434,-4,584,-451,0,481,1397,870,795
"2024-05-14",34,26861,27830,24364,1733,6562,2995,17193,0,14,942,501,-4,517,-451,0,464,1397,865,811
"2024-05-14",35,28012,29249,25448,1657,6562,2543,17193,0,16,860,976,-4,-266,-451,0,140,1397,990,1385
"2024-05-14",36,28266,29525,25662,1580,6562,2052,17193,0,11,811,1005,-4,-293,-451,0,128,1397,998,1424
"2024-05-14",37,28627,29600,26041,1481,6562,1722,17193,0,11,1024,1005,-3,103,-451,0,173,1397,998,1425
"2024-05-14",38,28768,29756,26201,1382,6562,1255,17193,0,11,1109,1005,-4,154,-451,0,174,1398,997,1424
"2024-05-14",39,28377,30342,25827,1300,6562,755,17193,0,11,1046,1005,-4,-801,-451,-133,-44,1397,998,1424
"2024-05-14",40,27929,30370,25397,1217,6562,435,17193,0,11,1076,1005,-4,-1005,-451,-422,-48,1397,998,1424
"2024-05-14",41,27821,29702,25319,1194,6562,145,17193,0,8,512,1004,-4,-418,-451,-500,449,1398,997,1424
"2024-05-14",42,27568,29422,25178,1171,6562,8,17193,0,11,346,1004,-4,-388,-451,-500,471,1398,997,1425
"2024-05-14",43,27426,29405,25045,1173,6562,0,17193,0,10,549,1004,-4,-515,-451,-499,380,1398,997,1424
"2024-05-14",44,26711,28690,24338,1174,6562,0,17193,0,15,631,1004,-4,-516,-451,-493,378,1399,997,1423
"2024-05-14",45,25620,27442,23238,1160,6562,0,17193,0,12,540,1003,-4,-502,-451,-353,706,1398,996,1421
"2024-05-14",46,24058,25595,21821,1146,6562,0,17193,0,10,579,1003,22,-501,-451,-75,715,1399,997,1422
"2024-05-14",47,22687,24134,20799,1113,6562,0,17193,0,12,698,1004,929,-557,-315,-63,229,1399,996,1415
"2024-05-14",48,21554,22983,19769,1080,6562,0,17193,0,12,941,1004,992,-560,-150,-207,200,1399,996,1414
"2024-05-15",1,20740,22421,19003,1031,6562,0,17193,0,11,514,1005,992,-229,-360,-188,-393,1399,996,1390
"2024-05-15",2,20131,21748,18406,981,6562,0,17193,0,44,118,1005,992,-192,-381,-78,-422,1399,997,1389
"2024-05-15",3,19799,21459,18103,955,6562,0,17193,0,77,-205,1005,992,-278,-381,0,-424,1399,997,1419
"2024-05-15",4,19830,21541,18175,928,6562,0,17193,0,131,-266,1005,992,-275,-381,0,-424,1399,997,1422
"2024-05-15",5,19782,21217,18140,901,6562,0,17193,0,131,-325,1005,992,204,-380,0,-424,1399,997,1422
"2024-05-15",6,19453,20888,17824,873,6562,0,17193,0,130,-426,1005,992,220,-381,0,-424,1399,997,1422
"2024-05-15",7,18975,20626,17323,852,6562,0,17193,0,130,-601,1005,992,-407,-381,0,-233,1399,997,1422
"2024-05-15",8,18788,20487,17107,831,6562,0,17193,0,130,-820,1003,992,-462,-380,0,-227,1399,997,1422
"2024-05-15",9,18844,20182,17164,836,6562,0,17193,0,130,-979,917,992,-190,-380,0,-138,1399,997,1422
"2024-05-15",10,18825,20160,17134,841,6562,0,17193,0,130,-966,908,992,-190,-380,0,-135,1399,998,1422
"2024-05-15",11,19108,21246,17432,843,6562,0,17193,0,18,-618,812,992,-871,-380,0,-369,1399,997,1422
"2024-05-15",12,19788,21962,18022,844,6562,52,17193,0,5,-653,811,992,-912,-380,0,-377,1399,997,1415
"2024-05-15",13,21571,24028,19673,848,6562,252,17193,0,7,-567,993,992,-969,-414,0,-567,1399,997,1150
"2024-05-15",14,23460,25842,21387,851,6562,572,17193,0,8,-652,1001,992,-849,-451,0,-574,1398,998,1134
"2024-05-15",15,25847,27279,23552,859,6562,960,17193,0,7,-705,722,992,400,-451,0,-474,1397,998,1292
"2024-05-15",16,26652,28081,24221,866,6562,1466,17193,0,7,-710,707,992,459,-451,0,-471,1398,998,1306
"2024-05-15",17,27280,28678,24730,894,6562,1998,17193,0,11,-726,668,992,973,-451,0,-436,1398,998,1413
"2024-05-15",18,27220,28615,24658,922,6562,2653,17193,0,10,-775,671,991,998,-451,0,-434,1398,998,1414
"2024-05-15",19,27128,28496,24565,952,6562,3253,17193,0,7,-808,945,992,1003,-451,0,-410,1398,997,1148
"2024-05-15",20,26812,28179,24281,982,6562,4045,17193,0,7,-947,960,992,1003,-451,0,-409,1399,997,1121
"2024-05-15",21,26162,27659,23641,1000,6562,4925,17193,0,8,-990,1003,992,1002,-451,0,-538,1399,986,815
"2024-05-15",22,25739,27244,23236,1017,6562,5649,17193,0,12,-999,1005,992,1003,-451,0,-542,1399,985,793
"2024-05-15",23,25321,26819,22844,1026,6562,6372,17193,0,14,-775,1005,992,1003,-430,0,-554,1399,997,793
"2024-05-15",24,25051,26544,22589,1034,6562,6877,17193,0,8,-851,1000,992,1002,-451,0,-534,1399,997,793
"2024-05-15",25,24945,25902,22481,1045,6562,6790,17193,0,11,-1014,726,992,686,-446,0,306,1399,997,793
"2024-05-15",26,24565,25525,22180,1056,6562,6673,17193,0,9,-994,719,992,673,-451,0,358,1399,997,793
"2024-05-15",27,24270,25262,21903,1061,6562,6968,17193,0,6,-847,938,992,673,-451,-35,130,1399,996,793
"2024-05-15",28,23910,24961,21599,1066,6562,6770,17193,0,11,-716,954,992,671,-451,-89,121,1399,997,793
"2024-05-15",29,23548,24613,21350,1070,6562,6613,17193,0,10,-643,935,992,475,-451,-104,121,1399,997,793
"2024-05-15",30,23585,24592,21327,1073,6562,6333,17193,0,8,-627,927,992,451,-451,-48,121,1399,997,793
"2024-05-15",31,23507,24804,21199,1070,6562,6117,17193,0,8,-441,601,992,-203,-451,-135,216,1399,996,793
"2024-05-15",32,24061,25328,21696,1067,6562,5957,17193,0,6,-486,594,992,-235,-451,-75,219,1399,996,809
"2024-05-15",33,24813,26779,22404,1074,6562,5188,17193,0,8,-245,978,992,-969,-451,-38,151,1399,995,1384
"2024-05-15",34,25471,27534,22925,1081,6562,4617,17193,0,9,-257,1005,992,-1015,-451,-88,149,1399,995,1423
"2024-05-15",35,26518,28433,23895,1028,6562,4131,17193,0,12,-252,1005,992,-1014,-382,-7,99,1399,996,1423
"2024-05-15",36,27339,29347,24693,975,6562,3675,17193,0,10,-30,1005,992,-1015,-451,-32,97,1400,995,1423
"2024-05-15",37,28182,30083,25494,895,6562,2623,17193,0,11,409,1004,992,-1015,-375,0,346,1399,995,1423
"2024-05-15",38,28543,30479,25912,815,6562,1800,17193,0,8,404,1004,992,-1015,-399,-14,345,1399,995,1423
"2024-05-15",39,28736,31136,26141,741,6562,1112,17193,0,4,437,1005,992,-1015,-452,-138,-291,1399,997,1403
"2024-05-15",40,28717,31208,26157,667,6562,632,17193,0,6,522,1005,992,-1016,-452,-201,-316,1399,997,1401
"2024-05-15",41,28738,30927,26160,631,6562,194,17193,0,4,268,1004,992,-1014,-452,-219,282,1399,995,1418
"2024-05-15",42,28489,30677,25957,595,6562,12,17193,0,5,298,1002,992,-1015,-452,-216,314,1400,996,1421
"2024-05-15",43,28310,30547,25774,585,6562,0,17193,0,5,263,862,992,-926,-452,-354,736,1399,996,1423
"2024-05-15",44,27564,29829,25064,574,6562,0,17193,0,8,181,857,992,-922,-451,-384,754,1399,996,1423
"2024-05-15",45,26524,28570,24189,548,6562,0,17193,0,8,17,996,992,-750,-451,-337,990,1399,995,1423
"2024-05-15",46,24838,26887,22597,521,6562,0,17193,0,14,-120,1003,992,-751,-451,-333,996,1399,994,1423
"2024-05-15",47,23091,25386,20999,495,6562,0,17193,0,12,-25,1004,992,-987,-451,-345,557,1399,994,1423
"2024-05-15",48,22220,24504,20232,468,6562,0,17193,0,10,-47,1004,992,-988,-452,-334,538,1399,994,1423
"2024-05-16",1,21606,23731,19643,422,6562,0,17193,0,11,-156,1004,991,-787,-451,-376,739,1399,994,1423
"2024-05-16",2,21073,23119,19159,376,6562,0,17193,0,44,-133,1004,991,-765,-407,-330,744,1399,993,1423
"2024-05-16",3,20928,22616,19077,362,6562,0,17193,0,126,-195,1004,992,-204,-401,-457,329,1399,996,1423
"2024-05-16",4,20638,22256,18828,348,6562,0,17193,0,127,-267,1004,992,-176,-401,-414,312,1399,995,1423
"2024-05-16",5,20235,21960,18475,336,6562,0,17193,0,129,-283,1005,991,-230,-401,-465,125,1399,996,1423
"2024-05-16",6,19907,21645,18182,324,6562,0,17193,0,137,-521,1005,991,-229,-401,-471,118,1399,996,1423
"2024-05-16",7,19734,21560,18009,319,6562,0,17193,0,409,-686,1004,991,-2,-401,-514,192,1399,996,1423
"2024-05-16",8,19371,21178,17607,313,6562,0,17193,0,413,-657,1004,992,0,-401,-493,195,1399,996,1423
"2024-05-16",9,19345,21445,17576,316,6562,0,17193,0,409,-681,1004,992,-329,-401,-461,499,1399,995,1423
"2024-05-16",10,19447,21485,17758,319,6562,0,17193,0,329,-544,1004,991,-371,-401,-437,511,1399,996,1423
"2024-05-16",11,19712,22091,17923,321,6562,0,17193,0,127,-463,1003,991,-957,-401,-394,753,1399,993,1423
"2024-05-16",12,20127,22484,18316,322,6562,73,17193,0,111,-500,1004,991,-987,-401,-358,762,1399,994,1423
"2024-05-16",13,22096,24056,20148,326,6562,321,17193,0,6,-646,1004,991,-801,-445,-208,838,1399,995,1423
"2024-05-16",14,23858,25759,21803,330,6562,658,17193,0,10,-606,1004,991,-713,-451,-227,840,1399,994,1423
"2024-05-16",15,26306,27637,24019,339,6562,1094,17193,0,8,-469,1004,991,209,-452,-371,615,1398,997,1424
"2024-05-16",16,27222,28692,24799,348,6562,1501,17193,0,12,-426,1004,991,227,-452,-506,606,1398,996,1424
"2024-05-16",17,27391,29362,24863,369,6562,1974,17193,0,12,-115,1004,992,-479,-452,-528,373,1399,996,1424
"2024-05-16",18,27461,29474,24926,390,6562,2379,17193,0,11,-18,1004,991,-522,-452,-528,364,1398,996,1423
"2024-05-16",19,27662,29147,25104,419,6562,2679,17193,0,5,-431,1005,991,95,-452,-528,240,1398,997,1424
"2024-05-16",20,27605,29070,25016,447,6562,3171,17193,0,4,-566,1004,992,110,-452,-509,235,1398,997,1408
"2024-05-16",21,27406,28896,24848,502,6562,3474,17193,0,10,-665,1004,991,883,-452,-528,237,1398,997,834
"2024-05-16",22,27283,28768,24755,556,6562,3786,17193,0,15,-579,1005,992,953,-452,-518,237,1398,997,795
"2024-05-16",23,27680,29034,25137,606,6562,3983,17193,0,12,-314,1004,991,931,-315,-527,238,1398,997,795
"2024-05-16",24,27903,29172,25386,656,6562,3907,17193,0,12,-228,984,991,930,-244,-513,251,1399,997,795
"2024-05-16",25,28134,29495,25621,717,6562,3762,17193,0,11,-513,258,991,1003,-325,-525,978,1399,997,795
"2024-05-16",26,28048,29365,25583,778,6562,3964,17193,0,12,-437,208,992,1002,-278,-527,1019,1399,997,795
"2024-05-16",27,28031,29367,25625,835,6562,4106,17193,0,8,-453,207,991,1003,-325,-503,1019,1399,997,795
"2024-05-16",28,27567,28999,25216,892,6562,4159,17193,0,9,-607,207,991,1002,-396,-527,1019,1399,997,795
"2024-05-16",29,27204,28533,24930,943,6562,4075,17193,0,9,-396,207,991,1003,-293,-527,1000,1399,997,795
"2024-05-16",30,26941,28269,24708,994,6562,4177,17193,0,15,-215,210,991,1003,-286,-527,999,1399,997,810
"2024-05-16",31,26804,28093,24571,1033,6562,4053,17193,0,14,-71,303,991,959,-248,-527,952,1399,997,1383
"2024-05-16",32,27126,28407,24986,1072,6562,3919,17193,0,12,41,325,991,839,-242,-527,950,1399,997,1422
"2024-05-16",33,27377,28845,25204,1096,6562,3683,17193,0,12,438,966,991,-375,-111,-470,950,1399,995,1422
"2024-05-16",34,27851,29480,25644,1120,6562,3148,17193,0,12,485,1005,991,-427,-167,-523,950,1399,995,1422
"2024-05-16",35,28530,30662,26331,1122,6562,2560,17193,0,11,726,1005,992,-861,-233,-527,860,1399,995,1422
"2024-05-16",36,29148,31332,26895,1124,6562,2019,17193,0,7,828,1005,991,-877,-272,-528,856,1399,995,1422
"2024-05-16",37,29655,31204,27426,1103,6562,1441,17193,0,7,1134,999,991,-423,-91,-528,548,1399,996,1422
"2024-05-16",38,29747,31346,27549,1081,6562,977,17193,0,7,1027,998,992,-407,-156,-529,528,1399,996,1422
"2024-05-16",39,29570,31393,27387,1049,6562,578,17193,0,6,1449,1006,992,-624,-83,-528,-82,1399,997,1422
"2024-05-16",40,29095,30917,26932,1016,6562,284,17193,0,8,1347,1006,992,-632,-59,-510,-113,1399,998,1422
"2024-05-16",41,28739,30689,26609,1013,6562,83,17193,0,7,1476,958,992,-859,-36,-385,-163,1399,998,1422
"2024-05-16",42,28332,30263,26175,1010,6562,4,17193,0,10,1672,934,979,-859,-29,-371,-162,1399,997,1422
"2024-05-16",43,27692,29542,25649,1022,6562,0,17193,0,8,1662,320,509,-947,-154,-241,299,1399,998,1422
"2024-05-16",44,26966,28801,25035,1033,6562,0,17193,0,12,1710,274,483,-948,-113,-262,319,1399,998,1422
"2024-05-16",45,26122,27883,24274,1018,6562,0,17193,0,9,1711,273,691,-947,-103,-202,543,1399,998,1422
"2024-05-16",46,24579,26447,22885,1003,6562,0,17193,0,8,1913,290,712,-949,-86,-325,552,1399,997,1422
"2024-05-16",47,23002,25047,21418,985,6562,0,17193,0,9,1806,962,973,-1015,-182,-339,690,1399,995,1422
"2024-05-16",48,21871,23814,20447,967,6562,0,17193,0,17,1887,1005,992,-1015,-223,-188,695,1399,995,1422
"2024-05-17",1,21042,23172,19707,907,6562,0,17193,0,445,1669,1005,991,-920,-224,-41,869,1399,995,1422
"2024-05-17",2,20513,22802,19234,847,6562,0,17193,0,660,1649,1005,992,-916,-213,0,874,1399,995,1422
"2024-05-17",3,20108,22409,18888,822,6562,0,17193,0,653,1791,1005,991,-963,-185,0,560,1399,996,1422
"2024-05-17",4,20320,22634,18945,796,6562,0,17193,0,715,1886,1005,992,-964,-135,0,548,1399,996,1422
"2024-05-17",5,19900,21957,18559,764,6562,0,17193,0,713,1630,1005,992,-692,-152,0,646,1399,996,1422
"2024-05-17",6,19615,21671,18297,731,6562,0,17193,0,728,1470,1005,992,-680,-148,0,649,1399,996,1422
"2024-05-17",7,19229,21711,17929,705,6562,0,17193,0,984,1321,1005,992,-761,-237,0,724,1399,996,1422
"2024-05-17",8,19138,21658,17811,679,6562,0,17193,0,983,1134,1005,992,-765,-272,0,727,1399,997,1422
"2024-05-17",9,19047,21784,17681,685,6562,0,17193,0,988,924,1005,992,-932,-317,0,933,1399,995,1422
"2024-05-17",10,18970,21685,17631,690,6562,0,17193,0,964,897,1005,992,-939,-312,0,936,1399,996,1422
"2024-05-17",11,19243,21561,17858,675,6562,4,17193,0,638,1359,1005,992,-967,-213,0,458,1399,997,1422
"2024-05-17",12,19887,22074,18425,660,6562,160,17193,0,527,1350,1001,991,-968,-192,0,436,1399,997,1422
"2024-05-17",13,21734,23256,20106,640,6562,508,17193,0,28,1530,895,974,-954,-40,0,336,1399,997,1422
"2024-05-17",14,23486,25177,21681,620,6562,971,17193,0,8,1372,887,973,-945,-238,0,337,1399,997,1422
"2024-05-17",15,25362,26494,23355,592,6562,1571,17193,0,8,886,910,967,-320,-304,0,824,1399,997,1415
"2024-05-17",16,26177,27214,24037,563,6562,2291,17193,0,5,739,913,968,-280,-241,-11,841,1399,996,1414
"2024-05-17",17,26237,27303,23952,563,6562,3110,17193,0,4,553,1001,990,284,-431,-131,338,1399,996,1380
"2024-05-17",18,26030,27207,23687,562,6562,4072,17193,0,8,394,1006,991,322,-451,-218,314,1399,989,1378
"2024-05-17",19,25713,26964,23339,561,6562,4923,17193,0,5,232,1006,991,564,-451,-295,335,1399,720,1416
"2024-05-17",20,25195,26450,22855,559,6562,5921,17193,0,8,177,972,992,565,-451,-296,335,1399,703,1419
"2024-05-17",21,24478,25815,22201,592,6562,6705,17193,0,8,83,995,991,612,-451,-378,363,1399,703,1421
"2024-05-17",22,23897,25319,21657,625,6562,7390,17193,0,5,-47,980,991,614,-451,-466,365,1399,698,1422
"2024-05-17",23,23435,24919,21267,621,6562,7837,17193,0,6,-25,788,992,614,-451,-527,455,1399,550,1422
"2024-05-17",24,23115,24599,20982,616,6562,8353,17193,0,6,-42,781,991,623,-451,-527,458,1399,553,1422
"2024-05-17",25,23077,24563,20998,604,6562,8555,17193,0,8,-86,622,991,901,-451,-527,527,1398,970,1422
"2024-05-17",26,22735,24219,20644,592,6562,8570,17193,0,6,-386,608,992,902,-451,-527,529,1398,997,1422
"2024-05-17",27,22503,23990,20458,567,6562,8534,17193,0,9,-637,699,992,700,-451,-527,648,1399,997,1422
"2024-05-17",28,22316,23800,20295,542,6562,8193,17193,0,6,-838,708,991,683,-452,-526,652,1399,996,1422
"2024-05-17",29,22288,23769,20230,528,6562,7887,17193,0,4,-826,868,992,331,-451,-526,729,1399,997,1422
"2024-05-17",30,22320,23806,20223,514,6562,7425,17193,0,8,-854,882,991,316,-451,-527,732,1399,996,1422
"2024-05-17",31,22729,24217,20595,503,6562,6732,17193,0,10,-696,995,991,364,-451,-527,613,1399,996,1422
"2024-05-17",32,23153,24635,21009,492,6562,6141,17193,0,5,-653,1005,991,356,-451,-526,610,1399,996,1422
"2024-05-17",33,23652,25124,21426,502,6562,5455,17193,0,3,-700,1004,991,2,-451,-518,984,1399,996,1422
"2024-05-17",34,24795,26275,22499,512,6562,4742,17193,0,3,-697,1004,991,0,-451,-526,999,1399,996,1422
"2024-05-17",35,25928,27508,23575,508,6562,3979,17193,0,3,-768,1004,992,-99,-451,-527,973,1399,996,1422
"2024-05-17",36,26675,28268,24264,503,6562,3286,17193,0,5,-928,1004,991,-110,-451,-527,972,1399,997,1422
"2024-05-17",37,27202,29256,24821,483,6562,2565,17193,0,5,-716,1004,992,-572,-451,-526,998,1399,996,1422
"2024-05-17",38,27639,29764,25254,462,6562,1898,17193,0,7,-397,1004,992,-641,-451,-526,999,1399,996,1419
"2024-05-17",39,27828,29852,25483,439,6562,1286,17193,0,7,-364,1004,992,-539,-451,-527,998,1399,996,1299
"2024-05-17",40,27943,29960,25596,416,6562,724,17193,0,7,-362,1004,992,-533,-451,-526,998,1399,996,1290
"2024-05-17",41,27669,29316,25319,410,6562,292,17193,0,7,-558,1005,992,-162,-451,-527,876,1399,997,1286
"2024-05-17",42,27594,29196,25239,403,6562,38,17193,0,8,-655,1004,992,-117,-451,-526,871,1399,996,1287
"2024-05-17",43,27368,29023,25027,405,6562,0,17193,0,11,-672,1005,992,-166,-451,-527,699,1399,997,1413
"2024-05-17",44,26855,28510,24537,407,6562,0,17193,0,11,-595,1005,992,-166,-451,-527,693,1400,997,1423
"2024-05-17",45,25773,27264,23493,407,6562,0,17193,0,12,-702,1004,991,-2,-451,-526,908,1399,997,1423
"2024-05-17",46,24476,25966,22308,406,6562,0,17193,0,12,-952,1004,991,0,-451,-527,916,1399,996,1421
"2024-05-17",47,23051,24378,21031,407,6562,0,17193,0,11,-703,1004,991,179,-355,-461,909,1399,996,1375
"2024-05-17",48,22034,23289,20113,408,6562,0,17193,0,12,-544,1004,992,179,-433,-310,909,1399,996,1373
"2024-05-18",1,21154,22375,19275,393,6562,0,17193,0,10,-597,1004,992,-143,-411,-157,974,1399,995,1372
"2024-05-18",2,20729,21824,18910,378,6562,0,17193,0,11,-686,1004,992,-157,-362,-65,976,1399,995,1373
"2024-05-18",3,20234,21620,18483,377,6562,0,17193,0,8,-1020,1004,992,-371,-362,-145,890,1399,995,1412
"2024-05-18",4,20028,21317,18291,375,6562,0,17193,0,8,-954,1004,991,-371,-362,-48,887,1399,995,1413
"2024-05-18",5,19615,20826,17917,383,6562,0,17193,0,9,-1096,1004,991,-201,-359,-142,962,1399,995,1296
"2024-05-18",6,19181,20532,17507,390,6562,0,17193,0,122,-1054,1004,991,-195,-341,-193,962,1399,996,1271
"2024-05-18",7,18809,20228,17152,401,6562,0,17193,0,417,-993,965,992,-106,-322,-74,568,1399,997,670
"2024-05-18",8,18662,20033,16975,411,6562,0,17193,0,409,-1129,963,991,-104,-322,-36,552,1399,997,622
"2024-05-18",9,18372,20199,16657,429,6562,0,17193,0,347,-1231,1002,992,-503,-322,-155,794,1399,995,381
"2024-05-18",10,18153,20078,16510,447,6562,0,17193,0,409,-1214,1004,991,-556,-322,-138,803,1399,996,364
"2024-05-18",11,18123,20290,16468,454,6562,2,17193,0,410,-1312,1004,992,-713,-322,-222,685,1399,995,415
"2024-05-18",12,18261,20321,16568,460,6562,83,17193,0,414,-1360,1004,992,-688,-322,-136,681,1399,995,408
"2024-05-18",13,18929,20250,17223,460,6562,318,17193,0,171,-1124,1004,991,-113,-340,-197,414,1399,996,23
"2024-05-18",14,19450,20704,17655,460,6562,682,17193,0,97,-1091,1002,992,-105,-380,-172,404,1399,997,16
"2024-05-18",15,20496,21623,18577,449,6562,1121,17193,0,15,-1199,912,992,616,-425,-187,323,1399,997,684
"2024-05-18",16,21157,22229,19163,438,6562,1661,17193,0,12,-1293,908,991,737,-394,-166,320,1399,996,732
"2024-05-18",17,22000,23063,19883,450,6562,2228,17193,0,12,-1211,998,991,981,-251,-300,600,1399,996,786
"2024-05-18",18,22496,23655,20368,461,6562,2843,17193,0,12,-1019,1000,992,1003,-249,-398,611,1399,993,790
"2024-05-18",19,22723,23891,20524,471,6562,3628,17193,0,11,-779,840,991,1003,-249,-408,901,1399,889,789
"2024-05-18",20,22483,23750,20319,480,6562,4499,17193,0,11,-563,828,992,1002,-249,-507,912,1399,886,790
"2024-05-18",21,22436,23709,20255,507,6562,5128,17193,0,7,-470,738,992,1002,-249,-517,898,1399,989,790
"2024-05-18",22,22260,23542,20069,533,6562,5697,17193,0,6,-339,736,991,1002,-249,-527,897,1399,988,789
"2024-05-18",23,21897,23177,19728,557,6562,6220,17193,0,4,-400,990,992,1002,-249,-527,921,1399,721,790
"2024-05-18",24,21573,22829,19445,580,6562,6459,17193,0,6,-268,1004,992,1003,-249,-501,922,1399,711,790
"2024-05-18",25,21484,22650,19380,607,6562,7091,17193,0,7,-383,1003,991,1002,-285,-374,1016,1399,978,789
"2024-05-18",26,21067,22404,19017,634,6562,7537,17193,0,7,-594,1004,992,1002,-438,-392,1019,1399,996,790
"2024-05-18",27,20747,22093,18685,649,6562,7168,17193,0,7,-799,1004,992,1002,-451,-388,1019,1399,995,790
"2024-05-18",28,20296,21698,18285,664,6562,7224,17193,0,7,-1016,1003,992,1002,-451,-444,1019,1399,996,789
"2024-05-18",29,20045,21470,18045,689,6562,7191,17193,0,7,-1122,1002,992,1003,-452,-466,1000,1399,996,790
"2024-05-18",30,20022,21379,18031,713,6562,6764,17193,0,7,-1200,1002,991,1003,-451,-399,999,1399,995,789
"2024-05-18",31,20013,21371,18009,728,6562,6128,17193,0,7,-1333,1002,992,1002,-451,-400,999,1399,995,789
"2024-05-18",32,20088,21426,18039,742,6562,5852,17193,0,7,-1373,1002,992,1002,-452,-379,999,1399,996,789
"2024-05-18",33,20564,21903,18500,778,6562,5450,17193,0,7,-1262,1002,991,886,-451,-381,999,1399,996,756
"2024-05-18",34,21517,22918,19399,813,6562,5264,17193,0,8,-1112,1002,992,881,-451,-442,999,1399,996,744
"2024-05-18",35,22860,24205,20626,809,6562,4433,17193,0,8,-1226,1003,992,698,-452,-385,999,1399,997,402
"2024-05-18",36,23920,25368,21618,805,6562,3549,17193,0,8,-1371,1002,991,640,-451,-489,999,1399,997,370
"2024-05-18",37,24485,26122,22204,759,6562,2755,17193,0,8,-1149,1003,992,-192,-452,-485,904,1399,996,82
"2024-05-18",38,24977,26665,22749,713,6562,2059,17193,0,9,-884,1003,992,-220,-451,-508,900,1399,996,44
"2024-05-18",39,25083,27990,22877,657,6562,1158,17193,0,6,-654,1003,992,-894,-452,-459,996,1399,995,-596
"2024-05-18",40,25235,28213,23078,600,6562,639,17193,0,6,-625,1002,992,-933,-452,-445,999,1399,996,-642
"2024-05-18",41,25268,28000,23101,582,6562,227,17193,0,6,-728,1003,992,-602,-452,-437,999,1399,995,-735
"2024-05-18",42,25260,27937,23075,564,6562,20,17193,0,6,-825,1003,992,-532,-452,-458,999,1399,995,-729
"2024-05-18",43,25199,26823,22979,554,6562,0,17193,0,9,-1227,1002,991,-3,-451,-392,903,1399,996,-269
"2024-05-18",44,25138,26650,22886,544,6562,0,17193,0,12,-1399,1003,992,0,-452,-314,900,1399,996,-234
"2024-05-18",45,24265,25855,22028,530,6562,0,17193,0,12,-1440,1003,991,-128,-451,-391,726,1399,997,-108
"2024-05-18",46,22984,24608,20825,515,6562,0,17193,0,12,-1383,1003,991,-137,-452,-443,721,1399,996,-80
"2024-05-18",47,21568,22797,19500,505,6562,0,17193,0,11,-1272,1003,991,276,-317,-401,988,1399,995,599
"2024-05-18",48,20817,21892,18845,495,6562,0,17193,0,7,-1250,997,992,341,-318,-250,998,1399,996,636
"2024-05-19",1,19942,20886,18020,509,6562,0,17193,0,6,-1262,705,991,275,-340,-98,729,1399,997,264
"2024-05-19",2,19491,20350,17616,523,6562,0,17193,0,5,-1210,694,992,273,-341,-13,719,1399,997,247
"2024-05-19",3,19257,20105,17446,523,6562,0,17193,0,8,-1117,987,991,105,-340,0,613,1399,997,563
"2024-05-19",4,19068,19933,17314,523,6562,0,17193,0,8,-1085,997,992,103,-341,-16,609,1399,997,582
"2024-05-19",5,18650,19639,16921,523,6562,0,17193,0,8,-1132,696,991,408,-340,-141,538,1399,997,443
"2024-05-19",6,18142,19159,16419,523,6562,0,17193,0,8,-1156,685,992,423,-341,-168,537,1399,997,432
"2024-05-19",7,17664,18728,15958,521,6562,0,17193,0,12,-1109,985,991,2,-305,-247,887,1399,995,378
"2024-05-19",8,17530,18558,15778,519,6562,0,17193,0,17,-1092,1003,991,0,-300,-211,900,1399,995,366
"2024-05-19",9,17330,18586,15615,529,6562,0,17193,0,245,-1043,1003,992,168,-300,-211,620,1399,997,55
"2024-05-19",10,16913,18280,15238,539,6562,0,17193,0,299,-1165,1003,992,180,-300,-268,609,1399,997,32
"2024-05-19",11,16965,18478,15291,539,6562,4,17193,0,301,-1176,979,992,536,-300,-412,632,1399,997,0
"2024-05-19",12,16802,18309,15117,539,6562,133,17193,0,300,-1205,975,992,585,-300,-407,633,1399,997,5
"2024-05-19",13,17203,18814,15480,548,6562,488,17193,0,300,-1248,883,991,812,-300,-511,563,1399,974,184
"2024-05-19",14,17318,18943,15582,557,6562,996,17193,0,298,-1194,877,992,809,-300,-527,560,1399,973,209
"2024-05-19",15,17726,19096,15915,555,6562,1659,17193,0,41,-1214,901,991,339,-303,-526,418,1399,995,664
"2024-05-19",16,17997,19392,16091,552,6562,2491,17193,0,17,-1299,905,992,320,-351,-527,419,1399,996,698
"2024-05-19",17,18627,20065,16579,564,6562,3445,17193,0,17,-1400,996,991,797,-394,-527,973,1399,995,787
"2024-05-19",18,18631,20116,16478,575,6562,4537,17193,0,13,-1599,1002,991,822,-445,-527,999,1399,995,794
"2024-05-19",19,18780,20272,16525,589,6562,5791,17193,0,13,-1720,1002,992,1000,-452,-527,1018,1399,996,794
"2024-05-19",20,18636,20127,16269,603,6562,7021,17193,0,12,-1865,1002,992,1003,-452,-527,1019,1399,995,794
"2024-05-19",21,18326,19818,15912,633,6562,8191,17193,0,15,-1946,1002,991,1002,-451,-526,1019,1399,995,794
"2024-05-19",22,17723,19218,15287,663,6562,9230,17193,0,18,-1839,1003,991,1003,-451,-526,1019,1399,995,794
"2024-05-19",23,17215,18712,14763,692,6562,10023,17193,0,18,-2133,1003,992,1002,-452,-527,1019,1399,995,794
"2024-05-19",24,16921,18769,14482,720,6562,10603,17193,0,369,-2161,1000,992,1002,-452,-527,1019,1399,995,787
"2024-05-19",25,16671,18445,14213,751,6562,10980,17193,0,297,-2328,909,991,1002,-451,-526,1019,1399,995,521
"2024-05-19",26,16595,18401,14150,782,6562,11174,17193,0,327,-2402,903,992,1004,-452,-527,1019,1398,994,505
"2024-05-19",27,16407,18325,14029,801,6562,11096,17193,0,507,-2293,903,992,1002,-451,-460,1019,1398,994,589
"2024-05-19",28,16091,18053,13792,820,6562,10724,17193,0,615,-2333,903,991,1003,-451,-396,1019,1398,995,589
"2024-05-19",29,15984,17818,13740,841,6562,10317,17193,0,487,-2298,856,969,1002,-451,-396,952,1399,995,349
"2024-05-19",30,16340,18391,14161,861,6562,9810,17193,0,702,-2120,851,968,999,-452,-397,950,1399,994,338
"2024-05-19",31,16612,18452,14457,882,6562,9248,17193,0,403,-2050,711,990,535,-451,-486,997,1399,995,581
"2024-05-19",32,17508,19171,15324,903,6562,8405,17193,0,186,-1711,710,992,512,-451,-526,999,1399,995,588
"2024-05-19",33,18369,19973,16167,959,6562,7436,17193,0,127,-1303,912,992,335,-451,-526,999,1399,996,210
"2024-05-19",34,19798,21390,17479,1014,6562,6402,17193,0,113,-1466,928,992,322,-452,-527,999,1399,996,198
"2024-05-19",35,21367,22857,18915,1025,6562,5334,17193,0,12,-1712,998,992,509,-451,-527,999,1399,996,752
"2024-05-19",36,22867,24353,20316,1036,6562,4285,17193,0,8,-1796,1002,992,517,-451,-527,999,1399,997,790
"2024-05-19",37,23907,25394,21401,995,6562,3277,17193,0,8,-1596,1002,992,780,-452,-527,999,1399,997,790
"2024-05-19",38,24710,26202,22205,954,6562,2335,17193,0,14,-1459,1002,992,759,-451,-527,999,1399,997,783
"2024-05-19",39,25044,26532,22576,909,6562,1485,17193,0,11,-1212,1002,992,295,-451,-526,999,1399,997,482
"2024-05-19",40,25264,26753,22873,864,6562,816,17193,0,11,-1119,1002,992,294,-452,-526,999,1399,997,468
"2024-05-19",41,25431,26920,23082,850,6562,300,17193,0,10,-963,1002,992,298,-452,-527,999,1399,997,770
"2024-05-19",42,25312,26799,23034,836,6562,31,17193,0,10,-796,1002,992,298,-451,-526,999,1399,997,790
"2024-05-19",43,25227,26714,22918,838,6562,0,17193,0,8,-1080,1002,992,700,-452,-527,999,1399,997,790
"2024-05-19",44,24825,26316,22548,839,6562,0,17193,0,14,-1154,1001,992,727,-451,-526,999,1399,997,786
"2024-05-19",45,24070,25560,21833,828,6562,0,17193,0,12,-1175,1002,992,282,-451,-527,999,1399,997,606
"2024-05-19",46,23094,24582,20997,816,6562,0,17193,0,11,-1171,1002,992,280,-451,-526,999,1399,997,580
"2024-05-19",47,21253,22743,19326,800,6562,0,17193,0,12,-1021,1002,991,211,-451,-527,999,1399,997,127
"2024-05-19",48,20348,21839,18516,783,6562,0,17193,0,12,-1023,1001,991,209,-452,-527,999,1399,997,82
"2024-05-20",1,19655,21535,17860,754,6562,0,17193,0,11,-939,1001,991,119,-450,-526,933,1399,997,-393
"2024-05-20",2,19245,21127,17482,725,6562,0,17193,0,12,-916,1001,991,110,-411,-527,931,1399,997,-432
"2024-05-20",3,19056,21275,17331,709,6562,0,17193,0,11,-881,1001,991,-127,-382,-527,958,1399,997,-672
"2024-05-20",4,18952,21192,17273,692,6562,0,17193,0,8,-893,1002,992,-127,-381,-527,959,1399,997,-697
"2024-05-20",5,18596,21143,16959,678,6562,0,17193,0,10,-916,1001,991,-104,-395,-526,805,1399,996,-1012
"2024-05-20",6,18235,21103,16599,664,6562,0,17193,0,308,-928,1001,991,-104,-396,-527,799,1399,997,-1033
"2024-05-20",7,18187,21115,16534,644,6562,0,17193,0,350,-970,1002,992,-144,-387,-527,906,1399,997,-1020
"2024-05-20",8,18184,21133,16499,624,6562,0,17193,0,372,-1158,1001,991,-152,-381,-526,910,1399,997,-1018
"2024-05-20",9,18183,21691,16483,657,6562,0,17193,0,410,-1179,1001,992,-698,-381,-514,951,1399,997,-1005
"2024-05-20",10,18045,21573,16356,689,6562,0,17193,0,410,-1167,1001,992,-726,-381,-510,952,1399,996,-1001
"2024-05-20",11,18449,21545,16710,697,6562,5,17193,0,43,-1208,1002,991,-738,-381,-527,745,1399,996,-907
"2024-05-20",12,19064,22043,17293,704,6562,148,17193,0,17,-1226,1001,991,-675,-381,-510,737,1399,996,-896
"2024-05-20",13,20979,22965,19045,713,6562,432,17193,0,16,-1149,1001,991,94,-360,-378,875,1399,996,-732
"2024-05-20",14,22565,24257,20528,722,6562,844,17193,0,14,-1016,1002,991,122,-266,-267,880,1399,996,-645
"2024-05-20",15,24865,26193,22600,704,6562,1405,17193,0,12,-1183,1001,991,947,-435,-381,995,1399,997,664
"2024-05-20",16,25533,26938,23174,686,6562,2174,17193,0,15,-1243,1002,991,1002,-451,-439,999,1399,996,795
"2024-05-20",17,25627,27120,23155,687,6562,3001,17193,0,15,-1305,1002,991,1003,-451,-527,999,1399,997,795
"2024-05-20",18,25415,26908,22863,688,6562,3955,17193,0,12,-1407,1002,991,1003,-451,-530,999,1399,997,795
"2024-05-20",19,25235,26718,22710,687,6562,4955,17193,0,13,-1432,1001,991,1003,-451,-519,1018,1398,996,795
"2024-05-20",20,24578,26070,22063,686,6562,6056,17193,0,12,-1413,1002,991,1003,-451,-529,1019,1398,997,795
"2024-05-20",21,23981,25469,21500,706,6562,7224,17193,0,9,-1322,1001,991,1003,-451,-528,1019,1398,997,795
"2024-05-20",22,23500,24988,21054,726,6562,8112,17193,0,7,-1238,1002,991,1002,-452,-529,1019,1398,997,795
"2024-05-20",23,22979,24466,20561,745,6562,8729,17193,0,7,-1299,1002,991,1003,-452,-528,1019,1398,997,795
"2024-05-20",24,22427,23912,20038,763,6562,9262,17193,0,6,-1397,1001,991,1004,-451,-528,1019,1397,996,795
"2024-05-20",25,22307,23795,19910,768,6562,9666,17193,0,7,-1374,1001,992,1003,-452,-529,1019,1397,997,795
"2024-05-20",26,22025,23512,19673,773,6562,9932,17193,0,8,-1381,1002,992,1003,-451,-528,1019,1397,996,795
"2024-05-20",27,21558,23044,19224,780,6562,9982,17193,0,7,-1682,1002,992,1002,-451,-528,1019,1397,996,795
"2024-05-20",28,21542,23027,19236,787,6562,9922,17193,0,6,-1674,1001,991,1003,-451,-528,1019,1397,996,795
"2024-05-20",29,21454,22942,19180,797,6562,9635,17193,0,7,-1536,1001,992,1003,-452,-529,1000,1397,997,795
"2024-05-20",30,21521,23007,19232,806,6562,9083,17193,0,7,-1536,1002,992,1003,-451,-528,999,1397,996,795
"2024-05-20",31,21670,23156,19330,826,6562,8482,17193,0,7,-1454,1002,992,1003,-451,-528,999,1398,996,795
"2024-05-20",32,22380,23865,20076,846,6562,7837,17193,0,7,-1349,1002,992,1003,-451,-527,999,1398,997,795
"2024-05-20",33,23168,24653,20762,898,6562,6910,17193,0,7,-1367,1002,991,1003,-451,-527,999,1398,996,795
"2024-05-20",34,24367,25852,21905,950,6562,5944,17193,0,7,-1077,1002,991,1002,-451,-527,999,1399,996,795
"2024-05-20",35,25674,27159,23168,970,6562,4876,17193,0,7,-771,1002,992,923,-451,-527,999,1399,996,795
"2024-05-20",36,26543,28033,24001,989,6562,3938,17193,0,12,-574,1002,991,818,-451,-527,999,1399,996,777
"2024-05-20",37,27131,28618,24601,989,6562,3072,17193,0,9,95,1002,991,3,-451,-527,999,1399,996,133
"2024-05-20",38,27653,29112,25138,989,6562,2228,17193,0,10,419,1001,991,0,-451,-498,993,1399,996,66
"2024-05-20",39,27613,30367,25251,924,6562,1496,17193,0,5,1040,1003,992,-708,-451,-361,455,1399,997,-729
"2024-05-20",40,27586,30556,25231,858,6562,821,17193,0,5,1090,1002,991,-867,-451,-388,435,1399,997,-759
"2024-05-20",41,27682,29575,25235,820,6562,274,17193,0,10,327,1002,992,-476,-452,-455,974,1399,996,107
"2024-05-20",42,27248,29120,24818,782,6562,33,17193,0,10,94,1002,991,-402,-451,-509,999,1399,996,177
"2024-05-20",43,27294,28780,24873,774,6562,0,17193,0,9,-136,1001,991,296,-451,-526,999,1399,996,617
"2024-05-20",44,26920,28387,24543,766,6562,0,17193,0,7,-234,1001,991,329,-451,-509,999,1399,997,650
"2024-05-20",45,25590,27074,23213,754,6562,0,17193,0,7,-397,1001,991,341,-451,-526,999,1399,997,726
"2024-05-20",46,24245,25731,22055,742,6562,0,17193,0,8,-388,1002,991,338,-451,-527,999,1399,996,748
"2024-05-20",47,22741,24164,20722,729,6562,0,17193,0,11,-441,1002,991,3,-451,-461,991,1399,997,1337
"2024-05-20",48,21767,23041,19825,715,6562,0,17193,0,13,-381,1002,991,0,-385,-376,991,1399,997,1377
"2024-05-21",1,21023,22765,19127,669,6562,0,17193,0,274,-533,1002,991,-99,-371,-498,991,1399,997,1351
"2024-05-21",2,20570,22317,18723,623,6562,0,17193,0,245,-806,1003,992,-104,-371,-527,991,1399,996,1350
"2024-05-21",3,20244,22046,18425,602,6562,0,17193,0,402,-1010,1002,992,-2,-371,-527,999,1399,996,1417
"2024-05-21",4,20156,21967,18310,580,6562,0,17193,0,413,-949,1002,991,0,-371,-527,999,1399,997,1421
"2024-05-21",5,19894,21706,18047,565,6562,0,17193,0,414,-1115,1003,992,272,-371,-527,999,1399,997,1422
"2024-05-21",6,19597,21414,17763,549,6562,0,17193,0,419,-1133,1002,992,298,-371,-527,999,1399,996,1421
"2024-05-21",7,19161,21035,17396,530,6562,0,17193,0,476,-1015,1003,992,169,-371,-527,999,1399,996,1418
"2024-05-21",8,19114,20923,17352,510,6562,0,17193,0,411,-999,1003,992,163,-371,-527,999,1399,997,1416
"2024-05-21",9,18979,21509,17238,519,6562,0,17193,0,412,-786,1002,992,-721,-371,-526,999,1399,997,1340
"2024-05-21",10,18712,21308,17002,527,6562,0,17193,0,310,-861,1003,992,-888,-371,-527,999,1399,997,1335
"2024-05-21",11,19093,21397,17349,524,6562,2,17193,0,29,-780,1003,992,-877,-371,-527,882,1399,997,1371
"2024-05-21",12,19776,22043,17958,520,6562,112,17193,0,12,-564,1003,992,-876,-371,-508,878,1399,997,1355
"2024-05-21",13,21733,23729,19753,505,6562,395,17193,0,11,-341,1003,992,-788,-319,-378,995,1399,997,643
"2024-05-21",14,23461,25475,21336,489,6562,827,17193,0,33,-416,1003,991,-710,-447,-324,999,1399,997,611
"2024-05-21",15,25641,27088,23307,457,6562,1308,17193,0,33,-682,1003,991,118,-446,-468,999,1399,997,1358
"2024-05-21",16,26588,28076,24191,424,6562,1767,17193,0,6,-640,1003,991,145,-452,-530,999,1399,997,1410
"2024-05-21",17,27165,28651,24610,430,6562,2483,17193,0,6,-783,1003,991,947,-451,-529,999,1398,997,1419
"2024-05-21",18,27228,28714,24652,436,6562,2961,17193,0,7,-791,1003,991,1003,-451,-528,999,1398,996,1421
"2024-05-21",19,27229,28715,24634,435,6562,3519,17193,0,6,-794,1003,992,1003,-452,-528,1018,1399,997,1421
"2024-05-21",20,27110,28598,24585,433,6562,4211,17193,0,7,-743,1002,991,1002,-452,-529,1019,1398,997,1421
"2024-05-21",21,26564,28050,24026,457,6562,4888,17193,0,7,-853,1002,991,1002,-451,-528,1019,1398,997,1421
"2024-05-21",22,26205,27690,23726,480,6562,5271,17193,0,6,-969,1002,991,1003,-452,-527,1019,1397,997,1421
"2024-05-21",23,26171,27658,23672,490,6562,5517,17193,0,7,-1000,1002,991,1003,-452,-528,1019,1398,997,1421
"2024-05-21",24,26218,27703,23742,499,6562,5348,17193,0,7,-918,1002,991,1002,-451,-527,1019,1397,997,1421
"2024-05-21",25,26259,27744,23764,505,6562,5561,17193,0,7,-978,1002,991,959,-451,-527,1019,1397,997,1421
"2024-05-21",26,26146,27632,23703,510,6562,5466,17193,0,7,-844,1002,991,954,-452,-527,1019,1397,996,1421
"2024-05-21",27,26340,27826,23889,515,6562,5110,17193,0,7,-868,1003,992,896,-452,-527,1019,1397,997,1421
"2024-05-21",28,26202,27687,23796,520,6562,4964,17193,0,7,-736,1002,991,890,-451,-527,1018,1397,997,1421
"2024-05-21",29,26149,27633,23751,526,6562,4614,17193,0,5,-676,1003,991,359,-452,-527,722,1397,997,1421
"2024-05-21",30,26113,27598,23711,531,6562,4281,17193,0,6,-583,1003,992,324,-452,-527,711,1398,998,1421
"2024-05-21",31,26032,28163,23537,531,6562,3646,17193,0,12,-422,1003,991,-661,-431,-527,833,1398,997,1421
"2024-05-21",32,26593,28882,24080,531,6562,3016,17193,0,11,-346,1003,991,-800,-451,-527,837,1397,998,1421
"2024-05-21",33,27423,29494,24881,538,6562,2857,17193,0,6,-253,1002,991,-588,-451,-526,989,1397,997,1421
"2024-05-21",34,28194,30258,25551,544,6562,2370,17193,0,5,-33,1003,991,-580,-452,-527,994,1398,997,1421
"2024-05-21",35,29119,30856,26300,538,6562,1984,17193,0,15,441,1003,991,-243,-452,-527,849,1398,997,1421
"2024-05-21",36,29636,31330,26760,531,6562,1667,17193,0,15,487,1003,991,-202,-451,-526,844,1397,997,1421
"2024-05-21",37,30119,31549,27250,521,6562,1277,17193,0,10,648,1003,991,123,-394,-526,610,1397,998,1421
"2024-05-21",38,30080,31485,27354,510,6562,903,17193,0,10,773,1003,991,134,-368,-527,602,1397,998,1421
"2024-05-21",39,30305,31661,27651,492,6562,604,17193,0,8,603,1002,991,492,-343,-505,873,1397,997,1421
"2024-05-21",40,29926,31301,27289,473,6562,379,17193,0,8,463,1003,991,507,-342,-525,883,1397,997,1421
"2024-05-21",41,29605,31034,27031,453,6562,146,17193,0,10,171,1002,991,590,-392,-527,995,1397,998,1421
"2024-05-21",42,29268,30755,26638,432,6562,26,17193,0,10,130,1002,991,593,-451,-526,999,1397,997,1421
"2024-05-21",43,28734,30193,26156,424,6562,0,17193,0,10,32,1002,992,682,-422,-527,994,1397,998,1421
"2024-05-21",44,27760,29177,25260,416,6562,0,17193,0,7,-29,1002,991,648,-384,-526,994,1398,998,1421
"2024-05-21",45,26223,27627,23851,415,6562,0,17193,0,7,-166,1002,992,8,-379,-518,999,1399,997,1423
"2024-05-21",46,25010,26346,22725,413,6562,0,17193,0,11,-184,1002,992,0,-423,-402,999,1399,997,1423
"2024-05-21",47,23261,25019,21178,418,6562,0,17193,0,12,-23,1002,992,-401,-451,-394,961,1399,997,1423
"2024-05-21",48,22109,24024,20161,422,6562,0,17193,0,12,102,1002,991,-452,-450,-501,959,1399,996,1423
"2024-05-22",1,21445,23008,19537,426,6562,0,17193,0,11,62,1002,992,-135,-402,-515,969,1399,997,1423
"2024-05-22",2,20931,22352,19031,430,6562,0,17193,0,21,-32,1002,991,-107,-400,-393,969,1399,996,1422
"2024-05-22",3,20518,22165,18696,444,6562,0,17193,0,231,-76,1002,992,-236,-361,-319,903,1399,996,1423
"2024-05-22",4,20426,22153,18655,457,6562,0,17193,0,300,-148,1002,991,-234,-322,-371,900,1399,996,1423
"2024-05-22",5,20081,21810,18370,476,6562,0,17193,0,402,-399,1002,992,94,-321,-506,952,1399,996,1423
"2024-05-22",6,19685,21454,17956,494,6562,0,17193,0,421,-436,1002,991,103,-321,-527,954,1399,996,1423
"2024-05-22",7,19249,21187,17535,520,6562,0,17193,0,417,-430,1002,992,-183,-322,-516,874,1399,996,1423
"2024-05-22",8,19225,21211,17468,545,6562,0,17193,0,419,-721,1002,991,-212,-329,-526,871,1399,996,1422
"2024-05-22",9,19142,21469,17432,590,6562,0,17193,0,417,-772,1002,992,-587,-392,-431,995,1399,997,1423
"2024-05-22",10,19168,21425,17483,635,6562,0,17193,0,418,-689,1002,991,-582,-392,-365,999,1399,996,1423
"2024-05-22",11,19568,21715,17824,680,6562,0,17193,0,654,-691,1002,991,-376,-392,-225,999,1399,996,1423
"2024-05-22",12,20088,22416,18292,724,6562,8,17193,0,871,-779,1002,992,-376,-392,-189,999,1399,996,1423
"2024-05-22",13,22082,23646,20142,783,6562,70,17193,0,120,-462,1002,991,-501,-392,-51,999,1399,996,1423
"2024-05-22",14,24009,25319,21920,841,6562,199,17193,0,14,157,1002,991,-478,-296,-22,999,1399,997,1422
"2024-05-22",15,26329,27421,24044,887,6562,393,17193,0,12,4,1002,990,558,-436,-144,999,1399,997,1423
"2024-05-22",16,27498,28557,25105,932,6562,580,17193,0,8,182,1002,990,660,-450,-101,999,1399,997,1423
"2024-05-22",17,28347,29460,25884,996,6562,803,17193,0,8,246,1002,991,988,-450,-155,999,1399,997,1423
"2024-05-22",18,28713,29796,26247,1059,6562,1080,17193,0,9,317,999,991,1003,-451,-123,998,1399,997,1423
"2024-05-22",19,29074,30114,26543,1130,6562,1377,17193,0,6,546,903,991,1002,-451,-83,641,1398,997,1423
"2024-05-22",20,29068,30021,26528,1200,6562,1634,17193,0,12,773,899,991,1002,-440,-1,627,1398,997,1423
"2024-05-22",21,28926,29852,26350,1301,6562,1985,17193,0,8,484,729,991,1003,-418,0,800,1398,997,1423
"2024-05-22",22,28704,29570,26094,1401,6562,2302,17193,0,8,421,714,991,1002,-358,0,806,1398,997,1423
"2024-05-22",23,28694,29590,26090,1511,6562,2721,17193,0,12,522,539,991,1003,-384,0,988,1398,997,1423
"2024-05-22",24,28871,29676,26229,1621,6562,3067,17193,0,13,508,528,991,1003,-292,0,994,1398,997,1423
"2024-05-22",25,29123,29833,26451,1737,6562,3292,17193,0,10,365,573,991,1003,-200,0,952,1398,997,1423
"2024-05-22",26,28954,29588,26252,1852,6562,3318,17193,0,12,347,575,992,1003,-122,0,950,1398,995,1423
"2024-05-22",27,28279,28791,25593,1993,6562,3176,17193,0,12,482,600,991,1003,29,0,1017,1397,906,1423
"2024-05-22",28,27625,28136,24945,2134,6562,3433,17193,0,11,362,601,992,1002,0,0,1019,1398,903,1423
"2024-05-22",29,27227,27735,24672,2224,6562,3680,17193,0,8,481,632,991,1002,0,0,970,1397,991,1423
"2024-05-22",30,27032,27541,24473,2314,6562,3477,17193,0,9,1002,633,991,1003,0,0,968,1397,997,1423
"2024-05-22",31,26928,27436,24443,2402,6562,3282,17193,0,8,1449,604,992,1003,4,0,998,1397,996,1423
"2024-05-22",32,27549,28057,25083,2490,6562,2670,17193,0,8,1783,608,992,1001,77,0,999,1397,997,1406
"2024-05-22",33,27855,28363,25347,2585,6562,2472,17193,0,8,2746,791,991,633,227,0,953,1397,996,803
"2024-05-22",34,28404,28912,25891,2680,6562,2402,17193,0,8,3028,808,992,575,163,70,951,1397,997,760
"2024-05-22",35,28923,29851,26423,2738,6562,2338,17193,0,7,3295,989,992,-421,310,215,997,1397,996,703
"2024-05-22",36,29457,30445,27077,2796,6562,1581,17193,0,7,3618,1001,991,-481,399,185,999,1397,996,687
"2024-05-22",37,29246,30636,27014,2831,6562,1132,17193,0,7,3625,1001,992,-883,400,236,884,1397,996,238
"2024-05-22",38,29057,30466,27021,2866,6562,874,17193,0,7,3584,1002,992,-902,380,254,880,1397,996,183
"2024-05-22",39,28401,30599,26495,2887,6562,632,17193,0,8,3565,1002,992,-1012,399,232,671,1397,996,-678
"2024-05-22",40,28371,30634,26561,2908,6562,402,17193,0,9,3595,1002,992,-1012,397,242,665,1398,996,-742
"2024-05-22",41,27695,30197,25961,2901,6562,120,17193,0,11,3523,1001,992,-1014,243,94,987,1398,996,-977
"2024-05-22",42,27143,29664,25505,2893,6562,5,17193,0,11,3477,991,990,-1015,301,1,998,1399,995,-995
"2024-05-22",43,26587,29193,25021,2889,6562,0,17193,0,7,3529,755,931,-1014,249,0,709,1399,997,-1085
"2024-05-22",44,25864,28479,24309,2885,6562,0,17193,0,9,3473,730,924,-1015,266,0,698,1399,996,-1091
"2024-05-22",45,24546,27159,23077,2894,6562,0,17193,0,8,3289,550,824,-1014,101,0,659,1399,997,-1091
"2024-05-22",46,23211,25932,21896,2902,6562,0,17193,0,116,3462,548,819,-1014,197,0,631,1399,997,-1091
"2024-05-22",47,21447,25121,20224,2891,6562,0,17193,0,829,3319,908,887,-1015,119,0,-279,1399,997,-1051
"2024-05-22",48,20429,24235,19286,2880,6562,0,17193,0,904,3411,919,890,-1015,118,0,-339,1369,997,-1048
"2024-05-23",1,19332,23272,18286,2889,6562,0,17193,0,981,3538,517,825,-1014,177,0,-356,996,997,-1089
"2024-05-23",2,18935,22760,17894,2898,6562,0,17193,0,862,3536,496,823,-1014,177,0,-357,920,997,-1092
"2024-05-23",3,18698,22729,17653,2918,6562,0,17193,0,832,3516,707,917,-1014,177,0,-593,546,977,-1092
"2024-05-23",4,18479,22667,17400,2937,6562,0,17193,0,980,3665,721,919,-1014,177,0,-602,470,976,-1092
"2024-05-23",5,18004,22316,16919,2934,6562,0,17193,0,966,3710,592,747,-1015,177,0,-739,96,996,-1092
"2024-05-23",6,17720,21938,16641,2930,6562,0,17193,0,868,3562,585,726,-1015,177,0,-743,52,998,-1092
"2024-05-23",7,17601,21882,16484,2932,6562,0,17193,0,898,3871,592,418,-1014,177,0,-777,88,998,-1092
"2024-05-23",8,17518,21865,16525,2934,6562,0,17193,0,963,3962,580,398,-1014,177,0,-778,119,998,-1092
"2024-05-23",9,17406,21837,16324,2940,6562,0,17193,0,957,3758,81,468,-1014,177,0,-868,457,999,-1092
"2024-05-23",10,17167,21600,16098,2945,6562,0,17193,0,954,3535,11,481,-1016,177,0,-871,529,990,-1092
"2024-05-23",11,17661,22166,16588,2951,6562,15,17193,0,952,3319,506,778,-1015,177,0,-944,902,706,-1094
"2024-05-23",12,18181,22682,17052,2956,6562,135,17193,0,949,3286,552,798,-1015,177,0,-942,978,695,-1095
"2024-05-23",13,20282,23926,18961,2973,6562,338,17193,0,574,3130,971,797,-1015,194,0,-460,1351,948,-1095
"2024-05-23",14,21879,24958,20402,2989,6562,591,17193,0,87,3113,1002,799,-1019,154,0,-378,1397,966,-1095
"2024-05-23",15,23962,26458,22303,3013,6562,1034,17193,0,17,3150,1002,870,-829,-78,0,878,1397,995,-1072
"2024-05-23",16,24717,27138,23011,3036,6562,1418,17193,0,17,3391,1002,878,-774,-159,0,989,1397,997,-971
"2024-05-23",17,25880,26611,24032,3050,6562,1925,17193,0,11,3395,1002,984,-113,-107,0,999,1397,997,457
"2024-05-23",18,25904,26597,23934,3064,6562,2391,17193,0,10,3315,1002,991,-105,-78,0,999,1397,997,620
"2024-05-23",19,26101,26611,23979,3074,6562,2696,17193,0,10,3264,1002,992,331,0,0,1018,1397,997,783
"2024-05-23",20,25963,26480,23741,3083,6562,3006,17193,0,13,3167,1002,991,391,-4,0,1019,1397,997,795
"2024-05-23",21,25914,26600,23630,3051,6562,3414,17193,0,10,2933,1002,991,498,-176,0,1019,1398,997,795
"2024-05-23",22,25676,26332,23338,3019,6562,3924,17193,0,8,2879,1002,991,501,-148,0,1019,1398,997,795
"2024-05-23",23,25435,26045,23059,2995,6562,4179,17193,0,13,2768,1002,992,501,-97,0,1019,1398,997,795
"2024-05-23",24,25474,26058,23086,2970,6562,4874,17193,0,9,2581,1002,991,501,-75,0,1019,1398,997,794
"2024-05-23",25,25519,26074,23083,2939,6562,4925,17193,0,8,2353,1002,992,501,-47,0,1019,1399,997,795
"2024-05-23",26,25310,25882,22854,2908,6562,5027,17193,0,8,2205,1002,992,502,-64,0,1019,1399,997,795
"2024-05-23",27,24897,25404,22330,2890,6562,5206,17193,0,7,1954,1002,991,502,0,0,1019,1398,997,795
"2024-05-23",28,24443,24951,21968,2871,6562,5611,17193,0,8,1497,1002,992,502,0,0,1019,1399,997,795
"2024-05-23",29,24442,24954,22019,2832,6562,5453,17193,0,12,1484,1002,992,502,0,0,1000,1399,997,795
"2024-05-23",30,24512,25024,22063,2793,6562,4973,17193,0,12,1520,1002,992,501,0,0,999,1399,997,779
"2024-05-23",31,24302,24815,21742,2738,6562,4631,17193,0,13,1452,1002,991,248,0,0,999,1399,997,220
"2024-05-23",32,24906,25431,22289,2683,6562,4194,17193,0,11,1414,1002,992,245,0,-14,999,1399,996,169
"2024-05-23",33,25756,26539,23091,2597,6562,3753,17193,0,8,1448,1002,992,249,0,0,999,1399,996,-275
"2024-05-23",34,26754,27605,24010,2511,6562,3325,17193,0,11,1388,1002,992,0,0,-17,999,1398,996,-323
"2024-05-23",35,27698,29673,24944,2401,6562,2817,17193,0,8,1653,1002,992,-522,0,0,978,1399,996,-945
"2024-05-23",36,28556,30644,25791,2291,6562,2156,17193,0,14,1692,1002,992,-584,0,0,972,1399,996,-990
"2024-05-23",37,28788,31349,26047,2142,6562,1624,17193,0,10,1924,1003,992,-967,0,0,446,1399,996,-1084
"2024-05-23",38,29086,31726,26386,1992,6562,1102,17193,0,9,1859,1003,992,-1015,-25,0,401,1398,996,-1091
"2024-05-23",39,29008,32140,26351,1838,6562,669,17193,0,8,1973,1004,992,-1015,-65,0,-446,1399,997,-1098
"2024-05-23",40,28795,32001,26212,1683,6562,375,17193,0,11,1977,1004,992,-1015,-87,0,-495,1399,997,-1098
"2024-05-23",41,28532,31395,25970,1561,6562,113,17193,0,10,1836,1003,992,-1014,-112,-80,-49,1399,997,-1098
"2024-05-23",42,28047,31035,25513,1439,6562,7,17193,0,6,1757,1003,992,-1016,-144,-211,-15,1399,997,-1096
"2024-05-23",43,27977,31140,25405,1360,6562,0,17193,0,8,1501,1002,992,-1014,-181,-362,717,1399,997,-1098
"2024-05-23",44,27321,30636,24756,1281,6562,0,17193,0,11,1423,1002,992,-1015,-201,-492,755,1399,997,-1096
"2024-05-23",45,25781,28894,23423,1217,6562,0,17193,0,10,1086,1003,991,-861,-201,-529,333,1399,997,-1012
"2024-05-23",46,24677,27697,22432,1153,6562,0,17193,0,7,862,1003,992,-855,-140,-530,315,1399,996,-988
"2024-05-23",47,23249,25348,21128,1095,6562,0,17193,0,11,386,1003,992,-714,-116,-461,104,1399,997,-297
"2024-05-23",48,22368,24275,20304,1036,6562,0,17193,0,7,203,1003,992,-704,-69,-369,96,1399,997,-258
"2024-05-24",1,21666,23925,19655,911,6562,0,17193,0,7,77,1003,992,-635,-68,-491,204,1399,997,-558
"2024-05-24",2,21144,23403,19134,785,6562,0,17193,0,7,-110,1004,992,-631,-39,-518,207,1399,997,-564
"2024-05-24",3,20970,22526,19018,741,6562,0,17193,0,7,-333,1004,992,-574,-38,-401,216,1399,997,-36
"2024-05-24",4,20816,22315,18895,697,6562,0,17193,0,33,-517,1004,992,-574,-38,-354,216,1399,997,0
"2024-05-24",5,20403,22121,18507,675,6562,0,17193,0,66,-546,1004,992,-628,-39,-485,287,1399,997,0
"2024-05-24",6,20093,21800,18143,653,6562,0,17193,0,66,-620,1004,992,-639,-78,-413,289,1399,997,-11
"2024-05-24",7,19688,22120,17790,625,6562,0,17193,0,66,-586,1004,992,-903,-98,-384,429,1399,996,-481
"2024-05-24",8,19471,21969,17541,597,6562,0,17193,0,66,-508,1004,992,-903,-118,-384,433,1399,996,-527
"2024-05-24",9,19299,22202,17417,569,6562,0,17193,0,11,-425,1003,992,-931,-119,-316,443,1399,997,-1026
"2024-05-24",10,19043,22008,17165,540,6562,0,17193,0,12,-484,1004,992,-934,-119,-338,440,1399,997,-1062
"2024-05-24",11,19315,22246,17448,513,6562,10,17193,0,11,-655,1004,992,-1013,-119,-199,6,1399,997,-1089
"2024-05-24",12,20261,23243,18333,485,6562,148,17193,0,9,-833,1004,992,-1015,-185,-178,-7,1399,998,-1088
"2024-05-24",13,21819,24952,19709,465,6562,431,17193,0,8,-777,1005,992,-989,-227,-49,-433,1398,998,-927
"2024-05-24",14,23316,26455,21037,444,6562,833,17193,0,11,-449,1005,992,-964,-257,-112,-399,1399,998,-896
"2024-05-24",15,25664,27213,23167,421,6562,1376,17193,0,11,-1250,1003,992,-148,-438,-265,762,1399,997,-187
"2024-05-24",16,26298,27897,23666,398,6562,2021,17193,0,11,-1024,1003,992,-104,-452,-416,857,1398,997,-116
"2024-05-24",17,27126,28614,24319,397,6562,2660,17193,0,12,-1416,1003,992,733,-452,-524,735,1398,997,735
"2024-05-24",18,27379,28872,24512,395,6562,3380,17193,0,13,-1408,1003,992,908,-451,-529,731,1398,998,794
"2024-05-24",19,27324,28817,24421,399,6562,3682,17193,0,12,-1640,1003,992,1000,-452,-529,957,1399,998,847
"2024-05-24",20,27278,28771,24341,402,6562,3919,17193,0,13,-1678,1003,991,1004,-451,-529,964,1398,998,850
"2024-05-24",21,26879,28370,23955,416,6562,4142,17193,0,11,-1939,1003,992,1003,-452,-528,621,1398,998,801
"2024-05-24",22,26851,28343,23955,430,6562,4367,17193,0,13,-1991,1003,991,1002,-451,-528,608,1398,997,797
"2024-05-24",23,26914,28406,23969,451,6562,4800,17193,0,12,-2095,1002,992,1002,-451,-529,944,1397,997,797
"2024-05-24",24,26714,28203,23815,472,6562,5293,17193,0,9,-1845,1003,992,1003,-452,-528,957,1398,998,795
"2024-05-24",25,26687,28182,23861,484,6562,5529,17193,0,15,-1215,1261,992,909,-452,-528,665,1398,998,794
"2024-05-24",26,26583,28079,23722,496,6562,5436,17193,0,15,-1424,1259,992,896,-452,-529,653,1398,998,794
"2024-05-24",27,25823,27316,22975,506,6562,5359,17193,0,13,-1711,988,991,616,-451,-529,829,1398,997,794
"2024-05-24",28,25452,26945,22680,516,6562,5844,17193,0,12,-1877,1005,992,615,-452,-529,836,1398,997,794
"2024-05-24",29,25128,26620,22409,524,6562,5733,17193,0,13,-1835,1003,992,960,-451,-528,706,1399,997,793
"2024-05-24",30,24945,26436,22290,531,6562,5315,17193,0,12,-1712,1028,992,870,-452,-527,701,1399,998,790
"2024-05-24",31,24898,26741,22243,534,6562,4815,17193,0,17,-1817,1935,992,-346,-452,-528,591,1399,996,790
"2024-05-24",32,25134,27021,22499,537,6562,4953,17193,0,17,-1816,2006,992,-390,-452,-528,588,1398,997,788
"2024-05-24",33,25247,27257,22640,535,6562,4591,17193,0,14,-1745,2006,991,-518,-451,-527,875,1399,997,706
"2024-05-24",34,25814,27823,23176,533,6562,4080,17193,0,11,-1569,2006,992,-519,-452,-527,886,1399,996,700
"2024-05-24",35,26486,28563,23826,513,6562,3765,17193,0,11,-1470,2005,991,-588,-451,-527,976,1399,996,741
"2024-05-24",36,26778,28860,24121,492,6562,3159,17193,0,13,-1213,2006,991,-590,-452,-527,979,1399,996,736
"2024-05-24",37,27142,28917,24561,475,6562,2557,17193,0,12,-779,2006,992,-284,-452,-527,786,1399,996,457
"2024-05-24",38,27643,29400,25132,457,6562,1848,17193,0,8,-550,2005,992,-270,-452,-527,779,1399,996,437
"2024-05-24",39,28201,29793,25665,439,6562,1297,17193,0,6,-464,2005,991,-106,-452,-528,739,1399,996,469
"2024-05-24",40,28138,29732,25622,421,6562,720,17193,0,11,-430,2003,992,-104,-451,-528,738,1399,997,466
"2024-05-24",41,27323,28922,24863,408,6562,280,17193,0,15,-518,1912,992,-104,-452,-528,653,1399,997,247
"2024-05-24",42,27465,29065,25074,394,6562,43,17193,0,16,-354,1905,992,-104,-451,-529,650,1399,997,221
"2024-05-24",43,27002,28674,24619,397,6562,0,17193,0,17,-513,1857,992,-2,-452,-527,684,1399,996,-174
"2024-05-24",44,26588,28288,24322,399,6562,0,17193,0,18,-489,1855,992,0,-451,-527,685,1399,997,-204
"2024-05-24",45,25735,27544,23475,402,6562,0,17193,0,16,-577,1885,992,0,-452,-527,588,1399,997,-314
"2024-05-24",46,24551,26308,22416,404,6562,0,17193,0,15,-386,1873,992,0,-452,-489,584,1399,997,-301
"2024-05-24",47,23305,24778,21320,407,6562,0,17193,0,13,-238,1476,992,547,-451,-509,665,1399,997,421
"2024-05-24",48,22304,23798,20395,410,6562,0,17193,0,14,-110,1452,992,639,-452,-528,668,1399,996,469
"2024-05-25",1,21455,22856,19598,405,6562,0,17193,0,13,291,1729,991,539,-361,-527,389,1399,997,402
"2024-05-25",2,20943,22314,19114,400,6562,0,17193,0,13,410,1754,991,535,-331,-527,378,1399,996,404
"2024-05-25",3,20398,21770,18647,402,6562,0,17193,0,13,376,1988,991,453,-331,-528,129,1399,996,651
"2024-05-25",4,20111,21478,18431,404,6562,0,17193,0,9,407,2006,992,433,-331,-527,120,1399,996,664
"2024-05-25",5,19607,21175,17971,406,6562,0,17193,0,9,637,2006,992,-201,-331,-527,121,1399,997,490
"2024-05-25",6,19124,20711,17529,408,6562,0,17193,0,9,774,2000,992,-219,-331,-528,121,1399,996,474
"2024-05-25",7,18945,20313,17350,416,6562,0,17193,0,9,866,1798,992,186,-331,-528,312,1399,996,361
"2024-05-25",8,18794,20161,17175,424,6562,0,17193,0,9,620,1783,992,252,-331,-527,318,1399,997,349
"2024-05-25",9,18459,19784,16881,449,6562,0,17193,0,9,570,1762,991,317,-331,-485,265,1399,997,216
"2024-05-25",10,18125,19466,16574,473,6562,0,17193,0,9,354,1764,992,320,-331,-501,263,1399,995,204
"2024-05-25",11,18026,19230,16461,476,6562,13,17193,0,9,202,1860,992,190,-331,-364,136,1399,932,104
"2024-05-25",12,18359,19425,16720,479,6562,223,17193,0,9,46,1867,992,195,-331,-226,131,1399,928,104
"2024-05-25",13,19018,20145,17328,480,6562,648,17193,0,9,65,1856,992,778,-331,-287,167,1399,992,352
"2024-05-25",14,19322,20418,17584,480,6562,1266,17193,0,12,141,1857,992,808,-331,-253,169,1399,995,380
"2024-05-25",15,19889,21133,18009,492,6562,2117,17193,0,17,-106,1948,992,675,-422,-305,214,1399,951,765
"2024-05-25",16,20161,21445,18169,504,6562,3016,17193,0,17,-146,1955,992,673,-451,-316,216,1399,948,794
"2024-05-25",17,20527,21661,18453,557,6562,3965,17193,0,15,-90,1908,991,692,-451,-168,264,1399,948,794
"2024-05-25",18,20545,21653,18436,609,6562,4954,17193,0,13,-138,1906,992,703,-451,-144,265,1399,948,794
"2024-05-25",19,20561,21546,18407,675,6562,5939,17193,0,12,-169,1943,992,1001,-451,-22,248,1399,948,794
"2024-05-25",20,20432,21329,18284,740,6562,6590,17193,0,12,-49,1941,992,994,-385,0,248,1399,948,794
"2024-05-25",21,20039,20799,17912,820,6562,6903,17193,0,12,217,1770,992,725,-248,0,426,1399,949,794
"2024-05-25",22,19732,20372,17578,899,6562,7388,17193,0,15,677,1761,991,733,-125,0,434,1398,949,794
"2024-05-25",23,19711,20440,17537,970,6562,7376,17193,0,16,543,1899,991,1002,-213,0,853,1399,951,794
"2024-05-25",24,19523,20303,17398,1041,6562,7750,17193,0,17,342,1908,992,1004,-263,0,870,1399,952,794
"2024-05-25",25,19612,20410,17550,1104,6562,7918,17193,0,202,671,1976,991,1003,-96,0,659,1399,993,794
"2024-05-25",26,19502,20353,17506,1166,6562,7346,17193,0,306,909,1975,992,1003,-45,0,652,1399,991,794
"2024-05-25",27,19334,20136,17393,1187,6562,6934,17193,0,302,1042,1858,991,1003,51,0,957,1399,821,794
"2024-05-25",28,19335,19997,17438,1208,6562,6875,17193,0,162,1339,1847,992,1003,146,0,969,1399,815,787
"2024-05-25",29,18879,19789,17025,1215,6562,6648,17193,0,410,1317,1761,991,1002,146,0,856,1399,985,523
"2024-05-25",30,18620,19652,16858,1221,6562,6498,17193,0,532,1547,1753,992,1004,146,0,852,1399,996,507
"2024-05-25",31,18609,19406,16890,1225,6562,6365,17193,0,297,1494,1612,991,821,146,0,994,1399,997,637
"2024-05-25",32,18821,19672,17108,1229,6562,5962,17193,0,351,1456,1609,992,806,112,0,998,1399,996,636
"2024-05-25",33,19436,19968,17676,1187,6562,5738,17193,0,32,1512,1784,991,632,25,0,677,1399,996,226
"2024-05-25",34,20512,21025,18687,1145,6562,5084,17193,0,13,1586,1802,992,586,16,0,664,1399,996,173
"2024-05-25",35,21776,23115,19806,1111,6562,3978,17193,0,13,1825,1991,992,-159,122,0,847,1399,996,-667
"2024-05-25",36,23194,24690,21102,1076,6562,3338,17193,0,10,1608,2005,992,-186,-67,0,853,1398,996,-733
"2024-05-25",37,23931,26205,21802,1053,6562,2768,17193,0,8,1481,2005,992,-565,-150,0,600,1398,996,-1051
"2024-05-25",38,24735,27066,22530,1030,6562,1841,17193,0,13,1407,2005,991,-595,-150,0,589,1398,996,-1073
"2024-05-25",39,24855,27616,22704,1017,6562,1129,17193,0,7,1701,2006,991,-1014,-150,0,228,1398,996,-1090
"2024-05-25",40,24934,27721,22872,1003,6562,611,17193,0,7,1783,2006,992,-1015,-173,-1,213,1398,996,-1091
"2024-05-25",41,24835,27763,22810,1009,6562,240,17193,0,6,1763,2006,992,-1015,-268,-88,215,1398,996,-1051
"2024-05-25",42,24699,27791,22725,1015,6562,28,17193,0,5,1860,2006,991,-1015,-351,-187,218,1398,996,-1034
"2024-05-25",43,24755,27429,22725,1020,6562,0,17193,0,8,1660,2005,992,-1015,-351,-228,629,1398,996,-572
"2024-05-25",44,24417,27161,22440,1025,6562,0,17193,0,4,1813,2005,991,-1015,-350,-333,646,1399,996,-542
"2024-05-25",45,23502,26198,21603,1024,6562,0,17193,0,3,1693,2006,992,-831,-350,-384,491,1399,996,-628
"2024-05-25",46,22368,25139,20596,1022,6562,0,17193,0,3,1569,2006,992,-819,-360,-473,486,1399,997,-616
"2024-05-25",47,21169,22812,19452,1012,6562,0,17193,0,3,1536,2005,991,-315,-370,-455,748,1399,996,61
"2024-05-25",48,20303,21817,18713,1001,6562,0,17193,0,3,1673,2006,992,-292,-371,-348,759,1399,996,105
"2024-05-26",1,19494,21498,17979,1034,6562,0,17193,0,3,1427,2004,991,-719,-370,-412,934,1399,997,4
"2024-05-26",2,19074,21144,17589,1067,6562,0,17193,0,3,1289,2004,992,-740,-371,-456,940,1399,997,0
"2024-05-26",3,18703,20857,17233,1058,6562,0,17193,0,3,1207,2004,991,-796,-370,-485,845,1399,997,31
"2024-05-26",4,18496,20658,17037,1049,6562,0,17193,0,3,1320,2005,992,-797,-370,-492,842,1399,997,35
"2024-05-26",5,18187,20627,16755,1015,6562,0,17193,0,3,1232,2005,991,-891,-370,-516,775,1399,997,-160
"2024-05-26",6,17698,20177,16284,981,6562,0,17193,0,7,1004,2006,992,-894,-361,-527,772,1399,997,-190
"2024-05-26",7,17347,20318,15978,957,6562,0,17193,0,7,1080,2005,991,-805,-350,-527,857,1399,997,-782
"2024-05-26",8,17284,20292,15900,933,6562,0,17193,0,7,1076,2005,992,-801,-350,-527,860,1399,997,-823
"2024-05-26",9,17122,20045,15767,916,6562,0,17193,0,8,1112,2006,992,-715,-350,-527,994,1399,997,-823
"2024-05-26",10,16735,19751,15428,898,6562,0,17193,0,102,1006,2004,992,-714,-350,-527,999,1399,996,-823
"2024-05-26",11,16715,20237,15408,896,6562,2,17193,0,652,1044,2005,992,-731,-350,-527,999,1399,997,-762
"2024-05-26",12,16746,20237,15423,894,6562,49,17193,0,688,981,1991,992,-670,-350,-527,987,1399,996,-756
"2024-05-26",13,17232,20013,15893,916,6562,256,17193,0,685,899,1590,992,793,-359,-527,296,1399,997,-710
"2024-05-26",14,17434,20207,16052,937,6562,486,17193,0,680,930,1564,992,1003,-371,-529,258,1399,997,-693
"2024-05-26",15,17924,20070,16477,948,6562,790,17193,0,522,962,1712,992,1003,-371,-528,393,1399,997,-225
"2024-05-26",16,18529,20424,17021,959,6562,1179,17193,0,274,1244,1721,991,1002,-407,-528,397,1398,997,-186
"2024-05-26",17,19355,20845,17711,989,6562,1705,17193,0,11,1422,1776,922,1003,-451,-528,480,1398,996,64
"2024-05-26",18,19531,21021,17801,1019,6562,2003,17193,0,10,1367,1779,879,1003,-452,-528,483,1398,997,94
"2024-05-26",19,20397,21884,18524,1062,6562,2771,17193,0,8,1314,1832,902,1003,-451,-528,408,1398,997,555
"2024-05-26",20,20617,22107,18629,1105,6562,3553,17193,0,10,1064,1833,904,1003,-452,-528,406,1398,994,585
"2024-05-26",21,20413,21904,18374,1134,6562,3967,17193,0,12,797,1762,904,1003,-451,-528,571,1398,906,501
"2024-05-26",22,20388,21881,18248,1162,6562,4936,17193,0,12,219,1761,906,1003,-452,-529,577,1398,892,495
"2024-05-26",23,20263,21754,18051,1212,6562,6036,17193,0,12,-38,1897,986,1003,-451,-528,625,1398,624,498
"2024-05-26",24,20220,21711,17954,1261,6562,6705,17193,0,12,134,1891,992,1003,-452,-527,626,1398,618,501
"2024-05-26",25,20364,21855,18020,1313,6562,7055,17193,0,12,-13,1487,992,1004,-451,-528,817,1398,975,591
"2024-05-26",26,20007,21498,17630,1365,6562,7508,17193,0,12,-93,1457,992,1003,-451,-528,823,1398,997,588
"2024-05-26",27,19902,21393,17555,1434,6562,7528,17193,0,12,-204,1457,992,1003,-451,-528,792,1398,983,232
"2024-05-26",28,19440,20931,17086,1503,6562,6470,17193,0,12,-395,1457,992,1003,-451,-528,790,1398,982,221
"2024-05-26",29,19074,20610,16724,1579,6562,6857,17193,0,57,-474,1422,992,1003,-451,-528,803,1398,981,754
"2024-05-26",30,19256,21011,16927,1655,6562,7037,17193,0,277,-36,1417,991,1003,-451,-527,803,1398,981,791
"2024-05-26",31,19454,21298,17109,1697,6562,6683,17193,0,365,-8,1312,992,1003,-452,-527,804,1398,949,791
"2024-05-26",32,19705,21493,17350,1739,6562,6375,17193,0,310,-106,1301,991,1003,-451,-527,804,1398,948,791
"2024-05-26",33,20350,22401,17986,1725,6562,5653,17193,0,573,-75,1155,992,1002,-451,-527,921,1398,980,791
"2024-05-26",34,21326,23013,18932,1710,6562,4618,17193,0,269,-223,1162,992,1003,-448,-470,924,1398,982,785
"2024-05-26",35,22463,23918,19957,1678,6562,3651,17193,0,59,-22,1576,992,964,-451,-445,525,1398,995,550
"2024-05-26",36,23479,24970,20931,1646,6562,3362,17193,0,13,262,1607,991,951,-451,-527,508,1399,996,529
"2024-05-26",37,23637,25125,21083,1579,6562,2584,17193,0,10,402,1655,992,612,-451,-527,367,1399,997,341
"2024-05-26",38,24032,25520,21548,1511,6562,1902,17193,0,9,450,1664,991,570,-452,-527,370,1398,997,337
"2024-05-26",39,24231,25854,21886,1432,6562,1151,17193,0,6,249,1983,991,-138,-452,-527,969,1399,996,666
"2024-05-26",40,24286,25919,22005,1352,6562,647,17193,0,5,568,2003,992,-150,-451,-527,999,1399,996,680
"2024-05-26",41,23979,25568,21679,1308,6562,269,17193,0,6,520,2003,992,-105,-451,-527,999,1399,996,332
"2024-05-26",42,23851,25438,21587,1263,6562,38,17193,0,5,605,2004,992,-104,-451,-527,996,1399,996,320
"2024-05-26",43,23669,25157,21443,1246,6562,0,17193,0,10,569,2004,991,384,-451,-527,532,1399,996,761
"2024-05-26",44,23543,25033,21375,1228,6562,0,17193,0,12,842,2005,992,417,-451,-527,515,1399,996,803
"2024-05-26",45,23178,24810,21116,1221,6562,0,17193,0,10,765,2003,992,-158,-437,-527,978,1399,996,1002
"2024-05-26",46,22165,23771,20221,1214,6562,0,17193,0,12,641,2001,992,-172,-394,-528,993,1399,996,923
"2024-05-26",47,20763,22767,19003,1214,6562,0,17193,0,153,574,1911,991,783,-335,-527,442,1399,996,-489
"2024-05-26",48,19863,22124,18166,1213,6562,0,17193,0,307,307,1906,992,980,-279,-527,415,1399,996,-648
"2024-05-27",1,19135,21689,17508,1202,6562,0,17193,0,624,606,1906,992,782,-242,-527,313,1399,996,-661
"2024-05-27",2,18653,21496,17027,1191,6562,0,17193,0,918,504,1901,990,781,-231,-528,309,1399,996,-666
"2024-05-27",3,18206,21176,16649,1183,6562,0,17193,0,904,369,1788,946,647,-231,-529,32,1399,997,-806
"2024-05-27",4,17899,20774,16437,1174,6562,0,17193,0,791,170,1776,942,618,-236,-528,23,1399,996,-820
"2024-05-27",5,17711,20560,16262,1159,6562,0,17193,0,624,-83,1633,897,198,-241,-528,405,1399,997,-956
"2024-05-27",6,17363,20494,15919,1144,6562,0,17193,0,896,-328,1632,896,196,-241,-529,419,1399,997,-965
"2024-05-27",7,16806,20099,15412,1123,6562,0,17193,0,884,-388,1833,985,-185,-250,-529,282,1399,996,-945
"2024-05-27",8,16780,19912,15283,1101,6562,0,17193,0,691,-492,1841,992,-202,-266,-529,276,1399,997,-944
"2024-05-27",9,16761,19584,15180,1074,6562,0,17193,0,254,-440,1533,992,-183,-271,-527,-111,1399,998,-977
"2024-05-27",10,16611,19570,15065,1046,6562,0,17193,0,352,-335,1526,992,-195,-276,-529,-127,1399,997,-980
"2024-05-27",11,16474,20100,14897,1040,6562,44,17193,0,93,-42,1891,992,-941,-286,-464,-335,1399,996,-1007
"2024-05-27",12,16579,20169,14990,1034,6562,356,17193,0,14,-85,1917,992,-984,-291,-461,-337,1399,997,-1003
"2024-05-27",13,17484,20394,15642,1071,6562,684,17193,0,294,-195,2002,992,-584,-322,-441,169,1399,996,-769
"2024-05-27",14,17597,20570,15675,1107,6562,1299,17193,0,230,-467,1982,992,-566,-402,-524,207,1399,997,-751
"2024-05-27",15,18063,20551,15985,1133,6562,2099,17193,0,91,-757,1062,992,-225,-451,-529,957,1399,997,-692
"2024-05-27",16,18140,20512,15928,1158,6562,2864,17193,0,17,-924,1005,992,-185,-452,-530,999,1399,997,-688
"2024-05-27",17,18689,20875,16330,1175,6562,3900,17193,0,15,-1108,1462,991,270,-451,-529,931,1399,997,-691
"2024-05-27",18,18928,21104,16497,1191,6562,4624,17193,0,16,-1177,1504,992,307,-452,-529,928,1399,997,-679
"2024-05-27",19,19397,20991,16919,1236,6562,5424,17193,0,16,-1331,1503,992,965,-452,-529,1016,1398,996,-97
"2024-05-27",20,19508,21285,16991,1280,6562,6059,17193,0,260,-1421,1503,991,1003,-451,-529,1019,1397,996,-37
"2024-05-27",21,19556,21338,17051,1318,6562,5928,17193,0,302,-1437,1503,992,1003,-451,-529,1019,1398,997,688
"2024-05-27",22,19348,21118,16841,1356,6562,6517,17193,0,291,-1556,1503,992,1003,-451,-528,1019,1397,996,739
"2024-05-27",23,19265,21016,16813,1396,6562,7031,17193,0,271,-1598,1502,992,1003,-451,-529,1019,1397,997,789
"2024-05-27",24,19326,20823,16901,1436,6562,6888,17193,0,16,-1464,1503,992,1003,-452,-529,1019,1397,996,793
"2024-05-27",25,19330,20827,16969,1489,6562,7347,17193,0,16,-1363,1503,992,1003,-452,-529,1019,1397,996,793
"2024-05-27",26,19222,20766,16854,1541,6562,8079,17193,0,65,-1319,1503,992,1003,-451,-528,1019,1398,996,793
"2024-05-27",27,18815,20539,16433,1579,6562,8152,17193,0,245,-1580,1503,992,1003,-451,-528,1019,1398,996,793
"2024-05-27",28,18405,20207,16104,1616,6562,8037,17193,0,322,-1501,1503,992,994,-452,-528,1019,1398,996,789
"2024-05-27",29,18244,19932,16019,1636,6562,7977,17193,0,208,-1263,1504,992,732,-452,-528,824,1398,997,636
"2024-05-27",30,18200,20190,16004,1655,6562,7263,17193,0,510,-920,1504,992,731,-452,-528,817,1398,996,609
"2024-05-27",31,18178,19979,16063,1665,6562,7552,17193,0,322,-439,1504,991,561,-451,-528,654,1399,996,0
"2024-05-27",32,18693,20287,16638,1675,6562,6503,17193,0,54,-306,1504,992,517,-452,-528,648,1398,997,-60
"2024-05-27",33,19450,21942,17319,1620,6562,6011,17193,0,11,-125,1504,992,-275,-451,-527,653,1398,997,-728
"2024-05-27",34,20768,23349,18524,1564,6562,5389,17193,0,9,47,1504,992,-313,-451,-527,653,1398,996,-781
"2024-05-27",35,22108,25620,19772,1460,6562,4346,17193,0,12,277,1504,992,-964,-451,-528,646,1399,996,-1057
"2024-05-27",36,23151,26715,20740,1355,6562,3653,17193,0,8,403,1504,992,-1001,-451,-528,590,1399,996,-1076
"2024-05-27",37,24301,28513,21782,1231,6562,3192,17193,0,4,662,1507,992,-1011,-451,-527,-629,1399,997,-1090
"2024-05-27",38,24912,29232,22486,1106,6562,2369,17193,0,5,626,1507,992,-1012,-451,-527,-734,1399,997,-1091
"2024-05-27",39,25208,29807,22789,981,6562,1549,17193,0,5,641,1508,992,-1014,-451,-527,-1011,1399,997,-1091
"2024-05-27",40,25080,29655,22697,856,6562,783,17193,0,5,663,1508,992,-1016,-451,-527,-985,1399,998,-1091
"2024-05-27",41,25360,28816,23003,810,6562,339,17193,0,4,376,1506,992,-898,-451,-527,40,1399,997,-1076
"2024-05-27",42,25135,28585,22780,764,6562,65,17193,0,5,364,1505,992,-894,-451,-528,133,1399,997,-1072
"2024-05-27",43,25067,28396,22732,781,6562,0,17193,0,5,-16,1503,992,-936,-451,-527,949,1399,997,-910
"2024-05-27",44,24785,28098,22566,797,6562,0,17193,0,6,87,1503,992,-935,-451,-526,998,1399,997,-895
"2024-05-27",45,24078,26866,21961,825,6562,0,17193,0,11,30,1503,992,-557,-451,-527,955,1400,997,-742
"2024-05-27",46,22812,25561,20812,853,6562,0,17193,0,11,10,1503,992,-540,-451,-527,953,1399,996,-720
"2024-05-27",47,21191,23178,19356,881,6562,0,17193,0,10,206,1502,992,-348,-351,-461,931,1399,996,-317
"2024-05-27",48,20048,21795,18363,908,6562,0,17193,0,11,439,1502,992,-340,-302,-310,929,1399,997,-284
"2024-05-28",1,19480,21044,17845,909,6562,0,17193,0,10,561,1504,992,-563,-264,-157,566,1399,996,-70
"2024-05-28",2,18721,20104,17163,910,6562,0,17193,0,10,512,1504,992,-557,-231,-22,552,1399,997,-63
"2024-05-28",3,18793,20346,17294,914,6562,0,17193,0,8,399,1503,991,-488,-218,0,849,1399,996,-339
"2024-05-28",4,18513,20062,17040,917,6562,0,17193,0,12,233,1503,992,-486,-192,0,860,1400,996,-359
"2024-05-28",5,18464,20042,16985,923,6562,0,17193,0,46,242,1505,991,-465,-181,0,591,1399,996,-386
"2024-05-28",6,18151,19728,16700,929,6562,0,17193,0,66,266,1505,992,-464,-153,0,580,1399,997,-394
"2024-05-28",7,17875,19708,16426,940,6562,0,17193,0,66,284,1505,992,-511,-119,0,514,1399,997,-637
"2024-05-28",8,17761,19632,16291,950,6562,0,17193,0,66,226,1505,992,-522,-119,0,511,1399,997,-664
"2024-05-28",9,17409,19923,16030,993,6562,0,17193,0,64,387,1505,992,-829,-55,0,581,1399,996,-1066
"2024-05-28",10,17236,19826,15851,1036,6562,0,17193,0,66,307,1505,992,-830,-100,0,583,1399,996,-1094
"2024-05-28",11,17502,20085,16075,1064,6562,56,17193,0,9,381,1505,992,-980,83,0,432,1399,996,-1094
"2024-05-28",12,18208,20795,16638,1092,6562,240,17193,0,7,242,1505,992,-986,78,0,426,1399,996,-1094
"2024-05-28",13,19826,22347,18097,1153,6562,558,17193,0,7,424,1505,992,-920,99,0,497,1399,996,-1094
"2024-05-28",14,21162,23567,19261,1213,6562,912,17193,0,11,718,1504,992,-812,58,-4,501,1398,996,-1078
"2024-05-28",15,22970,24324,20802,1333,6562,1385,17193,0,120,396,1503,992,375,-136,-105,818,1398,996,-493
"2024-05-28",16,23739,25185,21491,1453,6562,1768,17193,0,46,341,1504,992,429,-376,-123,831,1398,997,-401
"2024-05-28",17,25642,26861,23343,1607,6562,1953,17193,0,10,350,1503,992,975,-450,-259,832,1397,996,696
"2024-05-28",18,26301,27513,23958,1761,6562,2035,17193,0,12,608,1504,992,1003,-450,-250,832,1397,996,795
"2024-05-28",19,26836,27981,24472,1913,6562,2462,17193,0,4,701,1504,991,1003,-450,-191,918,1397,996,795
"2024-05-28",20,26936,28163,24586,2064,6562,2324,17193,0,12,632,1503,992,1003,-450,-265,921,1397,996,795
"2024-05-28",21,26717,27911,24409,2148,6562,2386,17193,0,8,587,1503,991,1003,-450,-236,824,1397,997,795
"2024-05-28",22,26972,28161,24576,2231,6562,2525,17193,0,5,602,1504,992,1003,-450,-234,820,1397,996,795
"2024-05-28",23,27266,28383,24778,2285,6562,2869,17193,0,12,664,1503,992,1003,-404,-201,821,1397,995,795
"2024-05-28",24,27368,28457,24861,2338,6562,2798,17193,0,9,802,1503,991,1004,-451,-129,821,1397,996,795
"2024-05-28",25,27908,28856,25329,2373,6562,3028,17193,0,8,925,1503,992,1003,-428,-12,1012,1397,996,795
"2024-05-28",26,28158,28990,25777,2407,6562,3077,17193,0,7,1441,1503,992,1003,-325,0,1019,1397,996,794
"2024-05-28",27,27909,28666,25484,2434,6562,3179,17193,0,7,1563,1503,991,913,-250,0,991,1397,996,747
"2024-05-28",28,27700,28456,25242,2461,6562,3006,17193,0,7,1655,1503,992,911,-249,0,990,1397,996,744
"2024-05-28",29,27320,27981,25011,2457,6562,2972,17193,0,7,1505,1503,991,964,-154,0,932,1397,995,790
"2024-05-28",30,27303,27949,24930,2452,6562,2509,17193,0,5,1291,1503,992,966,-141,0,930,1397,996,792
"2024-05-28",31,27431,28010,25020,2422,6562,2337,17193,0,7,1345,1503,992,833,-72,0,930,1397,995,705
"2024-05-28",32,27304,27907,24853,2391,6562,2515,17193,0,6,1131,1503,992,814,-97,0,930,1397,996,681
"2024-05-28",33,27538,28045,24993,2343,6562,2300,17193,0,7,1116,1503,992,494,12,0,882,1397,996,13
"2024-05-28",34,28000,28641,25349,2294,6562,2142,17193,0,10,840,1503,991,471,-83,0,880,1397,996,-48
"2024-05-28",35,28122,29480,25479,2232,6562,2158,17193,0,9,1026,1503,992,-282,-13,0,928,1397,996,-554
"2024-05-28",36,28365,29875,25645,2169,6562,1951,17193,0,7,999,1503,992,-321,-81,0,930,1397,995,-601
"2024-05-28",37,28209,30755,25602,2073,6562,1438,17193,0,6,1318,1502,992,-977,98,0,930,1398,996,-1063
"2024-05-28",38,28336,30949,25798,1977,6562,1020,17193,0,4,1361,1503,992,-1015,31,0,930,1398,996,-1094
"2024-05-28",39,28390,31131,25864,1899,6562,602,17193,0,7,1333,1503,992,-1004,-136,0,793,1397,996,-1094
"2024-05-28",40,28072,30969,25573,1821,6562,410,17193,0,11,1123,1502,992,-999,-289,-14,788,1397,996,-1084
"2024-05-28",41,27720,29959,25234,1762,6562,257,17193,0,11,713,1502,992,-511,-354,-142,872,1397,996,-721
"2024-05-28",42,27026,29431,24570,1702,6562,53,17193,0,7,443,1502,992,-486,-424,-294,875,1398,996,-694
"2024-05-28",43,26653,28723,24275,1687,6562,0,17193,0,8,89,1455,992,-183,-348,-444,927,1399,996,-587
"2024-05-28",44,25968,28082,23651,1672,6562,0,17193,0,8,-80,1453,992,-169,-342,-526,929,1398,996,-569
"2024-05-28",45,24891,26441,22585,1688,6562,0,17193,0,7,-315,1500,992,217,-345,-517,930,1398,996,-181
"2024-05-28",46,23596,24955,21388,1704,6562,0,17193,0,8,-285,1497,991,250,-323,-394,924,1399,996,-134
"2024-05-28",47,21951,23372,19918,1719,6562,0,17193,0,178,-907,1214,976,961,-384,-359,359,1399,996,588
"2024-05-28",48,20874,22889,18917,1733,6562,0,17193,0,622,-1228,1199,975,1005,-452,-441,332,1399,996,639
"2024-05-29",1,19904,22289,18070,1737,6562,0,17193,0,907,-1214,1214,991,760,-452,-526,80,1399,997,669
"2024-05-29",2,19300,21642,17546,1741,6562,0,17193,0,919,-1105,1198,992,737,-396,-527,70,1399,997,670
"2024-05-29",3,19031,21390,17360,1735,6562,0,17193,0,792,-1047,648,992,817,-371,-527,-169,1399,998,593
"2024-05-29",4,18887,21408,17266,1729,6562,0,17193,0,946,-1072,597,991,820,-371,-527,-177,1397,998,582
"2024-05-29",5,18584,20664,16997,1720,6562,0,17193,0,540,-1076,181,950,873,-371,-527,-142,1375,998,388
"2024-05-29",6,18385,20742,16808,1711,6562,0,17193,0,818,-927,140,949,875,-371,-527,-141,1355,999,375
"2024-05-29",7,18073,20741,16478,1687,6562,0,17193,0,865,-956,-61,968,830,-371,-527,-344,1128,998,375
"2024-05-29",8,17993,20800,16336,1663,6562,0,17193,0,949,-860,-107,970,819,-371,-528,-352,1094,999,375
"2024-05-29",9,17839,20739,16229,1595,6562,0,17193,0,949,-725,-215,990,200,-371,-528,-337,1019,999,358
"2024-05-29",10,17708,20627,16126,1527,6562,0,17193,0,955,-554,-230,992,164,-371,-528,-335,1035,959,360
"2024-05-29",11,17866,21018,16312,1498,6562,13,17193,0,828,-413,-434,992,-393,-371,-529,59,1357,-97,511
"2024-05-29",12,18580,21670,16955,1469,6562,192,17193,0,648,-365,-435,992,-445,-371,-529,74,1395,-162,528
"2024-05-29",13,19846,22105,18096,1493,6562,546,17193,0,98,-273,64,992,-761,-371,-529,69,1351,237,730
"2024-05-29",14,21606,23780,19682,1516,6562,1180,17193,0,13,-606,169,991,-706,-426,-529,68,1316,281,765
"2024-05-29",15,23283,25019,21119,1543,6562,1867,17193,0,18,-521,1396,984,259,-452,-530,-236,942,953,1381
"2024-05-29",16,24027,25768,21724,1570,6562,2536,17193,0,13,-470,1503,984,286,-452,-530,-246,866,997,1424
"2024-05-29",17,24729,26222,22298,1598,6562,3481,17193,0,11,-812,1505,991,635,-452,-530,95,493,996,1423
"2024-05-29",18,24980,26471,22547,1625,6562,4221,17193,0,8,-789,1505,992,676,-452,-531,109,435,997,1423
"2024-05-29",19,24803,26265,22379,1640,6562,4964,17193,0,8,-782,1504,992,990,-423,-531,341,27,997,1379
"2024-05-29",20,24512,25832,22134,1655,6562,5116,17193,0,6,-695,1504,992,1003,-284,-530,351,0,997,1377
"2024-05-29",21,24370,25603,21930,1642,6562,5658,17193,0,3,-747,1504,992,1003,-201,-529,711,0,997,1420
"2024-05-29",22,23839,25076,21316,1628,6562,6446,17193,0,7,-750,1501,992,1003,-201,-529,725,0,996,1424
"2024-05-29",23,23696,24921,21172,1656,6562,6486,17193,0,3,-397,1410,991,1003,-201,-521,725,0,996,1423
"2024-05-29",24,23671,24780,21198,1683,6562,6726,17193,0,5,-285,1402,992,1003,-201,-403,725,0,996,1424
"2024-05-29",25,23574,24601,21116,1718,6562,7160,17193,0,5,-390,1311,992,1003,-269,-253,821,0,996,1423
"2024-05-29",26,23436,24454,21007,1752,6562,7282,17193,0,4,-409,1307,992,1003,-413,-101,824,0,996,1424
"2024-05-29",27,23151,24218,20786,1811,6562,6983,17193,0,6,-145,1398,992,1003,-450,-111,824,0,997,1418
"2024-05-29",28,23047,24148,20810,1870,6562,6652,17193,0,6,235,1407,991,1004,-450,-145,823,0,996,1409
"2024-05-29",29,22964,24001,20809,1920,6562,6140,17193,0,10,364,1498,992,1003,-444,-83,804,0,996,1148
"2024-05-29",30,23271,24234,21148,1969,6562,5634,17193,0,9,308,1503,991,1002,-406,-48,803,12,996,1130
"2024-05-29",31,23642,24439,21561,1985,6562,5106,17193,0,2,237,1504,991,1003,-295,0,804,418,996,1147
"2024-05-29",32,24017,24764,21939,2001,6562,4340,17193,0,12,427,1504,991,1004,-235,0,804,475,997,1144
"2024-05-29",33,24808,25646,22650,1965,6562,3775,17193,0,12,546,1504,991,1003,-326,0,803,849,996,941
"2024-05-29",34,25763,26623,23552,1928,6562,3188,17193,0,12,626,1504,991,1002,-348,0,803,925,997,912
"2024-05-29",35,26734,27533,24563,1897,6562,2718,17193,0,12,872,1504,992,682,-287,0,803,1299,997,392
"2024-05-29",36,27781,28674,25485,1865,6562,2212,17193,0,12,893,1504,991,658,-381,0,803,1349,996,335
"2024-05-29",37,28100,29363,25776,1778,6562,1764,17193,0,7,1021,1504,992,130,-321,0,829,1392,997,-435
"2024-05-29",38,28177,29512,25800,1691,6562,1395,17193,0,7,932,1504,992,114,-330,0,830,1398,997,-498
"2024-05-29",39,27854,30270,25549,1573,6562,1087,17193,0,6,1183,1503,991,-713,-330,0,913,1397,996,-867
"2024-05-29",40,27728,30366,25478,1455,6562,683,17193,0,6,1265,1504,991,-878,-330,-27,916,1397,996,-897
"2024-05-29",41,27257,30345,25023,1392,6562,306,17193,0,6,1298,1504,991,-1013,-330,-168,645,1397,996,-1071
"2024-05-29",42,27066,30274,24878,1328,6562,69,17193,0,6,1206,1504,992,-1014,-330,-275,634,1398,996,-1083
"2024-05-29",43,26745,30001,24563,1315,6562,0,17193,0,6,1083,1504,991,-990,-330,-340,643,1397,996,-1090
"2024-05-29",44,26393,29593,24244,1301,6562,0,17193,0,6,991,1504,992,-988,-330,-293,642,1398,996,-1083
"2024-05-29",45,25524,28437,23398,1330,6562,0,17193,0,9,872,1505,992,-1004,-330,-252,305,1399,996,-818
"2024-05-29",46,24144,27025,22129,1358,6562,0,17193,0,7,1050,1505,992,-1004,-372,-206,291,1399,997,-792
"2024-05-29",47,22451,24646,20533,1406,6562,0,17193,0,8,846,1504,991,-679,-381,-115,464,1399,996,-512
"2024-05-29",48,21395,23325,19640,1453,6562,0,17193,0,10,1113,1504,991,-655,-253,-5,470,1399,996,-507
"2024-05-30",1,20647,23238,18931,1511,6562,0,17193,0,16,1416,1504,991,-966,-104,0,547,1399,996,-1005
"2024-05-30",2,20130,22718,18438,1569,6562,0,17193,0,17,1580,1504,992,-968,-65,0,542,1398,996,-1038
"2024-05-30",3,19481,22169,17872,1637,6562,0,17193,0,12,1736,1505,992,-1014,-78,0,-43,1398,996,-1041
"2024-05-30",4,19210,22065,17716,1704,6562,0,17193,0,136,1811,1506,992,-1015,-88,0,-73,1398,997,-1043
"2024-05-30",5,18641,21995,17265,1772,6562,0,17193,0,187,1798,1506,991,-1014,-229,0,-335,1399,996,-1089
"2024-05-30",6,18379,22013,16969,1840,6562,0,17193,0,381,1702,1506,992,-1015,-300,0,-345,1399,997,-1093
"2024-05-30",7,18196,21832,16854,1902,6562,0,17193,0,441,1828,1506,992,-1015,-300,0,-287,1395,997,-1093
"2024-05-30",8,17803,21354,16466,1963,6562,0,17193,0,359,1941,1504,992,-1014,-300,0,-285,1374,997,-1093
"2024-05-30",9,17697,20992,16417,1981,6562,0,17193,0,192,2049,1427,991,-1015,-300,0,-195,1124,996,-1093
"2024-05-30",10,17546,21041,16314,1999,6562,0,17193,0,406,2139,1421,990,-1015,-262,-27,-192,1084,996,-1093
"2024-05-30",11,17740,21054,16520,2039,6562,37,17193,0,197,2197,1344,926,-1015,-150,0,-359,964,997,-1093
"2024-05-30",12,18477,21596,17116,2078,6562,142,17193,0,72,2263,1343,922,-1015,-78,0,-365,978,997,-1089
"2024-05-30",13,20019,22796,18517,2145,6562,299,17193,0,99,2362,1497,986,-1014,42,0,-208,1350,997,-956
"2024-05-30",14,20873,23379,19228,2211,6562,644,17193,0,17,2409,1506,991,-883,142,7,-194,1397,997,-912
"2024-05-30",15,23110,23679,21266,2319,6562,1151,17193,0,17,2249,1504,991,340,31,-52,432,1397,997,22
"2024-05-30",16,23975,24569,22020,2427,6562,1490,17193,0,18,2033,1504,992,383,-67,-9,469,1397,997,109
"2024-05-30",17,25048,25782,22998,2542,6562,1935,17193,0,15,1735,1503,991,787,-219,0,957,1397,997,599
"2024-05-30",18,25500,26283,23455,2656,6562,2402,17193,0,12,2101,1503,992,806,-271,0,964,1397,997,636
"2024-05-30",19,25553,26274,23517,2786,6562,3113,17193,0,9,2084,1506,992,995,-212,0,213,1397,997,784
"2024-05-30",20,25330,26031,23392,2916,6562,3533,17193,0,11,2252,1505,991,1003,-190,0,170,1397,997,794
"2024-05-30",21,25220,25973,23333,2932,6562,4126,17193,0,6,2115,1505,991,1003,-247,0,234,1397,996,794
"2024-05-30",22,25036,25875,23099,2947,6562,4545,17193,0,4,1962,1505,992,1003,-335,0,236,1397,996,794
"2024-05-30",23,24872,25764,22916,3033,6562,4568,17193,0,5,1925,1505,992,1003,-387,0,285,1397,996,794
"2024-05-30",24,24764,25655,22760,3119,6562,5795,17193,0,6,1912,1505,992,1002,-382,-3,287,1397,997,791
"2024-05-30",25,24636,25487,22719,3178,6562,5618,17193,0,7,2355,1506,991,832,-250,-94,231,1397,997,663
"2024-05-30",26,24460,25441,22582,3236,6562,5183,17193,0,7,2706,1506,992,746,-333,-141,223,1397,997,641
"2024-05-30",27,23822,25373,21972,3297,6562,5253,17193,0,0,2969,1507,992,3,-425,-270,-356,1397,997,178
"2024-05-30",28,23842,25345,21992,3357,6562,5636,17193,0,5,2807,1507,992,0,-395,-227,-376,1368,997,140
"2024-05-30",29,23667,24701,21806,3394,6562,5393,17193,0,9,2613,1506,992,0,-331,-123,189,995,997,-71
"2024-05-30",30,23433,24336,21591,3431,6562,5060,17193,0,12,2582,1506,992,0,-183,-116,215,932,997,-92
"2024-05-30",31,23447,24521,21594,3435,6562,4641,17193,0,15,2777,1507,992,356,-121,-95,106,709,997,-343
"2024-05-30",32,23326,24483,21414,3439,6562,4613,17193,0,14,2884,1506,992,389,-121,-154,107,711,997,-368
"2024-05-30",33,23812,25231,21835,3414,6562,4038,17193,0,11,2817,1505,991,142,-121,-138,586,1084,996,-649
"2024-05-30",34,24485,25971,22436,3389,6562,3319,17193,0,8,2590,1505,992,141,-121,-185,607,1149,997,-672
"2024-05-30",35,25631,27173,23440,3325,6562,3014,17193,0,12,2552,1505,991,358,-121,-97,584,1369,996,-812
"2024-05-30",36,26258,27891,24054,3260,6562,2492,17193,0,17,2428,1505,992,355,-121,-168,582,1397,997,-827
"2024-05-30",37,26313,28836,24201,3154,6562,1914,17193,0,11,2360,1505,992,-801,-121,-62,303,1397,997,-1028
"2024-05-30",38,26705,29431,24628,3048,6562,1204,17193,0,11,2443,1504,991,-1015,-121,-38,282,1397,996,-1041
"2024-05-30",39,26706,29850,24711,2902,6562,817,17193,0,11,2774,1507,992,-1015,-121,-39,-383,1397,997,-1075
"2024-05-30",40,26592,29465,24634,2756,6562,482,17193,0,9,2455,1506,991,-1014,-121,-184,-397,1397,997,-648
"2024-05-30",41,26670,29299,24678,2638,6562,210,17193,0,7,2394,1504,991,-946,-121,-336,436,1397,996,-719
"2024-05-30",42,26377,29147,24351,2520,6562,53,17193,0,10,2295,1504,992,-943,-121,-472,486,1397,996,-724
"2024-05-30",43,25959,28552,23938,2452,6562,0,17193,0,9,1822,1505,992,-712,-121,-527,154,1397,997,-724
"2024-05-30",44,25549,28135,23531,2383,6562,0,17193,0,8,1827,1505,991,-705,-122,-527,140,1397,996,-724
"2024-05-30",45,24430,27309,22460,2347,6562,0,17193,0,7,1761,1505,992,-909,-152,-527,-60,1397,996,-724
"2024-05-30",46,22967,25868,21091,2311,6562,0,17193,0,14,1534,1505,992,-912,-159,-527,-65,1397,997,-724
"2024-05-30",47,21502,24603,19790,2283,6562,0,17193,0,153,1189,1504,992,-1013,-183,-528,384,1397,996,-724
"2024-05-30",48,20659,24383,18989,2254,6562,0,17193,0,747,1010,1504,992,-1015,-209,-529,397,1368,996,-724
"2024-05-31",1,19728,23496,18095,2241,6562,0,17193,0,697,861,1506,992,-917,-228,-529,-173,995,997,-724
"2024-05-31",2,19330,23183,17757,2227,6562,0,17193,0,735,906,1505,991,-912,-254,-528,-200,923,996,-724
"2024-05-31",3,18735,22663,17227,2219,6562,0,17193,0,912,717,1505,992,-1005,-258,-529,61,584,997,-724
"2024-05-31",4,18460,22437,17000,2211,6562,0,17193,0,988,494,1500,992,-1008,-246,-529,50,541,996,-706
"2024-05-31",5,18136,22235,16630,2215,6562,0,17193,0,987,702,1324,991,-1015,-234,-529,-790,523,997,-44
"2024-05-31",6,17858,21987,16261,2218,6562,0,17193,0,985,808,1318,991,-1015,-222,-529,-842,525,997,-36
"2024-05-31",7,17352,22407,15804,2222,6562,0,17193,0,978,1003,1495,992,-1015,-209,-528,-805,558,997,-1020
"2024-05-31",8,17200,22319,15611,2226,6562,0,17193,0,978,997,1505,990,-1014,-197,-528,-804,558,996,-1098
"2024-05-31",9,17037,22132,15463,2197,6562,0,17193,0,941,1024,1414,943,-1014,-188,-529,-825,506,997,-1098
"2024-05-31",10,16876,21729,15353,2167,6562,0,17193,0,705,1014,1399,935,-1015,-180,-529,-826,529,996,-1098
"2024-05-31",11,17065,21918,15494,2175,6562,18,17193,0,723,1038,1060,742,-1014,-192,-528,-798,902,952,-1098
"2024-05-31",12,17571,22308,15923,2183,6562,200,17193,0,543,898,1046,736,-1015,-280,-504,-797,978,950,-1098
"2024-05-31",13,19265,23639,17412,2220,6562,531,17193,0,156,743,1482,975,-922,-307,-378,-1013,1350,993,-1098
"2024-05-31",14,20276,24395,18307,2257,6562,977,17193,0,20,807,1507,992,-918,-292,-366,-963,1397,997,-1060
"2024-05-31",15,22033,24338,19852,2313,6562,1584,17193,0,96,216,1504,992,-735,-428,-502,261,1398,996,-44
"2024-05-31",16,22881,25115,20638,2368,6562,2193,17193,0,95,320,1504,992,-661,-450,-528,356,1397,996,38
"2024-05-31",17,24021,25764,21693,2408,6562,2879,17193,0,18,353,1505,991,523,-450,-528,-247,1397,996,139
"2024-05-31",18,24651,26425,22326,2448,6562,3333,17193,0,17,466,1506,992,611,-450,-530,-277,1397,996,154
"2024-05-31",19,24780,26580,22465,2489,6562,3417,17193,0,18,370,1505,992,921,-451,-528,-303,1398,996,455
"2024-05-31",20,24795,26589,22472,2530,6562,3837,17193,0,11,329,1505,991,953,-451,-528,-304,1398,996,484
"2024-05-31",21,25002,26649,22583,2510,6562,3854,17193,0,7,209,1505,992,1000,-451,-527,-162,1398,996,774
"2024-05-31",22,24747,26391,22424,2490,6562,3989,17193,0,7,153,1506,992,1004,-451,-529,-157,1399,996,795
"2024-05-31",23,24568,26213,22290,2491,6562,4386,17193,0,7,-45,1505,991,1003,-451,-528,-159,1399,996,794
"2024-05-31",24,24650,26295,22333,2491,6562,4646,17193,0,7,-185,1505,991,1002,-451,-529,-158,1398,996,794
"2024-05-31",25,24708,26568,22454,2470,6562,4754,17193,0,1,-329,1505,992,1003,-451,-528,-380,1398,996,794
"2024-05-31",26,24533,26400,22272,2448,6562,5159,17193,0,0,-158,1505,991,1003,-451,-528,-388,1399,996,794
"2024-05-31",27,24260,26057,22056,2429,6562,5134,17193,0,2,41,1506,992,1003,-406,-528,-361,1399,996,795
"2024-05-31",28,23868,25602,21674,2409,6562,5074,17193,0,3,-200,1505,992,1003,-351,-521,-359,1399,996,795
"2024-05-31",29,23504,25267,21397,2411,6562,4908,17193,0,6,-298,1505,991,1003,-351,-527,-379,1399,996,811
"2024-05-31",30,23525,25289,21429,2412,6562,4668,17193,0,6,-163,1506,991,1003,-351,-527,-380,1399,996,813
"2024-05-31",31,23304,25077,21184,2396,6562,4354,17193,0,14,-2,1506,992,1003,-351,-527,-381,1399,996,857
"2024-05-31",32,23448,25219,21372,2380,6562,4221,17193,0,12,-34,1506,992,1003,-351,-527,-381,1399,996,859
"2024-05-31",33,23615,25289,21462,2326,6562,3996,17193,0,12,-188,1505,992,1003,-351,-527,-284,1399,996,802
"2024-05-31",34,24133,25850,21915,2271,6562,3511,17193,0,12,-279,1506,992,1003,-397,-527,-281,1399,996,794
"2024-05-31",35,24870,26634,22579,2207,6562,3058,17193,0,9,68,1505,991,1003,-451,-527,-277,1399,996,663
"2024-05-31",36,25687,27457,23359,2143,6562,2669,17193,0,14,527,1506,992,1003,-452,-527,-277,1400,996,658
"2024-05-31",37,26064,27923,23780,2030,6562,2113,17193,0,10,666,1505,991,697,-451,-527,-371,1399,996,784
"2024-05-31",38,26307,28166,24037,1916,6562,1584,17193,0,8,658,1506,992,665,-451,-526,-374,1399,996,793
"2024-05-31",39,26462,28278,24155,1716,6562,1061,17193,0,10,782,1505,991,667,-452,-527,-327,1399,996,760
"2024-05-31",40,26320,28129,24090,1516,6562,650,17193,0,5,899,1505,991,666,-452,-527,-325,1399,996,746
"2024-05-31",41,26260,28068,24055,1404,6562,293,17193,0,3,821,1505,991,935,-451,-527,-327,1399,996,338
"2024-05-31",42,26119,27931,23938,1292,6562,80,17193,0,6,832,1505,991,962,-452,-527,-327,1399,996,322
"2024-05-31",43,25940,27608,23803,1246,6562,1,17193,0,5,563,1504,992,1001,-452,-527,-184,1399,996,763
"2024-05-31",44,25630,27298,23548,1199,6562,0,17193,0,10,616,1505,991,1002,-452,-527,-179,1399,997,789
"2024-05-31",45,24603,26269,22542,1164,6562,0,17193,0,8,110,1505,991,1003,-451,-526,-181,1399,996,615
"2024-05-31",46,23970,25638,21938,1128,6562,0,17193,0,9,-70,1505,992,1002,-451,-527,-181,1399,996,597
"2024-05-31",47,22539,24029,20579,1093,6562,0,17193,0,11,-304,1505,992,790,-452,-527,15,1399,996,382
"2024-05-31",48,21680,23227,19746,1057,6562,0,17193,0,68,-289,1505,992,782,-452,-527,23,1399,996,352
"2024-06-01",1,20653,22553,18848,1016,6562,0,17193,0,103,-166,1505,991,815,-389,-526,-173,1399,996,-209
"2024-06-01",2,20092,22198,18302,974,6562,0,17193,0,286,-164,1506,991,816,-351,-527,-180,1399,996,-262
"2024-06-01",3,19609,22103,17902,967,6562,0,17193,0,163,-146,1505,992,615,-351,-527,-199,1399,996,-754
"2024-06-01",4,19308,21900,17626,960,6562,0,17193,0,227,-291,1506,992,608,-351,-527,-200,1399,996,-787
"2024-06-01",5,19039,21744,17373,955,6562,0,17193,0,135,-517,1506,991,936,-351,-527,-405,1399,996,-787
"2024-06-01",6,18645,21635,16998,949,6562,0,17193,0,412,-478,1506,991,950,-351,-526,-412,1399,996,-789
"2024-06-01",7,18141,21399,16550,950,6562,0,17193,0,571,-440,1493,992,887,-351,-526,-454,1399,996,-856
"2024-06-01",8,17939,21349,16348,951,6562,0,17193,0,715,-547,1485,992,886,-351,-527,-456,1399,997,-861
"2024-06-01",9,17625,21058,16058,979,6562,0,17193,0,717,-248,1065,991,684,-351,-527,-470,1399,997,-868
"2024-06-01",10,17324,20754,15760,1006,6562,0,17193,0,711,-437,1045,992,665,-351,-527,-470,1399,997,-871
"2024-06-01",11,17255,20783,15698,1027,6562,40,17193,0,712,-194,1207,992,363,-351,-527,-475,1399,997,-963
"2024-06-01",12,17371,20669,15793,1047,6562,300,17193,0,501,-169,1217,992,363,-351,-527,-467,1399,997,-952
"2024-06-01",13,18136,20681,16401,1105,6562,761,17193,0,875,-877,1245,992,751,-351,-527,147,1399,996,-292
"2024-06-01",14,18468,20882,16685,1163,6562,1319,17193,0,761,-839,1246,991,769,-414,-509,177,1390,996,-230
"2024-06-01",15,19121,20833,17309,1230,6562,1931,17193,0,112,-831,1256,992,904,-452,-528,-120,1288,996,362
"2024-06-01",16,19278,20910,17410,1297,6562,2645,17193,0,20,-821,1256,992,910,-452,-528,-132,1283,997,406
"2024-06-01",17,19964,21499,18014,1361,6562,3372,17193,0,20,-519,1258,991,999,-452,-529,-34,1385,997,492
"2024-06-01",18,20142,21671,18127,1424,6562,4043,17193,0,17,-450,1253,992,1002,-452,-529,-31,1398,996,506
"2024-06-01",19,20218,21712,18176,1464,6562,4734,17193,0,13,-473,1072,992,968,-452,-529,176,1398,996,774
"2024-06-01",20,20273,21764,18228,1504,6562,5410,17193,0,10,-557,1067,991,968,-452,-529,181,1399,996,787
"2024-06-01",21,20175,21903,18202,1504,6562,5820,17193,0,9,-656,1483,992,1001,-452,-528,-239,1399,996,607
"2024-06-01",22,20148,21899,18168,1503,6562,5907,17193,0,13,-816,1500,992,999,-452,-529,-257,1398,996,581
"2024-06-01",23,19777,21656,17827,1505,6562,6187,17193,0,15,-955,1202,991,522,-452,-529,-383,1399,997,162
"2024-06-01",24,19495,21371,17565,1507,6562,6555,17193,0,8,-969,1191,992,489,-452,-529,-387,1398,997,149
"2024-06-01",25,19564,21335,17658,1501,6562,6525,17193,0,5,-1130,1489,991,199,-452,-528,-286,1398,995,750
"2024-06-01",26,19654,21421,17802,1495,6562,6683,17193,0,5,-1065,1506,991,198,-452,-527,-283,1398,995,791
"2024-06-01",27,19616,21665,17810,1493,6562,6621,17193,0,6,-1015,1506,992,609,-452,-527,-564,1399,996,791
"2024-06-01",28,19411,21472,17630,1491,6562,6520,17193,0,11,-910,1505,991,663,-451,-527,-572,1399,988,791
"2024-06-01",29,19288,20889,17618,1503,6562,6598,17193,0,9,-649,1435,991,989,-451,-527,-114,1399,714,791
"2024-06-01",30,19127,20711,17458,1514,6562,6490,17193,0,10,-564,1427,992,1003,-452,-527,-95,1399,704,806
"2024-06-01",31,19283,21431,17588,1526,6562,6210,17193,0,479,-658,1242,991,1003,-451,-527,-191,1399,972,1332
"2024-06-01",32,19716,21978,18008,1538,6562,5734,17193,0,588,-723,1233,992,995,-452,-527,-195,1399,990,1370
"2024-06-01",33,20458,22571,18686,1543,6562,5389,17193,0,154,-752,1476,992,756,-451,-527,-481,1399,996,1410
"2024-06-01",34,21089,23070,19304,1548,6562,4738,17193,0,13,-518,1488,991,745,-451,-527,-490,1399,996,1406
"2024-06-01",35,21921,23579,20097,1544,6562,4063,17193,0,12,55,1505,992,462,-451,-527,-168,1399,996,1157
"2024-06-01",36,22728,24374,20856,1539,6562,3385,17193,0,12,437,1506,991,460,-451,-527,-156,1399,996,1131
"2024-06-01",37,23560,25139,21694,1505,6562,2626,17193,0,11,656,1505,991,789,-452,-527,-89,1399,996,818
"2024-06-01",38,23859,25430,22019,1471,6562,2060,17193,0,7,521,1505,991,824,-451,-527,-86,1399,996,797
"2024-06-01",39,24368,25929,22547,1337,6562,1380,17193,0,3,718,1505,991,991,-452,-527,-79,1399,996,797
"2024-06-01",40,24735,26295,22873,1202,6562,736,17193,0,2,837,1505,991,1003,-452,-527,-79,1399,996,797
"2024-06-01",41,24725,26291,22837,1107,6562,376,17193,0,7,795,1505,991,1003,-451,-527,-81,1399,996,797
"2024-06-01",42,24621,26187,22715,1012,6562,101,17193,0,7,624,1495,991,1003,-452,-527,-80,1399,996,792
"2024-06-01",43,24289,25770,22434,974,6562,2,17193,0,2,336,1131,991,1002,-452,-527,203,1399,996,613
"2024-06-01",44,24014,25493,22183,936,6562,0,17193,0,1,294,1108,991,1003,-451,-527,214,1399,996,605
"2024-06-01",45,23738,25218,21827,899,6562,0,17193,0,1,51,1323,991,1003,-452,-527,7,1399,996,819
"2024-06-01",46,22990,24472,21088,862,6562,0,17193,0,4,-29,1328,991,1003,-451,-527,0,1399,996,838
"2024-06-01",47,21757,23243,19910,818,6562,0,17193,0,8,-279,1145,991,1003,-451,-527,188,1399,997,978
"2024-06-01",48,20890,22376,19135,773,6562,0,17193,0,7,-245,1133,990,1003,-452,-527,194,1399,997,980
"2024-06-02",1,20025,21407,18357,720,6562,0,17193,0,7,-211,1160,946,1002,-385,-490,257,1399,997,675
"2024-06-02",2,19485,20795,17864,666,6562,0,17193,0,6,-184,1159,942,1002,-332,-472,260,1399,996,659
"2024-06-02",3,18982,20749,17424,653,6562,0,17193,0,462,-153,945,920,1003,-332,-473,286,1399,997,852
"2024-06-02",4,18754,20626,17227,640,6562,0,17193,0,590,-236,938,917,1002,-331,-451,287,1399,997,842
"2024-06-02",5,18597,20630,17083,641,6562,0,17193,0,671,-191,1098,875,723,-332,-526,262,1399,997,-4
"2024-06-02",6,18230,20595,16731,641,6562,0,17193,0,951,-196,1105,864,705,-331,-528,260,1399,997,-55
"2024-06-02",7,18008,20260,16503,649,6562,0,17193,0,892,-103,1016,603,711,-332,-528,143,1399,997,235
"2024-06-02",8,17584,19885,16107,657,6562,0,17193,0,942,-38,1005,579,710,-331,-528,140,1399,997,248
"2024-06-02",9,17470,19794,16025,682,6562,0,17193,0,940,-140,826,358,713,-332,-528,228,1399,998,-24
"2024-06-02",10,17019,19359,15598,707,6562,0,17193,0,940,-284,821,351,706,-332,-529,226,1399,997,-39
"2024-06-02",11,17017,19618,15595,716,6562,61,17193,0,941,-131,1138,658,505,-331,-528,-301,1399,997,0
"2024-06-02",12,16735,19342,15342,724,6562,392,17193,0,935,115,1141,678,505,-332,-529,-311,1399,997,6
"2024-06-02",13,16977,19267,15554,726,6562,901,17193,0,929,213,598,656,704,-332,-529,426,1399,997,109
"2024-06-02",14,17006,19297,15566,728,6562,1585,17193,0,930,141,575,661,712,-331,-530,453,1399,997,121
"2024-06-02",15,16988,19536,15516,709,6562,2439,17193,0,916,118,1200,881,713,-331,-530,-271,1399,997,382
"2024-06-02",16,16981,19573,15428,690,6562,3476,17193,0,919,271,1230,895,713,-332,-529,-312,1399,997,396
"2024-06-02",17,16963,19405,15348,724,6562,4648,17193,0,776,412,907,852,714,-398,-529,-239,1399,997,243
"2024-06-02",18,16708,18744,15052,757,6562,5820,17193,0,339,351,880,846,713,-452,-528,-217,1399,997,237
"2024-06-02",19,16904,18675,15150,798,6562,7000,17193,0,291,371,554,715,713,-452,-528,602,1399,997,437
"2024-06-02",20,16734,18509,14919,838,6562,8056,17193,0,295,454,543,706,713,-452,-528,651,1399,993,457
"2024-06-02",21,16626,18574,14748,939,6562,8925,17193,0,468,488,1010,705,875,-452,-528,651,1399,833,632
"2024-06-02",22,16476,18560,14620,1039,6562,9689,17193,0,604,695,1033,698,881,-452,-528,653,1399,823,642
"2024-06-02",23,15993,18108,14184,1125,6562,10461,17193,0,637,599,760,457,995,-451,-527,1005,1399,823,525
"2024-06-02",24,15815,17933,14025,1210,6562,10888,17193,0,639,698,760,454,1003,-451,-528,1008,1399,828,507
"2024-06-02",25,15961,18075,14200,1294,6562,11147,17193,0,636,931,1406,957,1003,-451,-527,354,1399,986,200
"2024-06-02",26,15858,18104,14130,1378,6562,11224,17193,0,767,934,1443,984,1004,-451,-528,320,1399,996,185
"2024-06-02",27,15736,18091,14092,1462,6562,11203,17193,0,899,1175,1294,697,1003,-428,-528,614,1399,996,432
"2024-06-02",28,15543,17874,13981,1546,6562,10879,17193,0,903,1323,1285,683,1003,-400,-528,625,1399,996,446
"2024-06-02",29,15479,17803,13877,1626,6562,10601,17193,0,897,1135,1236,881,1004,-400,-527,773,1399,996,313
"2024-06-02",30,15311,17629,13769,1705,6562,9988,17193,0,891,1124,1234,897,1003,-400,-527,778,1399,996,310
"2024-06-02",31,15619,17928,14095,1775,6562,9362,17193,0,883,1236,1202,977,950,-400,-526,655,1399,996,524
"2024-06-02",32,16206,18474,14677,1844,6562,8369,17193,0,841,1530,1199,982,943,-400,-527,650,1399,997,540
"2024-06-02",33,17190,19265,15539,1915,6562,7664,17193,0,625,1583,1125,942,717,-423,-527,644,1399,997,560
"2024-06-02",34,18327,19982,16605,1985,6562,6690,17193,0,177,1433,1130,941,717,-451,-527,639,1399,997,584
"2024-06-02",35,20201,21687,18335,1968,6562,5600,17193,0,9,1447,1483,988,902,-451,-526,152,1399,996,1370
"2024-06-02",36,21689,23175,19790,1951,6562,4330,17193,0,9,1828,1506,991,891,-451,-526,130,1399,996,1424
"2024-06-02",37,22653,24139,20762,1868,6562,3354,17193,0,8,2014,1506,991,503,-451,-527,129,1398,996,1424
"2024-06-02",38,23777,25260,21879,1784,6562,2514,17193,0,5,1853,1506,991,478,-451,-527,129,1399,997,1420
"2024-06-02",39,24079,25728,22224,1661,6562,1775,17193,0,5,2358,1505,991,-167,-451,-526,311,1398,997,1274
"2024-06-02",40,24444,26109,22664,1537,6562,1049,17193,0,5,2641,1506,991,-181,-452,-527,317,1397,997,1267
"2024-06-02",41,24446,25933,22679,1472,6562,458,17193,0,8,2552,1506,991,96,-452,-527,282,1398,997,1410
"2024-06-02",42,24267,25755,22554,1407,6562,93,17193,0,9,2591,1506,991,103,-452,-527,280,1398,997,1419
"2024-06-02",43,24386,25870,22691,1402,6562,1,17193,0,5,2476,1506,991,189,-452,-527,316,1397,996,1383
"2024-06-02",44,24261,25744,22537,1396,6562,0,17193,0,4,2212,1506,991,194,-452,-527,318,1398,997,1379
"2024-06-02",45,23606,25089,21908,1387,6562,0,17193,0,6,2045,1506,991,331,-451,-526,316,1398,997,1339
"2024-06-02",46,22458,23948,20887,1378,6562,0,17193,0,11,2045,1505,991,332,-452,-527,316,1398,996,1335
"2024-06-02",47,21047,22824,19598,1357,6562,0,17193,0,9,2081,1506,991,-417,-390,-461,268,1398,996,1288
"2024-06-02",48,20289,21940,18858,1335,6562,0,17193,0,12,2328,1506,991,-474,-351,-314,266,1397,997,1275
"2024-06-03",1,19375,21164,18078,1259,6562,0,17193,0,13,2215,1482,969,-584,-351,-341,265,1397,997,924
"2024-06-03",2,18990,20760,17720,1182,6562,0,17193,0,13,2028,1477,968,-586,-351,-320,254,1397,997,893
"2024-06-03",3,18742,21046,17495,1176,6562,0,17193,0,12,2064,1317,990,-701,-351,-345,-395,1397,998,671
"2024-06-03",4,18865,21192,17662,1170,6562,0,17193,0,11,2344,1301,990,-703,-351,-334,-428,1397,998,664
"2024-06-03",5,18546,21177,17355,1161,6562,0,17193,0,341,2401,906,948,-647,-332,-357,-454,1397,998,993
"2024-06-03",6,18302,21202,17143,1152,6562,0,17193,0,610,2498,897,947,-645,-332,-358,-455,1397,998,1010
"2024-06-03",7,18108,21053,16906,1144,6562,0,17193,0,549,2427,1474,989,-724,-332,-410,-430,1397,998,766
"2024-06-03",8,18015,20988,16809,1136,6562,0,17193,0,572,2742,1505,991,-734,-331,-407,-429,1397,998,752
"2024-06-03",9,17873,21125,16658,1154,6562,0,17193,0,568,2781,1428,991,-1014,-332,-379,-459,1397,998,862
"2024-06-03",10,17617,20842,16501,1171,6562,0,17193,0,542,2501,1422,991,-1015,-331,-375,-462,1397,997,859
"2024-06-03",11,18021,21083,16845,1185,6562,60,17193,0,112,2446,1227,992,-1015,-332,-225,-878,1397,998,445
"2024-06-03",12,18849,21733,17630,1199,6562,345,17193,0,42,2489,1222,991,-1014,-349,-86,-893,1397,998,408
"2024-06-03",13,20172,22589,18755,1237,6562,732,17193,0,10,2532,1492,992,-1015,-344,-1,-547,1397,998,129
"2024-06-03",14,21452,23863,19909,1274,6562,1340,17193,0,11,2454,1506,991,-1014,-299,-54,-533,1397,997,106
"2024-06-03",15,22889,25169,21221,1286,6562,1986,17193,0,6,2389,1503,991,-1015,-405,-204,-150,1397,997,3
"2024-06-03",16,23727,25912,21925,1297,6562,2581,17193,0,15,2552,1501,991,-884,-333,-317,-136,1397,995,1
"2024-06-03",17,24900,26302,22958,1352,6562,3350,17193,0,8,2395,1297,991,95,-428,-466,18,1397,906,146
"2024-06-03",18,24851,26339,22897,1406,6562,3960,17193,0,6,2435,1286,991,103,-452,-530,23,1397,903,174
"2024-06-03",19,25404,26892,23413,1457,6562,4356,17193,0,7,2406,1214,991,578,-452,-529,24,1397,992,769
"2024-06-03",20,25276,26773,23304,1508,6562,4943,17193,0,16,2370,1210,991,649,-452,-529,24,1397,997,814
"2024-06-03",21,25263,26759,23384,1545,6562,5406,17193,0,17,2370,1210,991,548,-451,-528,41,1397,997,977
"2024-06-03",22,25677,27170,23835,1582,6562,5216,17193,0,14,2458,1214,991,572,-452,-527,42,1397,992,999
"2024-06-03",23,26011,27507,24244,1620,6562,5307,17193,0,17,2726,1381,991,1002,-452,-527,45,1397,828,1389
"2024-06-03",24,26097,27591,24374,1657,6562,5229,17193,0,15,2645,1393,991,1003,-452,-527,45,1397,822,1412
"2024-06-03",25,26168,27807,24433,1692,6562,5275,17193,0,9,2510,1501,991,1003,-451,-528,-151,1397,986,1264
"2024-06-03",26,25896,27548,24157,1726,6562,5306,17193,0,13,2470,1507,991,1003,-452,-528,-159,1397,997,1258
"2024-06-03",27,25621,27275,23832,1773,6562,5427,17193,0,13,2217,1506,991,1003,-452,-528,-161,1397,996,1411
"2024-06-03",28,25079,26731,23399,1819,6562,5662,17193,0,13,2190,1506,991,1003,-451,-527,-161,1397,996,1422
"2024-06-03",29,24774,26445,23182,1863,6562,5966,17193,0,12,2242,1507,991,1002,-451,-527,-181,1397,997,1422
"2024-06-03",30,24437,26110,22829,1906,6562,5674,17193,0,11,2148,1507,991,1003,-452,-527,-183,1398,997,1422
"2024-06-03",31,24232,26286,22686,1949,6562,5155,17193,0,11,2383,1508,992,732,-452,-527,-564,1398,997,1422
"2024-06-03",32,24743,26811,23257,1991,6562,5112,17193,0,11,2795,1507,991,706,-451,-527,-579,1398,998,1411
"2024-06-03",33,24956,27022,23407,2034,6562,4543,17193,0,11,2758,1507,992,413,-452,-527,-576,1398,998,1018
"2024-06-03",34,25729,27796,24112,2077,6562,4093,17193,0,13,2698,1507,991,371,-451,-527,-576,1398,997,942
"2024-06-03",35,26592,28856,24924,2048,6562,3350,17193,0,5,3026,1507,992,-263,-444,-527,-424,1398,997,-101
"2024-06-03",36,27388,29805,25638,2018,6562,2689,17193,0,8,2944,1507,992,-299,-449,-527,-425,1398,997,-209
"2024-06-03",37,27508,31532,25804,1934,6562,2039,17193,0,7,3348,1508,992,-975,-365,-527,-995,1398,997,-655
"2024-06-03",38,27624,31759,25911,1849,6562,1564,17193,0,6,3159,1508,992,-1014,-371,-527,-1021,1398,997,-696
"2024-06-03",39,27386,31815,25627,1669,6562,1156,17193,0,2,2842,1508,992,-1015,-364,-460,-1020,1398,997,-1068
"2024-06-03",40,27242,31717,25428,1489,6562,713,17193,0,1,2720,1505,988,-1015,-382,-464,-1020,1399,997,-1093
"2024-06-03",41,26785,31258,24981,1350,6562,367,17193,0,4,2448,1357,861,-1014,-417,-518,-927,1399,997,-1093
"2024-06-03",42,26323,30814,24482,1211,6562,108,17193,0,7,2167,1350,856,-1015,-425,-527,-924,1399,997,-1093
"2024-06-03",43,25933,30526,24079,1160,6562,5,17193,0,3,1774,1451,979,-1015,-451,-527,-1004,1399,997,-1093
"2024-06-03",44,25899,30485,24086,1109,6562,0,17193,0,5,1824,1457,987,-1015,-452,-527,-997,1399,997,-1090
"2024-06-03",45,25304,28849,23507,1097,6562,0,17193,0,4,1641,1501,990,-778,-451,-528,-328,1399,997,-956
"2024-06-03",46,23898,27341,22101,1085,6562,0,17193,0,8,1578,1502,990,-758,-452,-527,-269,1399,997,-929
"2024-06-03",47,22360,24878,20675,1072,6562,0,17193,0,10,1588,1370,965,-712,-451,-527,627,1399,997,-318
"2024-06-03",48,21615,24031,19927,1059,6562,0,17193,0,10,1981,1364,964,-711,-383,-527,685,1399,997,-285
"2024-06-04",1,20834,23573,19182,1062,6562,0,17193,0,12,2123,1387,990,-850,-302,-491,450,1398,997,-584
"2024-06-04",2,20336,22972,18830,1065,6562,0,17193,0,18,2156,1388,991,-851,-301,-365,441,1398,997,-601
"2024-06-04",3,19813,22212,18496,1105,6562,0,17193,0,71,2226,1395,977,-861,-302,-212,309,1399,997,-453
"2024-06-04",4,19641,21877,18440,1144,6562,0,17193,0,63,2483,1397,977,-861,-302,-61,304,1398,997,-449
"2024-06-04",5,19253,21751,18145,1206,6562,0,17193,0,63,2639,1501,991,-979,-302,0,11,1398,997,-654
"2024-06-04",6,18819,21350,17791,1267,6562,0,17193,0,69,3053,1506,991,-981,-302,0,0,1398,996,-679
"2024-06-04",7,18569,21553,17543,1350,6562,0,17193,0,128,3207,1506,991,-993,-293,0,82,1397,996,-1070
"2024-06-04",8,18434,21385,17344,1432,6562,0,17193,0,133,3307,1495,989,-994,-188,-39,53,1397,996,-1097
"2024-06-04",9,18151,21864,17142,1530,6562,0,17193,0,133,3597,1130,884,-1014,-41,-1,-927,1397,997,-1097
"2024-06-04",10,17769,21535,16833,1627,6562,0,17193,0,132,3460,1108,877,-1014,0,-28,-995,1397,993,-1097
"2024-06-04",11,18019,21780,17143,1739,6562,9,17193,0,130,3550,1237,866,-1014,68,55,-1020,1397,818,-1097
"2024-06-04",12,18534,22230,17656,1850,6562,162,17193,0,73,3434,1246,869,-1015,217,11,-1020,1397,812,-1088
"2024-06-04",13,20265,23327,19269,1997,6562,488,17193,0,13,3231,1399,984,-762,193,53,-1021,1397,985,-766
"2024-06-04",14,21547,24541,20452,2144,6562,769,17193,0,10,2968,1411,992,-739,47,147,-999,1397,997,-746
"2024-06-04",15,23282,25493,22036,2325,6562,1101,17193,0,7,2919,1500,991,-666,-67,28,-145,1397,997,-826
"2024-06-04",16,24127,26375,22710,2505,6562,1598,17193,0,16,3026,1506,991,-613,-219,0,-73,1397,997,-827
"2024-06-04",17,25666,27268,24112,2671,6562,2293,17193,0,17,2552,1504,991,408,-370,-64,759,1397,997,-651
"2024-06-04",18,25489,27280,23910,2836,6562,2554,17193,0,16,2410,1504,991,474,-451,-210,810,1397,997,-614
"2024-06-04",19,25748,26894,24086,2989,6562,2945,17193,0,14,2442,1504,991,725,-451,-181,670,1397,997,267
"2024-06-04",20,25520,26701,23795,3141,6562,3323,17193,0,17,2515,1504,991,664,-451,-213,665,1397,997,326
"2024-06-04",21,25161,26429,23509,3285,6562,3224,17193,0,72,2678,1504,991,3,-451,-245,385,1397,997,258
"2024-06-04",22,24928,26243,23340,3429,6562,3667,17193,0,72,2617,1504,992,0,-451,-292,379,1378,997,263
"2024-06-04",23,25119,26537,23486,3559,6562,3930,17193,0,313,3116,1504,991,688,-386,-219,872,1137,997,608
"2024-06-04",24,25052,26764,23480,3688,6562,4055,17193,0,642,3048,1503,991,838,-404,-166,894,1077,996,637
"2024-06-04",25,25496,27182,23968,3752,6562,3942,17193,0,644,3174,1503,991,803,-358,-184,894,705,997,783
"2024-06-04",26,25443,27049,24038,3816,6562,4128,17193,0,580,3161,1503,992,799,-351,-175,894,663,997,785
"2024-06-04",27,24837,26428,23639,3882,6562,4641,17193,0,648,3850,1503,991,321,-344,-99,649,722,996,459
"2024-06-04",28,24343,25687,23241,3948,6562,3964,17193,0,474,4097,1503,992,292,-317,-53,639,715,996,436
"2024-06-04",29,24093,25528,23079,3978,6562,4018,17193,0,643,4342,1504,991,-96,-196,0,448,536,996,419
"2024-06-04",30,24025,25509,22933,4008,6562,3725,17193,0,634,3912,1379,992,-104,-246,0,442,528,997,412
"2024-06-04",31,24035,25569,22869,4013,6562,3711,17193,0,568,4179,1000,991,-319,-147,0,536,719,997,188
"2024-06-04",32,24764,26353,23572,4017,6562,3237,17193,0,645,3906,1000,991,-338,-106,0,540,772,996,178
"2024-06-04",33,25581,26963,24342,3993,6562,2558,17193,0,646,3555,961,991,-121,-115,0,742,1147,996,417
"2024-06-04",34,26320,27531,24968,3969,6562,2619,17193,0,519,3641,1176,992,-113,-79,0,749,1207,996,427
"2024-06-04",35,27126,28084,25616,3936,6562,2247,17193,0,81,3518,1503,992,-377,56,0,833,1376,996,161
"2024-06-04",36,27535,28430,25976,3903,6562,1903,17193,0,7,3643,1503,992,-388,27,0,832,1397,996,138
"2024-06-04",37,27438,28518,25935,3810,6562,1758,17193,0,5,3664,1504,992,-550,114,0,362,1397,996,-25
"2024-06-04",38,26957,28071,25436,3716,6562,1684,17193,0,10,3505,1504,992,-563,23,15,341,1397,996,-41
"2024-06-04",39,26658,28183,25220,3470,6562,1198,17193,0,12,3495,1505,992,-713,-69,0,114,1397,996,-231
"2024-06-04",40,26230,27989,24776,3224,6562,661,17193,0,14,3253,1505,992,-715,-220,-65,112,1398,996,-245
"2024-06-04",41,26278,28216,24726,2942,6562,330,17193,0,9,3375,1504,992,-585,-371,-214,672,1398,996,-259
"2024-06-04",42,25682,27822,24122,2660,6562,118,17193,0,6,3420,1503,992,-577,-450,-365,697,1397,995,-242
"2024-06-04",43,25277,26985,23659,2461,6562,5,17193,0,6,3257,1504,992,-250,-450,-502,317,1397,995,432
"2024-06-04",44,24814,26535,23155,2262,6562,0,17193,0,4,3089,1497,992,-239,-451,-527,302,1398,995,487
"2024-06-04",45,24219,26375,22590,2189,6562,0,17193,0,6,2675,1166,987,-671,-451,-528,306,1398,997,766
"2024-06-04",46,23088,25253,21569,2115,6562,0,17193,0,14,2445,1141,985,-672,-451,-528,283,1398,996,802
"2024-06-04",47,21914,24983,20553,2098,6562,0,17193,0,315,2534,863,912,-667,-451,-527,-609,1398,997,1378
"2024-06-04",48,20911,24444,19616,2081,6562,0,17193,0,793,2505,852,908,-657,-389,-529,-665,1368,997,1415
"2024-06-05",1,19930,23241,18710,2073,6562,0,17193,0,754,2648,1014,986,-366,-351,-528,-812,995,997,1322
"2024-06-05",2,19352,22700,18127,2064,6562,0,17193,0,781,2253,1019,988,-371,-351,-528,-817,924,995,1305
"2024-06-05",3,19131,22827,17940,2049,6562,0,17193,0,878,2471,843,858,-929,-351,-528,-510,608,946,918
"2024-06-05",4,19074,22799,17911,2034,6562,0,17193,0,887,2669,834,852,-958,-351,-530,-499,555,945,903
"2024-06-05",5,19025,22524,17851,2012,6562,0,17193,0,909,2646,971,940,-774,-351,-529,-436,383,994,1356
"2024-06-05",6,18717,22207,17485,1989,6562,0,17193,0,901,2431,979,942,-774,-351,-529,-435,342,997,1387
"2024-06-05",7,18250,22168,17042,1975,6562,0,17193,0,721,2548,1001,768,-1014,-351,-529,-803,84,997,1420
"2024-06-05",8,18039,22054,16854,1961,6562,0,17193,0,803,2762,1003,758,-1014,-351,-530,-817,81,997,1413
"2024-06-05",9,17883,22005,16779,1922,6562,0,17193,0,712,2813,976,804,-1016,-351,-529,-1014,453,997,1048
"2024-06-05",10,17539,21843,16512,1882,6562,0,17193,0,888,2901,975,812,-1014,-351,-530,-1021,529,997,1022
"2024-06-05",11,17939,22011,16895,1921,6562,91,17193,0,884,3078,913,980,-1015,-351,-530,-792,902,998,982
"2024-06-05",12,18537,22213,17362,1959,6562,467,17193,0,510,3127,917,992,-1015,-351,-531,-769,978,998,986
"2024-06-05",13,20490,22985,19184,2082,6562,979,17193,0,78,3013,1333,992,-1015,-351,-530,-21,1351,997,1259
"2024-06-05",14,21598,23938,20323,2204,6562,1628,17193,0,13,3044,1372,991,-883,-414,-530,34,1397,998,1283
"2024-06-05",15,23395,24888,21944,2309,6562,2469,17193,0,10,2867,1636,991,432,-452,-531,761,1397,997,1411
"2024-06-05",16,24094,25588,22537,2413,6562,3294,17193,0,12,3448,1504,991,498,-452,-530,801,1397,997,1420
"2024-06-05",17,23953,25448,22263,2502,6562,4399,17193,0,12,3334,1504,992,980,-452,-531,992,1397,997,1420
"2024-06-05",18,23191,25016,21557,2591,6562,5412,17193,0,342,3160,1504,992,1003,-452,-531,999,1397,997,1420
"2024-06-05",19,23000,24580,21364,2698,6562,6314,17193,0,97,2840,1504,992,1003,-452,-531,1018,1397,997,1420
"2024-06-05",20,22609,24395,20899,2805,6562,6599,17193,0,304,2583,1504,992,995,-452,-530,1019,1397,997,1414
"2024-06-05",21,22280,24043,20518,2884,6562,7404,17193,0,281,2670,1505,991,739,-452,-530,948,1397,997,1187
"2024-06-05",22,21850,23606,20121,2963,6562,8115,17193,0,274,2619,1505,992,747,-452,-530,945,1397,998,1157
"2024-06-05",23,21724,23607,20010,3043,6562,8191,17193,0,401,2821,1505,991,1002,-452,-530,721,1397,997,689
"2024-06-05",24,21275,23432,19570,3123,6562,8631,17193,0,675,2658,1505,992,1003,-452,-530,712,1397,997,643
"2024-06-05",25,21215,23387,19519,3179,6562,9333,17193,0,690,2964,1505,992,983,-452,-530,760,1397,996,159
"2024-06-05",26,20977,23109,19324,3234,6562,9223,17193,0,651,2817,1479,975,976,-452,-529,759,1397,997,131
"2024-06-05",27,20280,22362,18678,3305,6562,9610,17193,0,601,3028,472,366,400,-452,-529,349,1397,998,376
"2024-06-05",28,19918,21788,18352,3375,6562,8975,17193,0,390,2952,416,341,370,-452,-528,333,1397,998,373
"2024-06-05",29,19877,22320,18334,3390,6562,8992,17193,0,579,3018,1430,950,717,-452,-529,252,1397,997,-383
"2024-06-05",30,19465,21838,17994,3404,6562,9021,17193,0,493,3062,1489,986,688,-452,-529,248,1398,997,-399
"2024-06-05",31,19566,21555,18040,3393,6562,8223,17193,0,356,3346,915,791,105,-451,-527,-155,1397,998,566
"2024-06-05",32,20135,21861,18604,3381,6562,7054,17193,0,82,2523,898,783,103,-451,-527,-166,1397,998,638
"2024-06-05",33,21492,23045,19857,3373,6562,6382,17193,0,75,2224,1902,978,606,-451,-527,344,1398,996,511
"2024-06-05",34,22360,23858,20691,3364,6562,5796,17193,0,20,1750,2006,992,674,-451,-527,366,1398,996,508
"2024-06-05",35,23773,25266,22023,3264,6562,5065,17193,0,15,2682,2006,992,335,-451,-527,281,1398,996,767
"2024-06-05",36,25069,26563,23224,3163,6562,4178,17193,0,16,3355,2000,992,325,-451,-527,278,1397,996,772
"2024-06-05",37,25731,27999,23922,2982,6562,3216,17193,0,8,3411,1806,991,-782,-451,-527,122,1397,996,251
"2024-06-05",38,26414,28881,24563,2801,6562,2435,17193,0,8,3466,1798,992,-981,-451,-527,107,1397,996,205
"2024-06-05",39,26312,29439,24468,2490,6562,1693,17193,0,5,3410,1993,992,-962,-451,-527,-524,1397,996,-158
"2024-06-05",40,26400,29573,24609,2179,6562,1043,17193,0,4,3377,2007,992,-961,-451,-527,-549,1397,997,-181
"2024-06-05",41,26743,29044,24902,1941,6562,489,17193,0,3,2959,2006,992,-685,-451,-527,28,1397,996,-135
"2024-06-05",42,26658,28943,24785,1703,6562,137,17193,0,6,2849,2006,992,-672,-451,-527,56,1398,996,-129
"2024-06-05",43,26511,28354,24577,1574,6562,4,17193,0,2,2549,2006,992,-334,-451,-528,179,1397,996,-28
"2024-06-05",44,25753,27569,23858,1445,6562,0,17193,0,2,2659,2006,992,-318,-451,-528,184,1397,997,-17
"2024-06-05",45,24740,26330,22899,1384,6562,0,17193,0,5,2393,2006,992,-107,-451,-527,55,1398,996,56
"2024-06-05",46,23701,25289,21879,1323,6562,0,17193,0,6,2359,2006,992,-104,-451,-527,63,1398,997,73
"2024-06-05",47,22294,24237,20621,1264,6562,0,17193,0,9,2322,2004,992,-455,-451,-528,763,1398,996,423
"2024-06-05",48,21657,23595,20042,1205,6562,0,17193,0,13,2167,2004,991,-508,-389,-528,801,1398,995,442
"2024-06-06",1,20763,23012,19178,1166,6562,0,17193,0,13,2166,2005,992,-857,-351,-528,650,1398,996,248
"2024-06-06",2,20474,22727,18952,1127,6562,0,17193,0,14,2219,2006,992,-860,-351,-528,644,1399,996,242
"2024-06-06",3,20198,22527,18742,1113,6562,0,17193,0,80,2109,2005,992,-870,-351,-528,695,1398,996,525
"2024-06-06",4,19924,22278,18490,1099,6562,0,17193,0,126,2053,2005,992,-871,-351,-506,696,1398,996,537
"2024-06-06",5,19755,22203,18310,1079,6562,0,17193,0,131,1964,2004,992,-938,-351,-528,913,1398,996,241
"2024-06-06",6,19343,21790,17869,1058,6562,0,17193,0,131,1844,2004,991,-937,-351,-528,919,1398,996,215
"2024-06-06",7,18853,21349,17344,1049,6562,0,17193,0,131,1749,2006,992,-986,-351,-528,549,1398,996,15
"2024-06-06",8,18802,21280,17303,1040,6562,0,17193,0,139,1566,2006,992,-987,-351,-501,533,1398,996,2
"2024-06-06",9,18715,20978,17301,1038,6562,0,17193,0,96,1736,2006,991,-953,-343,-371,159,1398,996,103
"2024-06-06",10,18529,20780,17074,1036,6562,0,17193,0,78,1621,2006,992,-952,-351,-370,142,1399,996,103
"2024-06-06",11,18783,21212,17315,1013,6562,33,17193,0,15,1491,2007,992,-896,-351,-236,-299,1399,997,-132
"2024-06-06",12,19524,21966,18009,990,6562,254,17193,0,11,1542,2008,992,-894,-351,-240,-310,1399,997,-136
"2024-06-06",13,21129,22973,19441,1016,6562,607,17193,0,10,1543,2007,991,-747,-351,-236,273,1398,997,326
"2024-06-06",14,22244,24123,20427,1041,6562,1158,17193,0,10,1373,2006,992,-674,-324,-371,311,1398,997,371
"2024-06-06",15,24315,25761,22280,1103,6562,1906,17193,0,13,1056,2003,991,793,-426,-507,965,1399,997,802
"2024-06-06",16,24847,26339,22670,1165,6562,2796,17193,0,10,1154,2003,992,1002,-452,-530,999,1398,997,847
"2024-06-06",17,25154,26645,22871,1253,6562,3846,17193,0,9,1245,2003,992,1003,-452,-530,999,1398,997,1384
"2024-06-06",18,24781,26272,22549,1340,6562,5207,17193,0,9,1555,2003,992,1003,-452,-530,999,1398,996,1420
"2024-06-06",19,24449,25940,22229,1426,6562,6055,17193,0,9,1717,2004,992,1002,-452,-530,1018,1397,996,1420
"2024-06-06",20,23846,25336,21753,1512,6562,6645,17193,0,9,1508,2003,992,1002,-452,-529,1019,1398,997,1420
"2024-06-06",21,23312,24802,21289,1589,6562,6471,17193,0,9,1534,2003,992,1003,-452,-529,1019,1398,996,1420
"2024-06-06",22,23174,24663,21206,1666,6562,7138,17193,0,8,1779,2003,992,1003,-452,-529,1019,1397,996,1405
"2024-06-06",23,23009,24372,21045,1722,6562,7468,17193,0,9,2317,2003,992,1003,-383,-471,1019,1397,996,834
"2024-06-06",24,23115,24333,21195,1777,6562,7913,17193,0,9,2606,2003,992,1003,-234,-475,1019,1397,996,794
"2024-06-06",25,23228,24329,21366,1842,6562,7671,17193,0,8,2693,2003,992,1003,-248,-345,1019,1397,996,794
"2024-06-06",26,23116,24271,21135,1906,6562,7991,17193,0,7,2643,2003,992,1003,-282,-366,1019,1397,996,800
"2024-06-06",27,22689,23968,20839,1981,6562,8205,17193,0,9,2738,2003,992,1003,-292,-478,1019,1397,996,1014
"2024-06-06",28,22243,23507,20463,2055,6562,8542,17193,0,9,2893,2004,992,1003,-288,-467,1019,1397,996,1029
"2024-06-06",29,21843,23202,20171,2097,6562,8265,17193,0,9,2828,2004,992,1002,-323,-527,1000,1397,996,1043
"2024-06-06",30,21473,22914,19844,2138,6562,7784,17193,0,9,2760,2004,992,1003,-405,-527,999,1397,996,1037
"2024-06-06",31,21574,22977,19940,2158,6562,7839,17193,0,9,2793,2004,992,922,-366,-528,904,1398,996,804
"2024-06-06",32,22144,23535,20478,2178,6562,7189,17193,0,12,2818,2002,989,905,-352,-527,900,1397,996,781
"2024-06-06",33,22638,23943,20893,2171,6562,6242,17193,0,18,2915,1929,908,559,-337,-450,834,1397,997,527
"2024-06-06",34,23637,24913,21857,2163,6562,5429,17193,0,16,2794,1924,901,528,-352,-408,831,1397,997,499
"2024-06-06",35,24776,25954,22812,2095,6562,4802,17193,0,15,2601,1870,859,3,-391,-272,897,1397,996,97
"2024-06-06",36,25585,26871,23565,2027,6562,4082,17193,0,17,2319,1870,859,0,-450,-319,893,1397,996,45
"2024-06-06",37,26417,29056,24367,1930,6562,3207,17193,0,9,2783,1999,983,-521,-412,-356,340,1397,996,-841
"2024-06-06",38,27035,29879,24984,1832,6562,2362,17193,0,7,2398,2006,992,-604,-439,-387,279,1397,996,-907
"2024-06-06",39,27035,31080,24967,1645,6562,1659,17193,0,1,2256,2007,992,-971,-451,-298,-744,1397,996,-1080
"2024-06-06",40,26786,31064,24673,1457,6562,924,17193,0,1,1873,2008,992,-1014,-451,-407,-817,1397,996,-1088
"2024-06-06",41,26911,30732,24727,1308,6562,508,17193,0,1,1980,2008,992,-734,-452,-521,-711,1398,997,-902
"2024-06-06",42,27107,30864,24879,1158,6562,165,17193,0,1,2045,2008,992,-707,-451,-528,-697,1398,997,-873
"2024-06-06",43,27178,29706,24967,1131,6562,7,17193,0,1,1917,2006,992,-699,-451,-527,-34,1398,996,-316
"2024-06-06",44,26589,29065,24511,1103,6562,0,17193,0,1,1770,2007,992,-700,-451,-529,-1,1399,997,-294
"2024-06-06",45,25512,29119,23491,1116,6562,0,17193,0,1,1664,2007,992,-883,-451,-527,-346,1399,996,-899
"2024-06-06",46,24354,28011,22417,1128,6562,0,17193,0,9,1673,2002,991,-885,-451,-528,-351,1399,997,-933
"2024-06-06",47,22853,25906,21069,1141,6562,0,17193,0,11,1756,1816,983,-870,-451,-528,244,1398,996,-693
"2024-06-06",48,21775,24748,20084,1153,6562,0,17193,0,12,2038,1808,983,-870,-386,-528,274,1399,996,-677
"2024-06-07",1,20987,23896,19381,1141,6562,0,17193,0,13,2138,1992,991,-826,-318,-528,342,1399,996,-724
"2024-06-07",2,20231,23139,18702,1129,6562,0,17193,0,44,2155,2006,992,-825,-276,-529,344,1399,996,-734
"2024-06-07",3,19791,22952,18303,1173,6562,0,17193,0,9,2373,2005,992,-911,-249,-529,486,1399,996,-963
"2024-06-07",4,19448,22608,17985,1217,6562,0,17193,0,9,2423,2004,991,-912,-228,-529,491,1398,995,-982
"2024-06-07",5,19422,22760,17978,1254,6562,0,17193,0,5,2514,2004,992,-1012,-207,-529,337,1398,995,-1085
"2024-06-07",6,18983,22309,17592,1290,6562,0,17193,0,5,2504,2005,992,-1013,-187,-529,331,1398,995,-1092
"2024-06-07",7,18660,22015,17314,1336,6562,0,17193,0,62,2599,2006,991,-1014,-157,-530,62,1398,995,-1092
"2024-06-07",8,18452,21769,17120,1381,6562,0,17193,0,62,2676,2006,991,-1015,-120,-528,52,1398,995,-1092
"2024-06-07",9,18476,21717,17085,1404,6562,0,17193,0,63,2946,1994,981,-1014,-40,-441,-91,1397,995,-1092
"2024-06-07",10,18396,21533,17083,1427,6562,0,17193,0,67,3116,1994,981,-1014,0,-366,-98,1397,996,-1092
"2024-06-07",11,18705,22054,17403,1450,6562,83,17193,0,15,3200,2006,991,-1014,0,-223,-505,1397,996,-1092
"2024-06-07",12,19163,22459,17869,1473,6562,385,17193,0,16,3321,2007,991,-1014,0,-166,-508,1398,996,-1092
"2024-06-07",13,20658,23409,19236,1548,6562,834,17193,0,144,3440,2006,992,-967,0,-48,201,1398,996,-1092
"2024-06-07",14,21854,24547,20337,1623,6562,1403,17193,0,16,3383,2005,992,-959,0,-146,252,1398,996,-1072
"2024-06-07",15,23634,25313,21863,1770,6562,2270,17193,0,15,3151,2003,992,-455,-67,-297,960,1398,996,-345
"2024-06-07",16,24133,25994,22309,1916,6562,3120,17193,0,11,3382,1997,992,-414,-218,-448,999,1397,996,-270
"2024-06-07",17,24276,25595,22348,2091,6562,4180,17193,0,8,3163,1353,992,762,-281,-530,999,1397,997,606
"2024-06-07",18,23702,25072,21757,2266,6562,5027,17193,0,12,3333,1254,990,953,-328,-530,999,1397,997,668
"2024-06-07",19,23296,24696,21278,2431,6562,5840,17193,0,7,3289,1254,922,745,-363,-530,926,1397,997,715
"2024-06-07",20,22860,24303,20865,2595,6562,6472,17193,0,11,3486,1254,919,745,-401,-531,923,1397,997,729
"2024-06-07",21,22776,24219,20790,2675,6562,7042,17193,0,12,3363,1254,987,1001,-401,-530,1016,1397,997,1133
"2024-06-07",22,22886,24436,20982,2754,6562,7163,17193,0,112,3738,1272,991,1003,-407,-531,1019,1397,996,1163
"2024-06-07",23,23090,25112,21176,2855,6562,7320,17193,0,541,3727,1960,992,1003,-451,-530,1019,1397,996,1255
"2024-06-07",24,22774,24854,20960,2956,6562,7201,17193,0,600,3091,2003,992,1002,-451,-529,1019,1397,996,1254
"2024-06-07",25,22590,24598,20865,3054,6562,6736,17193,0,527,3326,2003,989,962,-451,-530,830,1397,996,966
"2024-06-07",26,22234,24354,20581,3152,6562,6707,17193,0,639,3381,2004,989,962,-451,-530,823,1368,996,942
"2024-06-07",27,21884,24015,20281,3236,6562,7425,17193,0,651,3440,2003,991,908,-451,-529,704,994,996,808
"2024-06-07",28,21278,23468,19797,3320,6562,7352,17193,0,710,3004,2004,991,906,-451,-529,699,923,997,799
"2024-06-07",29,21186,23373,19755,3365,6562,6878,17193,0,708,3067,2006,946,713,-451,-528,569,610,997,765
"2024-06-07",30,20783,22970,19368,3409,6562,7150,17193,0,707,2788,1999,941,648,-451,-529,563,567,996,759
"2024-06-07",31,20366,22829,18961,3404,6562,6404,17193,0,617,3163,1689,878,-367,-451,-528,188,507,997,633
"2024-06-07",32,20780,23214,19391,3399,6562,5739,17193,0,541,3236,1679,875,-414,-451,-528,170,529,997,588
"2024-06-07",33,21376,23955,19920,3367,6562,4892,17193,0,40,3629,1889,923,-468,-412,-528,-234,902,997,-397
"2024-06-07",34,22274,24916,20800,3335,6562,4467,17193,0,13,4064,1897,925,-474,-400,-528,-247,977,997,-480
"2024-06-07",35,22999,25880,21498,3253,6562,4114,17193,0,11,4115,1678,865,-673,-401,-528,233,1351,998,-768
"2024-06-07",36,23623,26522,22074,3171,6562,3490,17193,0,9,4139,1670,864,-673,-400,-528,254,1397,997,-789
"2024-06-07",37,24751,27849,23248,3007,6562,2590,17193,0,8,4082,1892,984,-808,-401,-528,419,1397,997,-853
"2024-06-07",38,25598,28709,23994,2843,6562,1834,17193,0,2,3690,1912,992,-817,-401,-528,423,1397,997,-863
"2024-06-07",39,25500,28927,23853,2630,6562,1191,17193,0,1,3539,2000,992,-949,-401,-506,45,1397,997,-1070
"2024-06-07",40,25585,29048,23942,2417,6562,732,17193,0,1,3339,2006,992,-950,-401,-527,31,1397,997,-1084
"2024-06-07",41,25692,29226,24109,2253,6562,386,17193,0,1,3314,2004,992,-1014,-401,-527,426,1397,996,-1091
"2024-06-07",42,25425,28958,23904,2088,6562,108,17193,0,1,3614,2000,992,-1015,-401,-527,441,1397,997,-1089
"2024-06-07",43,24734,28144,23285,2039,6562,4,17193,0,0,3406,1891,992,-985,-401,-528,73,1397,997,-996
"2024-06-07",44,24270,27676,22844,1989,6562,0,17193,0,3,3264,1882,990,-983,-401,-527,58,1397,997,-992
"2024-06-07",45,23262,26938,21857,1998,6562,0,17193,0,10,3328,1834,946,-980,-365,-527,-217,1397,978,-1077
"2024-06-07",46,22469,26085,21119,2007,6562,0,17193,0,15,3512,1835,945,-980,-288,-526,-228,1397,978,-1079
"2024-06-07",47,21430,25099,20159,2019,6562,0,17193,0,16,3512,1997,989,-1016,-248,-527,-502,1398,995,-860
"2024-06-07",48,20485,24153,19361,2031,6562,0,17193,0,17,3609,2001,988,-1014,-248,-527,-515,1398,997,-847
"2024-06-08",1,19697,23892,18607,2085,6562,0,17193,0,13,3504,1693,845,-1015,-248,-527,-956,1397,997,-936
"2024-06-08",2,18919,23128,17891,2138,6562,0,17193,0,15,3389,1657,835,-1014,-248,-527,-974,1376,997,-931
"2024-06-08",3,18411,22237,17493,2127,6562,0,17193,0,12,3561,1078,831,-1014,-248,-527,-1019,1111,998,-506
"2024-06-08",4,18368,22176,17498,2116,6562,0,17193,0,18,3534,1046,834,-1015,-248,-527,-1021,1050,998,-479
"2024-06-08",5,18019,21946,17141,2090,6562,0,17193,0,18,3470,1380,955,-1014,-248,-527,-1021,697,998,-599
"2024-06-08",6,17564,21496,16660,2064,6562,0,17193,0,18,3155,1408,964,-1015,-248,-527,-1021,624,998,-603
"2024-06-08",7,17096,20848,16156,2045,6562,0,17193,0,18,2992,1721,990,-1014,-248,-527,-1021,257,997,-424
"2024-06-08",8,16920,20655,15926,2025,6562,0,17193,0,18,2936,1740,992,-1015,-248,-526,-1021,215,997,-407
"2024-06-08",9,16835,20404,15841,1962,6562,0,17193,0,18,2880,1692,992,-1015,-248,-527,-1021,258,997,-240
"2024-06-08",10,16489,20115,15490,1899,6562,0,17193,0,92,2890,1690,988,-1015,-248,-527,-1021,261,997,-223
"2024-06-08",11,16557,19916,15510,1893,6562,52,17193,0,30,2938,1666,858,-1015,-248,-527,-1021,227,997,-18
"2024-06-08",12,16756,20088,15679,1886,6562,269,17193,0,41,2885,1669,852,-1017,-248,-526,-1000,215,998,1
"2024-06-08",13,17499,20050,16400,1957,6562,561,17193,0,139,2753,1827,983,-979,-248,-527,-158,111,997,163
"2024-06-08",14,17817,20104,16690,2027,6562,1057,17193,0,16,2817,1839,991,-856,-281,-527,-107,78,997,190
"2024-06-08",15,18981,20560,17752,2112,6562,1613,17193,0,19,2696,1991,991,-3,-358,-527,200,-172,997,701
"2024-06-08",16,19433,21078,18234,2196,6562,2235,17193,0,17,2984,2000,990,0,-424,-527,220,-177,996,737
"2024-06-08",17,20481,21972,19264,2330,6562,2869,17193,0,14,2748,1981,946,629,-451,-526,835,143,960,790
"2024-06-08",18,20537,22031,19262,2463,6562,3405,17193,0,15,2556,1981,944,760,-452,-527,866,212,959,795
"2024-06-08",19,21061,22921,19851,2597,6562,4323,17193,0,378,2523,2002,989,1002,-452,-530,1014,586,993,795
"2024-06-08",20,21121,23326,19863,2731,6562,4582,17193,0,723,2862,2000,989,1003,-452,-530,1019,611,996,790
"2024-06-08",21,21032,23106,19772,2839,6562,4967,17193,0,592,3486,1910,908,1003,-452,-530,971,354,973,596
"2024-06-08",22,20846,23141,19591,2946,6562,5534,17193,0,816,3489,1894,899,1002,-451,-528,969,298,963,578
"2024-06-08",23,20171,22361,18999,3057,6562,6192,17193,0,705,3174,1666,792,955,-452,-528,970,-5,675,393
"2024-06-08",24,19778,22328,18644,3167,6562,6744,17193,0,1009,3228,1641,788,952,-452,-528,970,-61,665,380
"2024-06-08",25,19129,21788,17990,3272,6562,7798,17193,0,889,3212,1443,928,703,-451,-528,826,-291,977,364
"2024-06-08",26,18531,21103,17439,3376,6562,8241,17193,0,771,3244,1415,917,693,-452,-528,822,-321,997,352
"2024-06-08",27,17765,20605,16709,3445,6562,8202,17193,0,1001,3428,885,145,741,-451,-529,883,-347,997,-12
"2024-06-08",28,16976,19685,15910,3514,6562,8023,17193,0,831,3250,847,93,743,-452,-528,885,-354,998,-44
"2024-06-08",29,16353,19269,15344,3561,6562,8332,17193,0,794,3451,589,135,616,-451,-528,717,-399,998,-244
"2024-06-08",30,15973,18877,15021,3607,6562,8182,17193,0,789,3231,555,143,611,-452,-527,711,-375,998,-261
"2024-06-08",31,15553,18200,14582,3625,6562,8086,17193,0,621,3409,-155,330,359,-452,-527,511,2,999,-392
"2024-06-08",32,15420,17634,14401,3642,6562,7656,17193,0,139,3220,-211,342,342,-452,-527,503,80,997,-385
"2024-06-08",33,16137,17940,15101,3623,6562,7059,17193,0,325,3554,227,317,133,-451,-527,607,453,911,217
"2024-06-08",34,16996,18484,15863,3604,6562,6359,17193,0,10,3515,364,333,132,-451,-527,611,529,907,265
"2024-06-08",35,18728,20911,17482,3544,6562,5377,17193,0,14,3434,1846,949,-690,-452,-527,869,902,991,506
"2024-06-08",36,19775,22042,18457,3484,6562,4597,17193,0,11,3199,2005,992,-841,-389,-526,879,978,996,538
"2024-06-08",37,21117,23198,19695,3333,6562,3685,17193,0,13,3358,2003,992,-811,-317,-440,995,1351,996,1077
"2024-06-08",38,21737,23698,20300,3182,6562,2788,17193,0,10,3101,2004,991,-811,-209,-431,999,1397,996,1117
"2024-06-08",39,22291,24361,20866,2898,6562,1990,17193,0,3,3125,2004,992,-989,-199,-379,717,1398,996,1244
"2024-06-08",40,22823,24887,21456,2613,6562,1269,17193,0,4,3289,2004,992,-991,-200,-369,706,1398,996,1253
"2024-06-08",41,23193,24884,21849,2411,6562,627,17193,0,4,3071,2006,992,-684,-203,-300,464,1398,996,1253
"2024-06-08",42,23130,24806,21792,2208,6562,181,17193,0,6,3169,2006,991,-651,-234,-285,455,1398,997,1257
"2024-06-08",43,22977,24653,21701,2155,6562,11,17193,0,6,3282,2005,992,-579,-271,-320,611,1398,997,1261
"2024-06-08",44,22941,24676,21688,2102,6562,0,17193,0,6,3274,2005,991,-575,-283,-371,615,1398,997,1261
"2024-06-08",45,22549,24559,21317,2118,6562,0,17193,0,6,3228,1986,978,-653,-346,-505,268,1398,996,1261
"2024-06-08",46,21737,23818,20567,2133,6562,0,17193,0,9,3135,1975,974,-666,-379,-527,250,1368,997,1251
"2024-06-08",47,20185,22810,19115,2137,6562,0,17193,0,15,3124,1499,881,-1006,-334,-522,-248,995,997,914
"2024-06-08",48,19363,22036,18397,2141,6562,0,17193,0,99,2954,1462,869,-1009,-256,-526,-283,919,997,868
"2024-06-09",1,18473,21921,17537,2168,6562,0,17193,0,167,3356,1012,644,-1015,-256,-527,-983,545,998,55
"2024-06-09",2,18092,21770,17216,2195,6562,0,17193,0,359,3380,976,625,-1015,-256,-527,-1021,470,994,0
"2024-06-09",3,17674,21243,16836,2202,6562,0,17193,0,383,3393,610,490,-1015,-256,-527,-888,96,851,72
"2024-06-09",4,17599,21383,16817,2209,6562,0,17193,0,602,3781,569,481,-1015,-256,-527,-884,20,846,90
"2024-06-09",5,17129,21407,16358,2203,6562,0,17193,0,715,3643,-75,491,-1014,-256,-527,-833,-358,980,503
"2024-06-09",6,16579,21130,15841,2196,6562,0,17193,0,886,3495,-121,490,-1014,-256,-527,-832,-415,988,528
"2024-06-09",7,16210,20845,15498,2201,6562,0,17193,0,875,3513,-22,427,-1015,-256,-527,-894,-546,997,418
"2024-06-09",8,15977,20373,15228,2206,6562,0,17193,0,647,3351,9,420,-1015,-256,-527,-896,-555,990,410
"2024-06-09",9,15827,20540,15048,2176,6562,0,17193,0,990,3482,713,319,-1015,-256,-527,-958,-467,726,396
"2024-06-09",10,15384,20075,14581,2146,6562,0,17193,0,986,3202,777,310,-1016,-256,-528,-960,-445,707,389
"2024-06-09",11,15349,19650,14459,2157,6562,87,17193,0,827,3232,511,214,-1013,-256,-528,-872,-305,626,277
"2024-06-09",12,15338,19693,14379,2168,6562,423,17193,0,915,3001,505,209,-1014,-256,-527,-869,-274,616,283
"2024-06-09",13,15718,19439,14743,2270,6562,944,17193,0,991,2621,831,252,-644,-257,-527,-699,-103,453,813
"2024-06-09",14,15302,18731,14340,2372,6562,1623,17193,0,858,2713,844,259,-561,-257,-527,-675,-51,436,831
"2024-06-09",15,15587,17825,14557,2504,6562,2436,17193,0,954,2436,514,395,366,-257,-527,134,318,215,165
"2024-06-09",16,15454,17734,14370,2635,6562,3182,17193,0,977,2144,506,396,399,-276,-527,184,367,207,126
"2024-06-09",17,15888,18250,14747,2735,6562,4198,17193,0,966,1967,897,107,105,-369,-527,561,405,399,403
"2024-06-09",18,15945,18288,14661,2835,6562,4787,17193,0,866,1747,941,103,105,-450,-527,578,439,411,409
"2024-06-09",19,16675,19097,15275,2901,6562,5384,17193,0,850,1431,1595,698,122,-450,-527,916,811,398,-95
"2024-06-09",20,17288,19496,15866,2967,6562,5892,17193,0,606,1454,1631,735,123,-450,-527,929,887,405,-125
"2024-06-09",21,18264,20192,16654,2907,6562,6038,17193,0,451,1367,1460,659,487,-450,-527,1016,1261,687,79
"2024-06-09",22,18605,20971,17029,2847,6562,5686,17193,0,888,1586,1451,654,530,-450,-528,1019,1313,702,99
"2024-06-09",23,19333,21506,17675,2816,6562,5479,17193,0,696,1620,1539,661,919,-450,-527,1019,1388,614,266
"2024-06-09",24,19707,21793,18131,2785,6562,5576,17193,0,608,1748,1528,668,969,-450,-528,1019,1397,619,286
"2024-06-09",25,20022,21880,18367,2769,6562,5856,17193,0,381,1511,851,903,735,-450,-527,1019,1397,974,606
"2024-06-09",26,20006,21897,18405,2753,6562,5941,17193,0,414,1734,824,921,726,-450,-527,1019,1397,996,615
"2024-06-09",27,19873,21929,18284,2729,6562,6045,17193,0,579,1940,1481,965,901,-450,-527,1019,1397,996,116
"2024-06-09",28,19794,21674,18201,2704,6562,5971,17193,0,403,1885,1531,968,904,-450,-527,1019,1398,996,75
"2024-06-09",29,19952,21786,18275,2663,6562,5656,17193,0,191,1832,1868,968,664,-450,-527,1000,1398,995,-166
"2024-06-09",30,19719,21408,18025,2621,6562,5690,17193,0,26,1760,1889,968,654,-451,-527,999,1398,995,-185
"2024-06-09",31,19916,21666,18139,2541,6562,4999,17193,0,10,1612,1880,990,1001,-452,-527,999,1398,995,-261
"2024-06-09",32,20488,22201,18724,2460,6562,4688,17193,0,5,1840,1876,992,1003,-451,-526,999,1398,995,-231
"2024-06-09",33,21407,22901,19578,2360,6562,4515,17193,0,15,1702,1714,992,905,-452,-527,999,1398,996,719
"2024-06-09",34,22217,23701,20318,2260,6562,3494,17193,0,5,1407,1707,992,904,-452,-527,999,1398,996,810
"2024-06-09",35,23564,25055,21511,2157,6562,3036,17193,0,12,1500,1797,992,997,-452,-527,999,1398,995,1382
"2024-06-09",36,24349,25840,22252,2054,6562,2554,17193,0,12,1531,1808,992,1004,-452,-527,999,1398,995,1421
"2024-06-09",37,25162,26649,23006,1932,6562,1848,17193,0,8,1671,1991,992,1003,-452,-527,809,1398,995,1421
"2024-06-09",38,25666,27154,23477,1809,6562,1395,17193,0,9,1743,2003,992,1003,-452,-527,803,1398,996,1421
"2024-06-09",39,25910,27397,23754,1666,6562,907,17193,0,8,1669,2003,991,956,-451,-528,662,1398,996,1421
"2024-06-09",40,25719,27206,23635,1523,6562,547,17193,0,8,1412,2003,991,941,-451,-528,656,1399,996,1420
"2024-06-09",41,25060,26504,23062,1418,6562,268,17193,0,7,1661,2004,992,240,-428,-509,258,1399,996,1381
"2024-06-09",42,25046,26454,23031,1313,6562,68,17193,0,8,1921,2004,992,198,-371,-529,241,1399,996,1374
"2024-06-09",43,24821,26109,22731,1267,6562,3,17193,0,12,2077,2005,992,198,-285,-491,163,1398,996,1243
"2024-06-09",44,24561,25812,22517,1221,6562,0,17193,0,13,2215,2004,991,200,-210,-528,169,1398,996,1234
"2024-06-09",45,24132,25469,22098,1227,6562,0,17193,0,15,2047,2003,992,393,-293,-529,793,1398,996,1274
"2024-06-09",46,22688,24026,20752,1233,6562,0,17193,0,15,2131,2003,992,396,-295,-528,824,1398,996,1281
"2024-06-09",47,21189,22393,19429,1279,6562,0,17193,0,16,1806,2003,992,337,-227,-461,840,1398,996,1410
"2024-06-09",48,20553,21863,18787,1325,6562,0,17193,0,314,1798,2002,992,326,-185,-311,836,1399,996,1415
"2024-06-10",1,19647,20849,17993,1416,6562,0,17193,0,277,1596,1922,992,3,-267,-158,315,1399,996,1281
"2024-06-10",2,19163,20341,17515,1506,6562,0,17193,0,307,1562,1917,992,0,-308,-63,289,1398,997,1268
"2024-06-10",3,18508,19972,16965,1570,6562,0,17193,0,404,1458,1897,992,0,-308,-139,-113,1398,997,1126
"2024-06-10",4,18352,20138,16829,1633,6562,0,17193,0,697,1424,1897,992,0,-308,-151,-130,1399,997,1112
"2024-06-10",5,17919,20024,16471,1690,6562,0,17193,0,964,1169,1923,992,0,-308,-265,-68,1399,997,955
"2024-06-10",6,17884,20015,16466,1747,6562,0,17193,0,972,1174,1922,992,0,-308,-295,-56,1398,997,896
"2024-06-10",7,17406,19689,16027,1846,6562,0,17193,0,967,875,1792,992,0,-308,-358,559,1398,997,-150
"2024-06-10",8,17048,19425,15659,1944,6562,0,17193,0,960,686,1783,990,0,-308,-366,590,1399,996,-243
"2024-06-10",9,16756,19169,15391,1971,6562,0,17193,0,944,942,1650,952,0,-308,-418,338,1399,997,-243
"2024-06-10",10,16746,19278,15401,1997,6562,0,17193,0,953,863,1638,948,0,-308,-522,316,1399,996,-249
"2024-06-10",11,16924,20683,15568,2019,6562,13,17193,0,768,1092,1472,885,-804,-308,-528,-383,1399,996,-468
"2024-06-10",12,17656,21801,16234,2041,6562,130,17193,0,937,1189,1462,879,-1014,-308,-503,-420,1399,996,-463
"2024-06-10",13,19867,22715,18257,2145,6562,328,17193,0,336,1181,1510,826,-1014,-277,-379,-342,1398,996,250
"2024-06-10",14,21759,24346,19919,2248,6562,864,17193,0,69,1508,1522,827,-1015,-295,-372,-336,1397,997,333
"2024-06-10",15,23697,26157,21613,2395,6562,1569,17193,0,8,1691,1978,981,-1015,-429,-508,123,1397,996,1278
"2024-06-10",16,24549,27056,22341,2542,6562,2312,17193,0,10,1557,2002,966,-1015,-451,-531,146,1397,996,1353
"2024-06-10",17,24727,27229,22448,2637,6562,3017,17193,0,7,1598,1864,60,-1013,-451,-531,555,1397,996,1417
"2024-06-10",18,24562,27068,22255,2731,6562,3743,17193,0,10,1568,1856,-2,-1012,-451,-531,572,1397,996,1421
"2024-06-10",19,24586,26969,22355,2814,6562,4692,17193,0,8,1304,1850,-1,-892,-451,-531,673,1397,996,1421
"2024-06-10",20,24487,26852,22253,2897,6562,4978,17193,0,5,1271,1845,-1,-877,-451,-531,676,1397,992,1417
"2024-06-10",21,23808,25913,21643,2891,6562,5796,17193,0,8,1235,1663,-1,-640,-451,-505,557,1397,842,1226
"2024-06-10",22,23543,25654,21351,2884,6562,6950,17193,0,8,1169,1652,-1,-630,-451,-521,554,1397,836,1209
"2024-06-10",23,23117,24735,20928,2872,6562,6572,17193,0,9,854,1720,-1,-127,-451,-530,886,1397,947,1052
"2024-06-10",24,22908,24517,20815,2860,6562,7282,17193,0,13,920,1725,-1,-114,-451,-530,898,1397,955,1038
"2024-06-10",25,22778,24917,20720,2868,6562,7678,17193,0,8,1133,1799,-1,-648,-451,-531,1015,1397,994,941
"2024-06-10",26,22265,24450,20268,2876,6562,7732,17193,0,8,1294,1803,-1,-695,-451,-530,1019,1397,996,932
"2024-06-10",27,22063,24010,20092,2909,6562,7811,17193,0,8,1505,1719,-1,-457,-451,-530,915,1397,997,869
"2024-06-10",28,21702,23619,19665,2942,6562,8404,17193,0,8,1442,1713,-1,-427,-451,-530,911,1397,997,846
"2024-06-10",29,21606,23202,19694,2965,6562,8277,17193,0,8,1869,1753,-1,-106,-451,-530,901,1397,996,178
"2024-06-10",30,21576,23173,19688,2988,6562,7242,17193,0,8,1897,1745,-1,-107,-451,-530,901,1397,997,139
"2024-06-10",31,21393,23713,19527,2967,6562,7024,17193,0,8,1896,1514,-1,-830,-451,-530,853,1397,997,395
"2024-06-10",32,22057,24448,20174,2945,6562,6435,17193,0,6,1869,1500,-1,-903,-451,-530,851,1397,997,405
"2024-06-10",33,22769,24541,20764,2936,6562,5670,17193,0,8,1796,1788,-1,-281,-451,-531,947,1397,996,103
"2024-06-10",34,23752,25487,21710,2927,6562,5358,17193,0,7,2253,1804,-1,-246,-451,-530,950,1397,996,94
"2024-06-10",35,25309,26912,23180,2835,6562,4863,17193,0,4,2692,1804,-1,-119,-451,-528,903,1397,997,583
"2024-06-10",36,26247,27851,24056,2742,6562,4039,17193,0,12,2758,1807,-2,-111,-451,-528,902,1397,996,598
"2024-06-10",37,26498,28813,24375,2624,6562,3280,17193,0,10,2820,1947,-1,-694,-451,-527,854,1397,996,-132
"2024-06-10",38,26678,29088,24598,2506,6562,2473,17193,0,9,2614,1955,-1,-756,-451,-516,852,1397,996,-177
"2024-06-10",39,27498,29452,25394,2327,6562,1655,17193,0,6,2591,2001,-1,-498,-428,-521,899,1397,996,78
"2024-06-10",40,27536,29495,25475,2148,6562,1090,17193,0,6,2394,2004,-1,-474,-451,-527,901,1397,996,134
"2024-06-10",41,27677,29664,25628,2005,6562,530,17193,0,10,2221,2003,-2,-495,-452,-528,901,1397,996,1166
"2024-06-10",42,27454,29418,25321,1861,6562,163,17193,0,12,2260,1985,-2,-471,-452,-527,901,1397,997,1249
"2024-06-10",43,27097,28585,24980,1783,6562,12,17193,0,9,2413,1276,-1,327,-451,-527,692,1397,997,1335
"2024-06-10",44,26459,27947,24450,1704,6562,0,17193,0,8,2352,1218,-1,366,-452,-527,685,1398,998,1343
"2024-06-10",45,25647,27139,23679,1673,6562,0,17193,0,10,2393,716,-2,566,-452,-528,987,1397,998,1416
"2024-06-10",46,24721,26217,22768,1642,6562,0,17193,0,16,2102,706,-1,539,-451,-528,995,1397,998,1400
"2024-06-10",47,23146,24638,21287,1621,6562,0,17193,0,12,1773,1313,-1,3,-452,-527,524,1397,997,614
"2024-06-10",48,21863,23352,20183,1600,6562,0,17193,0,9,1829,1352,-1,0,-452,-527,503,1398,997,558
"2024-06-11",1,20895,22594,19249,1536,6562,0,17193,0,282,1876,1071,-1,0,-389,-527,597,1397,997,511
"2024-06-11",2,20411,22087,18778,1471,6562,0,17193,0,297,1843,1070,-1,0,-351,-527,600,1398,997,510
"2024-06-11",3,20077,21850,18488,1472,6562,0,17193,0,394,1458,1476,-1,0,-351,-527,329,1398,997,645
"2024-06-11",4,19824,21771,18308,1472,6562,0,17193,0,567,1462,1511,-1,0,-351,-528,318,1398,998,655
"2024-06-11",5,19682,21881,18150,1476,6562,0,17193,0,818,1422,1789,-1,0,-351,-529,402,1398,997,667
"2024-06-11",6,19485,21754,17853,1479,6562,0,17193,0,887,1328,1806,-1,0,-351,-530,405,1398,997,659
"2024-06-11",7,19397,21586,17764,1495,6562,0,17193,0,808,1348,1900,-1,0,-351,-529,515,1398,997,295
"2024-06-11",8,19182,21447,17554,1510,6562,0,17193,0,883,1200,1896,-1,0,-351,-530,519,1398,997,277
"2024-06-11",9,18925,21195,17317,1489,6562,0,17193,0,889,1309,1539,-1,0,-351,-529,405,1398,997,583
"2024-06-11",10,18619,20823,17027,1468,6562,0,17193,0,823,1272,1526,-1,0,-351,-529,400,1397,997,591
"2024-06-11",11,18939,21436,17292,1449,6562,66,17193,0,342,1518,1885,-1,-773,-351,-530,15,1397,997,80
"2024-06-11",12,19696,22253,17983,1430,6562,370,17193,0,351,1451,1905,-1,-846,-351,-507,-1,1397,994,56
"2024-06-11",13,21498,23021,19606,1469,6562,843,17193,0,15,1388,1814,-1,338,-357,-378,-272,1397,886,487
"2024-06-11",14,23032,24535,21024,1507,6562,1589,17193,0,13,1171,1798,-1,386,-415,-340,-234,1397,882,539
"2024-06-11",15,25110,26563,22874,1552,6562,2211,17193,0,16,905,1433,-1,972,-451,-485,907,1397,990,1319
"2024-06-11",16,26056,27549,23635,1597,6562,3059,17193,0,13,922,1409,-1,1003,-451,-528,999,1397,997,1373
"2024-06-11",17,26094,27585,23667,1642,6562,3700,17193,0,9,959,1409,-1,1003,-452,-529,999,1397,997,1419
"2024-06-11",18,25772,27263,23359,1686,6562,4362,17193,0,9,921,1409,-1,1003,-452,-529,999,1397,997,1421
"2024-06-11",19,25425,26915,23035,1707,6562,5151,17193,0,8,553,1409,-1,1003,-452,-529,1018,1397,996,1361
"2024-06-11",20,24930,26420,22448,1728,6562,5986,17193,0,8,436,1410,-1,1004,-452,-529,1019,1397,996,1342
"2024-06-11",21,24950,26437,22481,1690,6562,6321,17193,0,5,410,1409,-1,1003,-452,-529,1019,1397,997,831
"2024-06-11",22,24844,26304,22368,1651,6562,5520,17193,0,9,286,1414,-1,1004,-451,-499,1017,1397,994,795
"2024-06-11",23,24908,26376,22449,1639,6562,6019,17193,0,3,332,1585,-1,1003,-451,-513,607,1397,906,795
"2024-06-11",24,24960,26449,22451,1626,6562,6490,17193,0,8,61,1607,-1,1003,-451,-529,582,1397,902,795
"2024-06-11",25,25022,26518,22487,1614,6562,7061,17193,0,8,296,1981,-1,1003,-451,-506,-30,1397,991,795
"2024-06-11",26,25188,26634,22597,1601,6562,6642,17193,0,8,406,1992,-1,1003,-451,-457,-29,1397,997,795
"2024-06-11",27,24887,26244,22331,1592,6562,6968,17193,0,8,261,1282,-1,1004,-451,-397,951,1397,998,795
"2024-06-11",28,24725,26031,22238,1582,6562,5784,17193,0,8,243,1219,-1,1004,-451,-346,997,1397,998,795
"2024-06-11",29,24695,26078,22306,1575,6562,5576,17193,0,6,326,1963,-1,1002,-451,-425,140,1397,997,795
"2024-06-11",30,24640,26036,22251,1567,6562,5003,17193,0,7,649,2008,-1,1002,-451,-437,86,1397,997,811
"2024-06-11",31,24933,26402,22565,1552,6562,4520,17193,0,7,694,2008,-1,1003,-451,-510,115,1397,997,1383
"2024-06-11",32,25718,27203,23273,1536,6562,3932,17193,0,7,734,1983,-1,1002,-451,-526,119,1397,997,1423
"2024-06-11",33,26229,27649,23791,1518,6562,3602,17193,0,7,720,1100,-1,1003,-451,-461,556,1397,999,1423
"2024-06-11",34,27052,28533,24530,1499,6562,3026,17193,0,7,907,1048,-1,1002,-451,-522,573,1397,998,1422
"2024-06-11",35,28173,29665,25598,1455,6562,2537,17193,0,13,1013,1328,-1,1003,-451,-527,195,1397,999,1423
"2024-06-11",36,28991,30486,26403,1411,6562,2310,17193,0,15,1325,1348,-1,993,-451,-528,181,1397,999,1423
"2024-06-11",37,29112,30598,26551,1343,6562,2077,17193,0,7,1288,1450,-1,353,-451,-527,448,1397,999,1423
"2024-06-11",38,29470,30959,26964,1274,6562,1584,17193,0,10,1216,1446,-1,309,-451,-527,459,1397,999,1421
"2024-06-11",39,29113,31358,26625,1165,6562,1076,17193,0,12,1533,1072,-1,-759,-451,-522,739,1397,999,1348
"2024-06-11",40,28850,31284,26420,1055,6562,665,17193,0,9,1674,1054,-1,-946,-451,-527,750,1397,1000,1343
"2024-06-11",41,29011,31411,26542,957,6562,362,17193,0,7,1506,1384,-1,-914,-451,-527,990,1397,999,1377
"2024-06-11",42,28578,30977,26105,859,6562,121,17193,0,8,1401,1405,-1,-911,-451,-528,999,1397,999,1375
"2024-06-11",43,28082,30413,25635,817,6562,11,17193,0,8,1118,1399,-1,-843,-451,-528,964,1398,999,1188
"2024-06-11",44,27600,29923,25255,774,6562,0,17193,0,5,1172,1403,-1,-838,-451,-528,963,1399,999,1181
"2024-06-11",45,26786,28828,24454,738,6562,0,17193,0,10,967,1571,-1,-552,-451,-528,998,1399,999,1407
"2024-06-11",46,25442,27439,23154,701,6562,0,17193,0,8,862,1594,-1,-510,-451,-527,968,1399,998,1423
"2024-06-11",47,24046,25525,21924,670,6562,0,17193,0,7,453,1981,-1,677,-451,-513,-7,1399,998,1418
"2024-06-11",48,22807,24260,20768,639,6562,0,17193,0,8,437,2008,-1,823,-451,-416,-77,1399,997,1415
"2024-06-12",1,22019,23554,20071,598,6562,0,17193,0,25,312,2007,-1,791,-426,-506,-77,1399,997,1375
"2024-06-12",2,21694,23286,19771,556,6562,0,17193,0,66,62,2008,-1,790,-421,-527,-77,1399,998,1372
"2024-06-12",3,21309,22963,19349,544,6562,0,17193,0,125,-46,2008,-1,778,-421,-529,-78,1399,998,1365
"2024-06-12",4,21104,22762,19197,531,6562,0,17193,0,129,-17,2008,-1,778,-421,-529,-78,1399,997,1361
"2024-06-12",5,20925,22581,19049,526,6562,0,17193,0,129,-20,2008,-1,619,-421,-529,-76,1399,998,1235
"2024-06-12",6,20617,22296,18686,520,6562,0,17193,0,153,-67,2008,-1,610,-421,-528,-76,1399,998,1225
"2024-06-12",7,20147,22165,18236,510,6562,0,17193,0,412,-151,2008,-1,284,-421,-530,-154,1399,998,1191
"2024-06-12",8,20043,22055,18159,499,6562,0,17193,0,406,-145,2009,-1,266,-422,-529,-154,1399,998,1194
"2024-06-12",9,19749,21904,17884,487,6562,0,17193,0,140,-54,2008,-1,-564,-421,-529,288,1399,998,1381
"2024-06-12",10,19650,21864,17817,475,6562,0,17193,0,120,-47,2008,-1,-665,-422,-506,307,1398,998,1372
"2024-06-12",11,19823,22031,17929,464,6562,18,17193,0,11,108,2007,-1,-897,-422,-377,574,1398,998,573
"2024-06-12",12,20417,22617,18492,452,6562,194,17193,0,12,215,2007,-1,-907,-422,-358,584,1398,998,519
"2024-06-12",13,22384,24181,20286,440,6562,516,17193,0,6,207,2006,-1,-587,-415,-288,679,1398,998,575
"2024-06-12",14,24090,25986,21814,428,6562,934,17193,0,7,-27,2006,-1,-521,-452,-415,682,1399,998,595
"2024-06-12",15,26476,27964,23981,419,6562,1448,17193,0,7,-364,2007,-1,-3,-452,-525,564,1398,998,1166
"2024-06-12",16,27036,28531,24414,410,6562,2071,17193,0,13,-391,1998,-1,0,-451,-530,554,1398,998,1210
"2024-06-12",17,27376,28865,24612,411,6562,2904,17193,0,6,-464,1776,-1,796,-452,-530,47,1398,999,1408
"2024-06-12",18,26729,28219,23976,412,6562,3799,17193,0,8,-587,1767,-1,1003,-452,-529,23,1397,999,1422
"2024-06-12",19,26700,28430,23947,424,6562,4788,17193,0,4,-473,1990,-1,1003,-451,-529,-245,1397,999,1415
"2024-06-12",20,26816,28560,24001,435,6562,5539,17193,0,7,-507,2009,-1,1003,-452,-529,-255,1398,999,1415
"2024-06-12",21,26418,28162,23638,453,6562,5603,17193,0,7,-804,2008,-1,1003,-452,-528,-256,1397,999,1418
"2024-06-12",22,26474,28218,23720,471,6562,5316,17193,0,7,-771,2009,-1,1003,-451,-529,-256,1397,999,1418
"2024-06-12",23,26649,28393,23957,493,6562,5069,17193,0,7,-709,2008,-1,1002,-451,-528,-257,1397,998,1418
"2024-06-12",24,26793,28538,24069,515,6562,5180,17193,0,7,-581,2006,-1,1003,-451,-528,-258,1397,999,1418
"2024-06-12",25,27085,28858,24386,538,6562,5404,17193,0,6,-256,1850,-1,1003,-451,-528,-287,1397,1000,1418
"2024-06-12",26,27000,28775,24293,561,6562,5694,17193,0,7,-338,1839,-1,1003,-451,-528,-288,1397,999,1418
"2024-06-12",27,26374,28166,23722,578,6562,6046,17193,0,7,-549,1810,-1,1003,-451,-528,-305,1397,998,1418
"2024-06-12",28,25837,27630,23196,595,6562,6591,17193,0,7,-577,1809,-1,1003,-451,-528,-306,1398,998,1418
"2024-06-12",29,25641,27452,23035,614,6562,6369,17193,0,7,-526,1810,-1,1003,-451,-528,-324,1398,998,1418
"2024-06-12",30,25452,27264,22837,632,6562,6213,17193,0,7,-426,1812,-1,1003,-451,-528,-325,1398,998,1418
"2024-06-12",31,25370,27180,22823,653,6562,6167,17193,0,7,-385,1903,-1,1003,-451,-527,-324,1398,997,1418
"2024-06-12",32,25531,27342,22963,674,6562,5645,17193,0,7,-339,1908,-1,1003,-451,-528,-324,1399,998,1418
"2024-06-12",33,25883,27625,23308,706,6562,5123,17193,0,7,-299,1842,-1,1002,-451,-527,-256,1399,998,1418
"2024-06-12",34,26602,28342,23922,737,6562,4525,17193,0,7,-180,1842,-1,1003,-451,-527,-254,1399,998,1418
"2024-06-12",35,27425,29284,24656,730,6562,4222,17193,0,7,-169,1999,-1,1004,-451,-527,-373,1399,998,1418
"2024-06-12",36,27938,29796,25166,723,6562,3611,17193,0,5,-140,2007,-1,992,-451,-526,-375,1399,998,1413
"2024-06-12",37,28156,29632,25414,695,6562,2954,17193,0,6,212,2007,-1,317,-451,-518,9,1399,997,1219
"2024-06-12",38,28231,29618,25597,666,6562,2225,17193,0,7,298,2007,-1,272,-433,-446,31,1399,997,1188
"2024-06-12",39,28782,30141,26160,619,6562,1624,17193,0,3,855,2005,-1,-228,-332,-295,623,1398,996,668
"2024-06-12",40,28481,29801,25907,571,6562,1085,17193,0,5,591,2006,-1,-249,-423,-142,647,1399,997,633
"2024-06-12",41,28185,29509,25667,523,6562,603,17193,0,6,461,2008,-1,-274,-451,-92,136,1398,998,690
"2024-06-12",42,28097,29372,25584,474,6562,206,17193,0,6,384,2008,-1,-274,-452,-42,113,1398,998,694
"2024-06-12",43,27897,29279,25349,469,6562,17,17193,0,6,183,2007,-1,-413,-451,-11,352,1399,998,661
"2024-06-12",44,27577,28954,25142,463,6562,0,17193,0,6,247,2007,-1,-418,-452,0,361,1399,998,661
"2024-06-12",45,26710,28016,24351,466,6562,0,17193,0,7,-15,2008,-1,-332,-452,-14,262,1399,998,782
"2024-06-12",46,25509,26852,23211,468,6562,0,17193,0,12,-158,2008,-1,-321,-452,-57,254,1399,998,783
"2024-06-12",47,23793,25161,21650,485,6562,0,17193,0,11,-5,2008,-1,221,-451,-150,-255,1399,997,516
"2024-06-12",48,22534,24049,20496,502,6562,0,17193,0,12,119,2008,-1,241,-452,-271,-279,1399,998,497
"2024-06-13",1,21682,23327,19726,547,6562,0,17193,0,12,-106,2009,-1,152,-452,-307,-373,1399,997,485
"2024-06-13",2,21165,22583,19251,591,6562,0,17193,0,10,-80,2008,-1,148,-383,-158,-366,1399,998,484
"2024-06-13",3,20654,21891,18793,613,6562,0,17193,0,7,-260,2007,-1,-405,-302,-22,283,1399,998,484
"2024-06-13",4,20452,21860,18636,635,6562,0,17193,0,9,-315,2007,-1,-596,-302,0,316,1399,998,484
"2024-06-13",5,20209,21928,18424,664,6562,0,17193,0,111,-269,2007,-1,-806,-301,0,316,1399,997,497
"2024-06-13",6,20032,21690,18231,693,6562,0,17193,0,125,-245,2007,-1,-808,-224,0,321,1399,998,493
"2024-06-13",7,19911,21365,18093,719,6562,0,17193,0,125,-197,2006,-1,-729,-99,0,808,1399,997,273
"2024-06-13",8,19700,21055,17871,745,6562,0,17193,0,126,-155,2006,-1,-726,-2,0,828,1399,997,240
"2024-06-13",9,19299,21199,17521,812,6562,0,17193,0,125,-3,2006,-1,-870,67,0,414,1399,997,-404
"2024-06-13",10,19117,21080,17367,879,6562,1,17193,0,125,194,2007,-1,-882,133,0,393,1399,997,-455
"2024-06-13",11,19202,21582,17430,919,6562,162,17193,0,30,444,2008,-1,-1010,277,68,-105,1399,998,-734
"2024-06-13",12,19745,22141,17901,959,6562,589,17193,0,12,527,2007,-1,-1014,392,72,-128,1393,997,-741
"2024-06-13",13,21485,23350,19495,1004,6562,1079,17193,0,12,712,2007,-1,-897,399,109,-132,1322,997,-323
"2024-06-13",14,22820,24525,20713,1048,6562,1638,17193,0,11,992,2008,-1,-792,400,102,-132,1319,997,-269
"2024-06-13",15,25055,25663,22732,1128,6562,2247,17193,0,12,740,2008,-1,758,400,82,-95,1389,998,633
"2024-06-13",16,25853,26460,23447,1208,6562,2973,17193,0,12,739,2008,-1,948,345,73,-94,1397,998,698
"2024-06-13",17,26151,26664,23631,1352,6562,3631,17193,0,12,597,2008,-1,1001,199,0,126,1397,998,787
"2024-06-13",18,25878,26387,23408,1495,6562,4312,17193,0,8,623,2008,-1,1003,89,0,133,1397,999,794
"2024-06-13",19,25759,26267,23339,1653,6562,4906,17193,0,7,892,2008,-1,1003,1,0,58,1397,998,794
"2024-06-13",20,25561,26131,23151,1810,6562,5595,17193,0,7,686,2008,-1,1002,-62,0,56,1397,998,794
"2024-06-13",21,25264,25941,22880,1967,6562,5979,17193,0,7,535,2008,-1,1003,-169,0,2,1397,999,794
"2024-06-13",22,25071,25805,22688,2123,6562,5978,17193,0,7,520,2008,-1,1003,-226,0,0,1397,999,794
"2024-06-13",23,25041,25804,22632,2285,6562,5683,17193,0,7,707,2008,-1,1003,-165,0,-90,1397,998,794
"2024-06-13",24,25284,25900,22953,2447,6562,5332,17193,0,7,1109,2005,-1,997,-15,0,-93,1397,998,794
"2024-06-13",25,25579,26263,23291,2624,6562,5316,17193,0,6,1612,1851,-1,432,41,0,-177,1397,998,794
"2024-06-13",26,25808,26491,23482,2800,6562,4327,17193,0,7,1751,1837,-1,408,94,0,-175,1397,998,794
"2024-06-13",27,26379,26887,24020,2917,6562,4147,17193,0,7,1928,1540,-1,973,165,0,351,1397,998,794
"2024-06-13",28,26332,26840,24040,3033,6562,3667,17193,0,7,2203,1522,-1,1002,36,12,374,1397,998,794
"2024-06-13",29,26381,27008,24148,3120,6562,3424,17193,0,7,2468,1538,-1,1003,-67,-52,191,1397,998,794
"2024-06-13",30,26335,27054,24123,3207,6562,3118,17193,0,7,2624,1532,-1,1003,-201,-10,184,1397,998,794
"2024-06-13",31,26541,27270,24350,3266,6562,2715,17193,0,7,2633,1143,-1,1002,-221,0,403,1397,999,794
"2024-06-13",32,27146,27875,24946,3324,6562,2355,17193,0,7,2678,1116,-1,1003,-221,0,411,1397,993,792
"2024-06-13",33,27902,28652,25690,3328,6562,2029,17193,0,7,2841,1069,-1,831,-242,0,552,1397,765,718
"2024-06-13",34,28652,29513,26377,3332,6562,1626,17193,0,8,2860,1090,-1,795,-352,0,554,1383,757,693
"2024-06-13",35,29217,30053,26929,3323,6562,1303,17193,0,5,3148,1953,-1,345,-287,0,92,1209,983,-43
"2024-06-13",36,29605,30582,27319,3314,6562,1158,17193,0,5,3271,2008,-1,335,-351,0,72,1202,998,-120
"2024-06-13",37,29125,31797,26894,3321,6562,923,17193,0,4,3250,2008,-1,-802,-256,0,-74,1375,998,-1035
"2024-06-13",38,29002,31989,26877,3328,6562,657,17193,0,6,3058,2008,-1,-1015,-289,0,-79,1397,998,-1097
"2024-06-13",39,28616,31693,26600,3382,6562,416,17193,0,6,2898,2008,-1,-1015,-426,0,-32,1397,998,-1097
"2024-06-13",40,28063,31189,26137,3436,6562,231,17193,0,6,2913,2008,-1,-1015,-451,-32,-32,1385,998,-1089
"2024-06-13",41,27626,30936,25741,3453,6562,115,17193,0,6,3031,2009,-1,-996,-451,-158,-427,1230,998,-771
"2024-06-13",42,27069,30522,25255,3469,6562,28,17193,0,6,3128,2009,-1,-995,-451,-310,-442,1213,998,-748
"2024-06-13",43,26181,29516,24446,3455,6562,0,17193,0,10,2997,2009,-1,-978,-452,-354,-342,1251,999,-698
"2024-06-13",44,25579,28807,23885,3440,6562,0,17193,0,12,2976,2009,-1,-976,-451,-248,-340,1260,998,-700
"2024-06-13",45,24445,28283,22764,3372,6562,0,17193,0,13,2685,1990,-1,-988,-446,-364,-615,1318,980,-911
"2024-06-13",46,23129,27076,21458,3303,6562,0,17193,0,12,2599,1989,-1,-989,-388,-502,-626,1308,978,-929
"2024-06-13",47,21649,25621,20036,3215,6562,0,17193,0,8,2431,2007,-1,-1008,-357,-528,-488,1091,996,-1082
"2024-06-13",48,20715,24799,19201,3126,6562,0,17193,0,109,2505,2008,-1,-1009,-359,-529,-487,1034,997,-1090
"2024-06-14",1,19641,24404,18158,2945,6562,0,17193,0,393,2480,2009,-1,-1016,-359,-530,-974,663,997,-990
"2024-06-14",2,18962,23924,17577,2763,6562,0,17193,0,583,2429,2010,-1,-1015,-359,-530,-995,601,997,-979
"2024-06-14",3,19039,23448,17610,2644,6562,0,17193,0,371,2638,2009,-1,-1014,-359,-530,-770,407,997,-864
"2024-06-14",4,18955,23181,17519,2524,6562,0,17193,0,199,2163,2008,-1,-1015,-359,-529,-762,377,997,-861
"2024-06-14",5,18611,23163,17121,2412,6562,0,17193,0,325,1711,2009,-1,-1015,-359,-529,-745,308,997,-1078
"2024-06-14",6,18329,23041,16922,2300,6562,0,17193,0,476,1753,2008,-1,-1015,-359,-529,-742,290,997,-1090
"2024-06-14",7,18253,22379,16805,2210,6562,0,17193,0,600,1788,2008,-1,-852,-360,-530,-303,174,998,-980
"2024-06-14",8,18280,22158,16798,2119,6562,0,17193,0,386,1690,2008,-1,-845,-360,-531,-286,182,997,-969
"2024-06-14",9,18266,22021,16741,2048,6562,0,17193,0,538,1529,2008,-1,-864,-360,-531,-107,464,997,-854
"2024-06-14",10,18005,21862,16514,1977,6562,0,17193,0,653,1471,2008,-1,-864,-359,-530,-101,529,997,-849
"2024-06-14",11,18496,22471,16959,1913,6562,46,17193,0,412,1505,2008,-1,-926,-360,-530,-284,902,998,-962
"2024-06-14",12,19092,22821,17427,1849,6562,258,17193,0,159,1451,2008,-1,-929,-359,-530,-286,978,998,-965
"2024-06-14",13,20899,23781,19062,1853,6562,585,17193,0,47,1404,2007,-1,-688,-359,-531,188,1351,997,-756
"2024-06-14",14,22143,24951,20140,1857,6562,1168,17193,0,10,1302,2007,-1,-663,-401,-530,209,1397,997,-703
"2024-06-14",15,24341,26019,22094,1849,6562,1651,17193,0,7,1033,2008,-1,-188,-452,-530,215,1397,998,315
"2024-06-14",16,25398,27050,23030,1840,6562,2243,17193,0,4,926,2008,-1,-165,-452,-530,215,1397,998,403
"2024-06-14",17,26021,27508,23487,1880,6562,3181,17193,0,5,648,2008,-1,795,-451,-530,171,1398,998,712
"2024-06-14",18,25823,27314,23172,1920,6562,3616,17193,0,9,474,2008,-1,1003,-451,-530,170,1398,998,740
"2024-06-14",19,25525,27020,22939,1961,6562,4329,17193,0,13,279,2008,-1,1004,-451,-530,187,1399,998,970
"2024-06-14",20,25097,26593,22528,2001,6562,5008,17193,0,13,60,2008,-1,1003,-452,-530,188,1399,998,987
"2024-06-14",21,24888,26384,22333,1984,6562,5554,17193,0,13,172,2008,-1,1003,-451,-531,46,1399,998,1040
"2024-06-14",22,24704,26196,22147,1967,6562,5663,17193,0,10,453,2009,-1,1003,-451,-530,42,1399,998,1054
"2024-06-14",23,24741,26270,22214,1970,6562,6243,17193,0,8,349,2009,-1,1003,-452,-530,-38,1399,998,1400
"2024-06-14",24,24627,26157,22066,1973,6562,6584,17193,0,7,373,2008,-1,1003,-451,-530,-41,1399,998,1423
"2024-06-14",25,24095,25590,21537,1958,6562,7114,17193,0,11,195,2008,-2,1003,-452,-530,132,1399,998,1424
"2024-06-14",26,23561,25054,20986,1942,6562,7441,17193,0,11,5,2008,-1,1003,-451,-530,139,1399,998,1423
"2024-06-14",27,23196,24692,20662,1906,6562,7458,17193,0,13,148,2008,-1,1003,-452,-530,92,1399,996,1424
"2024-06-14",28,22759,24323,20230,1869,6562,6969,17193,0,83,128,2008,-1,1003,-451,-529,91,1399,996,1423
"2024-06-14",29,22377,24150,19929,1819,6562,7176,17193,0,291,335,2009,-1,1003,-452,-529,71,1399,998,1424
"2024-06-14",30,22315,24040,19921,1768,6562,6615,17193,0,244,641,2008,-1,1003,-451,-529,70,1399,998,1412
"2024-06-14",31,22122,23631,19742,1705,6562,6705,17193,0,28,603,2008,-1,1003,-452,-528,71,1400,998,1015
"2024-06-14",32,22609,24078,20201,1641,6562,5970,17193,0,12,633,2008,-1,1003,-451,-505,71,1399,998,977
"2024-06-14",33,23351,24920,20885,1578,6562,5424,17193,0,172,623,2009,-1,977,-451,-371,-74,1399,998,760
"2024-06-14",34,24372,25717,21920,1514,6562,4615,17193,0,52,763,2009,-1,976,-452,-265,-75,1399,998,740
"2024-06-14",35,25305,26579,22818,1403,6562,3626,17193,0,6,837,2008,-1,999,-451,-316,393,1399,998,541
"2024-06-14",36,26102,27387,23636,1291,6562,2962,17193,0,6,882,2008,-1,987,-452,-326,413,1399,998,503
"2024-06-14",37,26427,28111,23955,1174,6562,2469,17193,0,1,1212,2008,-1,287,-452,-375,294,1399,998,-355
"2024-06-14",38,27031,28828,24516,1057,6562,1798,17193,0,0,1662,2008,-1,242,-451,-424,289,1399,998,-421
"2024-06-14",39,27087,29549,24619,956,6562,1194,17193,0,2,1704,2008,-1,-605,-452,-281,374,1399,998,-621
"2024-06-14",40,27030,29556,24621,854,6562,746,17193,0,5,1474,2008,-1,-721,-451,-226,378,1399,998,-622
"2024-06-14",41,26527,28560,24189,797,6562,387,17193,0,5,1028,2007,-1,-526,-452,-371,380,1399,998,-178
"2024-06-14",42,25972,28044,23643,740,6562,160,17193,0,0,650,2007,-1,-485,-451,-505,381,1399,997,-130
"2024-06-14",43,26099,27580,23818,736,6562,15,17193,0,1,238,2008,-1,392,-452,-527,429,1399,980,497
"2024-06-14",44,25761,27248,23568,731,6562,0,17193,0,7,124,2008,-1,426,-452,-527,430,1399,974,547
"2024-06-14",45,24784,26319,22583,748,6562,0,17193,0,10,-70,2007,-1,-96,-451,-477,556,1399,856,775
"2024-06-14",46,23889,25221,21683,765,6562,0,17193,0,12,-30,2008,-1,-104,-386,-329,560,1399,853,790
"2024-06-14",47,22721,23864,20633,770,6562,0,17193,0,12,-32,2007,-1,204,-309,-321,412,1399,989,790
"2024-06-14",48,22039,23313,20048,775,6562,0,17193,0,10,-65,2007,-1,230,-309,-454,407,1399,998,790
"2024-06-15",1,21362,22550,19438,739,6562,0,17193,0,9,-273,2007,-1,455,-309,-369,413,1399,998,790
"2024-06-15",2,20705,21738,18829,702,6562,0,17193,0,6,-372,2007,-1,455,-309,-217,413,1399,998,790
"2024-06-15",3,20398,21312,18502,706,6562,0,17193,0,7,-375,2008,-1,471,-309,-97,414,1399,998,790
"2024-06-15",4,20277,21125,18463,709,6562,0,17193,0,22,-397,2007,-1,477,-309,-16,414,1399,999,790
"2024-06-15",5,20024,21287,18230,715,6562,0,17193,0,310,-579,2007,-1,980,-309,-143,411,1399,998,790
"2024-06-15",6,19224,20742,17486,721,6562,0,17193,0,413,-767,2007,-1,1003,-309,-295,410,1399,998,790
"2024-06-15",7,18736,20349,17007,730,6562,0,17193,0,356,-810,2007,-1,1004,-309,-447,316,1399,998,790
"2024-06-15",8,18621,20274,16851,738,6562,0,17193,0,357,-776,2007,-1,1003,-309,-486,312,1399,997,790
"2024-06-15",9,18451,20227,16696,748,6562,0,17193,0,604,-797,2008,-1,1003,-309,-362,313,1399,998,790
"2024-06-15",10,18260,20107,16527,758,6562,0,17193,0,651,-854,2008,-1,1003,-309,-386,313,1399,998,790
"2024-06-15",11,18206,20059,16437,783,6562,45,17193,0,650,-954,2008,-1,1003,-309,-393,313,1399,998,790
"2024-06-15",12,18181,20047,16356,808,6562,284,17193,0,651,-1213,2008,-1,1003,-309,-405,314,1399,998,790
"2024-06-15",13,18683,20370,16867,837,6562,689,17193,0,619,-1035,2008,-1,1003,-309,-258,313,1399,998,790
"2024-06-15",14,19001,20224,17139,865,6562,1129,17193,0,278,-1018,2008,-1,1003,-309,-135,323,1399,980,790
"2024-06-15",15,19578,20568,17629,901,6562,1719,17193,0,118,-933,2006,-1,1003,-359,-12,966,1399,358,790
"2024-06-15",16,20026,20896,17997,937,6562,2494,17193,0,13,-1042,2007,-1,1004,-356,0,999,1399,324,790
"2024-06-15",17,20791,21511,18697,1008,6562,3229,17193,0,13,-933,2006,-1,1003,-206,0,810,1399,501,790
"2024-06-15",18,21159,21861,19019,1079,6562,3885,17193,0,12,-862,2006,-1,1003,-189,0,803,1399,513,790
"2024-06-15",19,21749,22410,19495,1148,6562,4364,17193,0,7,-594,2007,-1,1003,-153,0,657,1399,581,790
"2024-06-15",20,21974,22694,19619,1217,6562,4778,17193,0,5,-766,2007,-1,1003,-214,0,651,1399,584,790
"2024-06-15",21,22142,22941,19750,1265,6562,4634,17193,0,0,-932,2006,-1,1002,-298,0,700,1398,539,790
"2024-06-15",22,22073,22905,19686,1312,6562,5075,17193,0,4,-1130,2006,-1,1003,-297,-30,701,1398,534,790
"2024-06-15",23,22049,23150,19630,1365,6562,5186,17193,0,7,-1421,2007,-1,1003,-428,-165,648,1398,495,790
"2024-06-15",24,21931,23072,19541,1417,6562,5566,17193,0,5,-1529,1987,-1,1003,-449,-186,648,1398,506,790
"2024-06-15",25,21712,22968,19328,1473,6562,5940,17193,0,8,-1566,1163,-1,1003,-424,-323,1005,1398,968,790
"2024-06-15",26,21151,22483,18797,1528,6562,6570,17193,0,11,-1499,1110,-3,1003,-432,-386,1019,1398,996,790
"2024-06-15",27,20315,22008,17938,1582,6562,6178,17193,0,338,-1500,973,29,1003,-451,-404,1019,1398,908,790
"2024-06-15",28,20018,21749,17687,1636,6562,6414,17193,0,352,-1497,965,0,1003,-451,-428,1019,1398,902,790
"2024-06-15",29,20042,21765,17741,1678,6562,7977,17193,0,292,-1423,916,860,1003,-408,-523,1000,1398,901,790
"2024-06-15",30,19931,21698,17624,1720,6562,7354,17193,0,319,-1396,911,992,1003,-424,-524,999,1398,904,791
"2024-06-15",31,19840,21347,17547,1734,6562,6135,17193,0,131,-1315,820,992,1003,-451,-425,999,1398,993,792
"2024-06-15",32,20088,21577,17813,1748,6562,5379,17193,0,130,-1243,813,992,1003,-451,-408,999,1399,998,792
"2024-06-15",33,20726,22074,18430,1703,6562,4955,17193,0,122,-1082,765,992,1002,-452,-274,999,1399,998,792
"2024-06-15",34,21543,22769,19191,1658,6562,4714,17193,0,15,-946,761,992,1002,-452,-259,999,1398,998,792
"2024-06-15",35,22761,23811,20323,1596,6562,4035,17193,0,11,-811,618,992,1003,-414,-125,999,1399,999,792
"2024-06-15",36,24005,25073,21507,1533,6562,3054,17193,0,7,-681,611,992,1002,-406,-155,999,1399,999,808
"2024-06-15",37,24728,25993,22211,1450,6562,2543,17193,0,6,-414,612,992,1002,-451,-308,999,1399,997,1383
"2024-06-15",38,25035,26451,22517,1367,6562,1903,17193,0,6,-613,621,992,1002,-451,-459,999,1399,998,1422
"2024-06-15",39,25312,26760,22837,1291,6562,1160,17193,0,7,-638,1075,992,1002,-451,-490,999,1399,997,1422
"2024-06-15",40,25187,26672,22831,1215,6562,721,17193,0,7,-483,1103,992,1003,-451,-527,999,1399,997,1424
"2024-06-15",41,25045,26530,22738,1169,6562,367,17193,0,6,-384,1208,992,1002,-451,-528,999,1399,997,1426
"2024-06-15",42,24625,26112,22330,1122,6562,111,17193,0,8,-381,1213,992,1003,-451,-528,999,1399,997,1423
"2024-06-15",43,24682,26173,22400,1119,6562,8,17193,0,12,-238,1202,992,993,-451,-528,999,1399,997,1423
"2024-06-15",44,24469,25959,22204,1116,6562,0,17193,0,12,-175,1202,992,993,-451,-527,999,1399,997,1423
"2024-06-15",45,24057,25546,21794,1114,6562,0,17193,0,11,-503,1202,992,1003,-451,-527,939,1399,997,1423
"2024-06-15",46,23146,24669,20939,1111,6562,0,17193,0,45,-574,1202,992,1003,-451,-527,936,1399,997,1423
"2024-06-15",47,21906,24025,19797,1112,6562,0,17193,0,669,-156,1209,992,1004,-422,-528,997,1399,997,1423
"2024-06-15",48,21094,22893,19048,1113,6562,0,17193,0,420,232,1212,992,1003,-351,-528,999,1399,993,1417
"2024-06-16",1,20326,22400,18358,1056,6562,0,17193,0,695,-100,1304,992,1003,-351,-528,999,1399,906,1202
"2024-06-16",2,19737,21823,17853,998,6562,0,17193,0,708,-516,1310,991,1004,-351,-527,999,1399,901,1163
"2024-06-16",3,19245,21331,17411,981,6562,0,17193,0,707,-490,1309,974,1003,-351,-528,999,1399,900,286
"2024-06-16",4,19152,21237,17394,963,6562,0,17193,0,706,-540,1294,969,1003,-351,-528,999,1399,901,224
"2024-06-16",5,18630,20641,16991,957,6562,0,17193,0,632,-608,532,835,950,-351,-528,917,1399,901,157
"2024-06-16",6,18295,20373,16697,951,6562,0,17193,0,700,-596,498,829,919,-351,-527,914,1399,904,134
"2024-06-16",7,18038,20572,16466,956,6562,0,17193,0,701,-540,974,941,479,-351,-528,824,1399,991,-454
"2024-06-16",8,17801,20377,16218,960,6562,0,17193,0,702,-272,1004,949,478,-351,-528,821,1399,997,-495
"2024-06-16",9,17389,19955,15878,964,6562,0,17193,0,692,-127,1129,972,453,-351,-528,623,1399,997,-495
"2024-06-16",10,17111,19683,15633,967,6562,0,17193,0,698,-247,1138,974,453,-351,-528,609,1399,994,-495
"2024-06-16",11,16907,19480,15456,976,6562,68,17193,0,698,-74,1351,988,429,-351,-529,74,1399,906,-495
"2024-06-16",12,16776,19346,15330,984,6562,284,17193,0,698,55,1360,989,429,-351,-529,49,1399,900,-492
"2024-06-16",13,17075,19560,15621,1009,6562,591,17193,0,698,219,1363,992,599,-351,-530,98,1399,900,-406
"2024-06-16",14,17231,19700,15781,1034,6562,981,17193,0,696,338,1355,987,611,-351,-529,103,1399,894,-393
"2024-06-16",15,17628,19860,16134,1060,6562,1534,17193,0,691,517,1027,818,819,-351,-529,537,1399,695,-161
"2024-06-16",16,18165,20385,16606,1086,6562,2569,17193,0,689,690,1007,809,829,-357,-530,556,1399,685,-144
"2024-06-16",17,18869,21119,17140,1126,6562,3515,17193,0,682,715,1022,903,600,-441,-530,414,1399,772,-97
"2024-06-16",18,19109,21280,17323,1165,6562,4382,17193,0,605,750,1029,911,601,-452,-530,416,1399,776,-84
"2024-06-16",19,19501,21589,17635,1221,6562,4985,17193,0,607,633,1414,986,924,-451,-530,989,1399,688,276
"2024-06-16",20,19425,21462,17456,1276,6562,6211,17193,0,554,433,1436,991,938,-452,-531,1017,1399,684,303
"2024-06-16",21,19373,21426,17325,1321,6562,6783,17193,0,572,324,1528,991,1001,-451,-530,1019,1399,772,394
"2024-06-16",22,18956,20994,16905,1365,6562,7520,17193,0,556,199,1533,991,1003,-452,-530,1019,1399,783,399
"2024-06-16",23,19089,20814,16982,1414,6562,7339,17193,0,244,5,1415,991,1003,-451,-530,1019,1399,983,310
"2024-06-16",24,18995,20755,16900,1462,6562,8492,17193,0,279,-94,1411,992,1002,-451,-530,1019,1399,996,303
"2024-06-16",25,19156,20763,17036,1515,6562,8555,17193,0,127,-268,1503,992,1003,-452,-528,1019,1399,996,303
"2024-06-16",26,18957,20953,16807,1567,6562,8655,17193,0,514,-185,1510,988,1003,-452,-530,1018,1399,996,295
"2024-06-16",27,18594,20506,16440,1627,6562,9316,17193,0,398,70,1534,857,1003,-452,-528,727,1399,997,-34
"2024-06-16",28,18357,20444,16217,1686,6562,9087,17193,0,550,295,1532,846,1003,-451,-529,715,1399,996,-57
"2024-06-16",29,17906,20028,15731,1719,6562,8926,17193,0,558,295,1297,777,1003,-452,-528,634,1399,997,-84
"2024-06-16",30,17604,19725,15460,1751,6562,8481,17193,0,551,-61,1285,773,1003,-451,-527,630,1399,996,-92
"2024-06-16",31,17698,19999,15521,1790,6562,8269,17193,0,547,266,1313,806,952,-452,-527,448,1399,997,-275
"2024-06-16",32,17903,20217,15735,1829,6562,7910,17193,0,550,78,1328,812,950,-451,-528,441,1399,996,-285
"2024-06-16",33,18678,21077,16472,1842,6562,7186,17193,0,719,-41,1967,979,891,-451,-528,174,1399,996,-201
"2024-06-16",34,19892,21868,17614,1854,6562,6154,17193,0,326,4,2006,992,888,-452,-528,164,1399,988,-170
"2024-06-16",35,21423,22998,19082,1805,6562,5262,17193,0,96,97,2006,991,999,-451,-528,71,1399,720,713
"2024-06-16",36,22472,23964,20146,1755,6562,4176,17193,0,13,221,2006,991,1003,-452,-527,67,1399,701,768
"2024-06-16",37,23474,24967,21179,1664,6562,3460,17193,0,13,419,2006,992,1003,-452,-528,70,1399,612,605
"2024-06-16",38,24223,25715,21976,1573,6562,2472,17193,0,14,941,2006,991,1004,-451,-527,69,1399,615,579
"2024-06-16",39,25034,26521,22811,1475,6562,1769,17193,0,8,951,2006,992,722,-452,-527,69,1399,926,36
"2024-06-16",40,25419,26874,23279,1376,6562,988,17193,0,6,1118,2006,991,638,-451,-498,71,1398,948,7
"2024-06-16",41,24954,26618,22825,1308,6562,477,17193,0,3,1377,2004,412,-193,-452,-516,445,1398,993,314
"2024-06-16",42,24244,25951,22153,1239,6562,166,17193,0,7,1219,2004,-2,-221,-451,-526,460,1397,996,332
"2024-06-16",43,24309,26238,22267,1213,6562,15,17193,0,5,1013,2003,-2,-525,-452,-445,654,1397,997,178
"2024-06-16",44,23602,25479,21636,1186,6562,0,17193,0,9,923,2001,-1,-501,-451,-415,656,1397,997,173
"2024-06-16",45,23458,24947,21477,1167,6562,0,17193,0,13,811,1921,-2,499,-452,-522,183,1397,996,400
"2024-06-16",46,23136,24556,21162,1147,6562,0,17193,0,10,1010,1914,-1,572,-383,-526,179,1397,997,410
"2024-06-16",47,21656,22933,19766,1122,6562,0,17193,0,13,975,1668,-2,329,-301,-461,954,1397,997,200
"2024-06-16",48,20672,21818,18950,1096,6562,0,17193,0,16,875,1660,-1,328,-302,-327,998,1398,997,196
"2024-06-17",1,20175,21605,18444,1076,6562,0,17193,0,235,796,1923,-1,484,-301,-393,735,1399,997,608
"2024-06-17",2,19541,20977,17853,1056,6562,0,17193,0,271,853,1938,-2,490,-301,-362,724,1399,997,622
"2024-06-17",3,19045,20247,17444,1023,6562,0,17193,0,15,843,2002,-1,289,-302,-384,659,1398,997,95
"2024-06-17",4,19024,20301,17443,989,6562,0,17193,0,15,827,2005,-1,288,-302,-459,657,1398,997,53
"2024-06-17",5,18768,20346,17196,959,6562,0,17193,0,242,734,2005,-1,271,-302,-413,704,1398,997,-120
"2024-06-17",6,18362,20010,16819,929,6562,0,17193,0,270,520,2004,-1,272,-302,-443,706,1399,997,-132
"2024-06-17",7,18123,19689,16639,907,6562,0,17193,0,269,306,1951,-1,405,-302,-382,806,1398,997,-112
"2024-06-17",8,18142,19753,16627,884,6562,0,17193,0,269,322,1949,-1,392,-302,-422,809,1398,996,-117
"2024-06-17",9,17906,19474,16448,866,6562,0,17193,0,25,443,2002,-1,3,-302,-372,803,1398,997,-368
"2024-06-17",10,17871,19458,16353,847,6562,0,17193,0,11,396,2004,-1,0,-302,-378,803,1399,997,-395
"2024-06-17",11,18101,20487,16597,825,6562,73,17193,0,11,384,2004,-1,-624,-302,-233,991,1399,997,-715
"2024-06-17",12,18935,21448,17357,802,6562,355,17193,0,11,603,2004,-1,-744,-302,-214,998,1399,997,-741
"2024-06-17",13,20762,23222,19078,802,6562,815,17193,0,10,905,2005,-1,-644,-302,-102,862,1399,997,-901
"2024-06-17",14,22035,24542,20212,801,6562,1405,17193,0,9,795,2005,-1,-593,-334,-197,857,1397,997,-873
"2024-06-17",15,23779,25066,21725,809,6562,2051,17193,0,10,549,2005,-1,-3,-428,-345,680,1397,997,188
"2024-06-17",16,24464,25789,22256,817,6562,2823,17193,0,7,540,2005,-1,0,-441,-376,673,1397,998,283
"2024-06-17",17,25011,26470,22639,846,6562,3656,17193,0,6,195,2004,-1,729,-451,-501,810,1397,997,761
"2024-06-17",18,24719,26211,22364,874,6562,4647,17193,0,11,199,2005,-1,901,-452,-528,815,1397,997,797
"2024-06-17",19,24661,26153,22280,910,6562,5529,17193,0,11,193,2004,-1,997,-451,-529,994,1397,998,892
"2024-06-17",20,24305,25797,21923,946,6562,6476,17193,0,8,172,2005,-1,1003,-452,-531,1000,1397,998,907
"2024-06-17",21,24077,25568,21704,979,6562,7041,17193,0,8,-121,2005,-1,1003,-452,-530,1019,1397,998,1161
"2024-06-17",22,23715,25206,21342,1011,6562,7324,17193,0,8,-257,2005,-1,1003,-452,-530,1019,1397,998,1179
"2024-06-17",23,23296,24785,20977,1026,6562,8222,17193,0,7,-540,2004,-1,1003,-451,-530,1019,1397,997,1162
"2024-06-17",24,23248,24738,20932,1040,6562,8437,17193,0,7,-624,2005,-1,1004,-452,-530,1019,1397,997,1151
"2024-06-17",25,23266,24755,20950,1051,6562,9134,17193,0,7,-622,2004,-1,1003,-451,-530,1019,1397,997,821
"2024-06-17",26,23082,24572,20813,1061,6562,9389,17193,0,7,-539,2005,-1,1002,-452,-530,1019,1397,997,798
"2024-06-17",27,22845,24334,20595,1079,6562,9740,17193,0,7,-617,2004,-1,1003,-452,-529,1019,1397,997,798
"2024-06-17",28,22707,24195,20482,1097,6562,8418,17193,0,7,-561,2004,-1,1003,-452,-528,1019,1397,997,798
"2024-06-17",29,22927,24417,20769,1106,6562,7966,17193,0,7,-492,2004,-2,1003,-452,-529,1019,1398,997,798
"2024-06-17",30,22733,24222,20627,1115,6562,7791,17193,0,7,-564,2004,-1,1003,-452,-529,1005,1398,997,798
"2024-06-17",31,22669,24112,20549,1116,6562,7325,17193,0,7,-555,2004,-2,1003,-451,-483,999,1397,997,798
"2024-06-17",32,23190,24673,21147,1117,6562,6500,17193,0,6,-380,2003,-2,1002,-451,-524,999,1398,997,797
"2024-06-17",33,24005,25497,21932,1117,6562,6301,17193,0,10,-320,2004,-2,1003,-452,-528,999,1398,997,771
"2024-06-17",34,24933,26423,22719,1117,6562,5541,17193,0,11,-33,2003,-1,1004,-451,-527,999,1398,997,762
"2024-06-17",35,25869,27361,23593,1102,6562,4869,17193,0,11,-35,1957,-2,679,-452,-527,858,1398,997,478
"2024-06-17",36,26577,28035,24341,1086,6562,4325,17193,0,11,166,1955,-2,597,-436,-509,852,1398,997,466
"2024-06-17",37,27098,28619,24902,1051,6562,3545,17193,0,9,926,2002,-2,-112,-339,-378,880,1398,997,-181
"2024-06-17",38,27378,28932,25243,1016,6562,2704,17193,0,12,958,2004,-2,-125,-426,-251,862,1398,997,-238
"2024-06-17",39,27597,30045,25532,946,6562,1959,17193,0,6,1577,2006,-2,-789,-380,-102,50,1398,997,-669
"2024-06-17",40,27585,30109,25549,875,6562,1315,17193,0,5,1604,2006,-2,-855,-446,-18,6,1398,997,-698
"2024-06-17",41,27444,30077,25430,827,6562,735,17193,0,5,1531,2005,-2,-842,-452,-134,570,1398,997,-698
"2024-06-17",42,27096,29710,25098,779,6562,256,17193,0,2,1317,1996,-2,-841,-452,-137,597,1398,997,-680
"2024-06-17",43,26662,28482,24648,776,6562,26,17193,0,8,1099,1642,-2,-557,-452,-262,651,1399,998,-39
"2024-06-17",44,26069,27878,24146,773,6562,0,17193,0,12,944,1628,-2,-529,-452,-314,653,1399,998,6
"2024-06-17",45,25625,27604,23751,782,6562,0,17193,0,12,581,1981,-2,-671,-452,-342,728,1399,997,216
"2024-06-17",46,24512,26534,22693,790,6562,0,17193,0,12,579,2004,-2,-663,-452,-393,731,1399,997,235
"2024-06-17",47,23062,24747,21348,791,6562,0,17193,0,65,459,2003,-2,-384,-383,-351,989,1399,997,425
"2024-06-17",48,21935,23410,20273,792,6562,0,17193,0,70,622,2003,-2,-383,-320,-200,999,1399,997,434
"2024-06-18",1,21128,22497,19466,768,6562,0,17193,0,66,620,2003,-2,-418,-332,-51,975,1399,997,284
"2024-06-18",2,20861,22206,19174,744,6562,0,17193,0,70,522,2003,-2,-419,-331,-23,974,1399,996,282
"2024-06-18",3,20624,21952,18964,729,6562,0,17193,0,175,434,2004,-1,-363,-289,0,937,1399,997,606
"2024-06-18",4,20360,21801,18777,714,6562,0,17193,0,341,544,2003,-2,-362,-236,0,935,1399,997,628
"2024-06-18",5,19952,21811,18416,706,6562,0,17193,0,803,439,2003,-1,-361,-194,0,973,1399,997,620
"2024-06-18",6,19628,21645,18052,697,6562,0,17193,0,843,267,2003,-2,-361,-311,0,975,1400,997,605
"2024-06-18",7,19204,21065,17687,679,6562,0,17193,0,886,274,2004,-1,-194,-280,0,770,1399,997,40
"2024-06-18",8,19043,20865,17533,660,6562,0,17193,0,813,193,2004,-1,-220,-288,0,762,1399,997,0
"2024-06-18",9,18772,21064,17318,651,6562,0,17193,0,874,395,2005,-1,-682,-230,-5,694,1399,997,0
"2024-06-18",10,18552,20752,17086,642,6562,0,17193,0,868,449,2004,-1,-695,-79,-57,689,1399,997,0
"2024-06-18",11,18725,20794,17272,631,6562,103,17193,0,555,501,2006,-1,-1013,56,56,262,1399,996,0
"2024-06-18",12,19437,21343,17874,620,6562,363,17193,0,390,321,2006,-1,-1015,11,11,243,1369,997,0
"2024-06-18",13,21235,22778,19504,633,6562,733,17193,0,156,345,2006,-1,-838,-48,0,122,995,997,0
"2024-06-18",14,23061,24572,21152,646,6562,1302,17193,0,70,555,2007,-1,-743,-197,0,125,963,997,0
"2024-06-18",15,24785,25699,22624,651,6562,2073,17193,0,12,137,2004,-1,473,-348,-53,687,1133,997,0
"2024-06-18",16,25495,26444,23189,655,6562,2862,17193,0,12,145,2005,-1,546,-407,-29,714,1170,997,0
"2024-06-18",17,26006,27113,23606,671,6562,3670,17193,0,12,114,2003,-1,760,-451,-143,984,1372,998,0
"2024-06-18",18,25865,26977,23390,687,6562,4423,17193,0,11,92,2003,-1,768,-451,-149,994,1398,997,0
"2024-06-18",19,25632,26761,23139,708,6562,5132,17193,0,7,65,2004,-1,764,-451,-170,773,1397,997,0
"2024-06-18",20,25216,26326,22669,729,6562,6100,17193,0,7,-228,2005,-1,765,-451,-151,764,1397,998,0
"2024-06-18",21,24728,25776,22173,765,6562,6623,17193,0,7,-526,2005,-1,993,-451,-89,745,1398,997,0
"2024-06-18",22,24372,25443,21900,800,6562,7126,17193,0,5,-513,2005,-1,1001,-451,-114,744,1399,997,0
"2024-06-18",23,24395,25285,21971,838,6562,7360,17193,0,6,-418,2005,-1,586,-383,3,747,1399,998,0
"2024-06-18",24,24474,25219,22085,876,6562,7373,17193,0,6,-240,2005,-1,567,-238,1,747,1399,997,0
"2024-06-18",25,24307,25077,21986,922,6562,7037,17193,0,6,-169,2006,-1,352,-263,0,519,1399,997,0
"2024-06-18",26,24183,24921,21867,967,6562,7290,17193,0,7,-231,2006,-1,334,-230,0,510,1399,998,0
"2024-06-18",27,23969,24604,21790,1018,6562,6862,17193,0,7,13,2007,-3,381,-125,0,260,1399,998,0
"2024-06-18",28,23822,24467,21645,1068,6562,6480,17193,0,8,89,2006,-3,383,-134,0,251,1399,997,0
"2024-06-18",29,23704,24344,21543,1117,6562,6719,17193,0,8,226,2007,28,433,-132,0,102,1399,998,0
"2024-06-18",30,23640,24314,21493,1165,6562,6844,17193,0,7,357,2007,30,436,-167,0,96,1399,998,0
"2024-06-18",31,23675,24355,21506,1213,6562,6516,17193,0,7,449,2007,30,284,-173,0,125,1399,997,0
"2024-06-18",32,23918,24669,21746,1260,6562,5866,17193,0,7,393,2006,30,273,-244,0,125,1399,997,0
"2024-06-18",33,24310,25090,22069,1289,6562,5506,17193,0,7,531,2007,29,-132,-141,0,297,1399,997,0
"2024-06-18",34,25143,25927,22810,1317,6562,4836,17193,0,7,762,2007,29,-148,-129,0,303,1399,997,0
"2024-06-18",35,26041,27393,23656,1320,6562,4120,17193,0,6,841,2006,29,-684,-162,0,522,1399,997,0
"2024-06-18",36,26883,28165,24457,1322,6562,3291,17193,0,5,957,2006,29,-722,-55,0,470,1399,997,0
"2024-06-18",37,27223,29540,24828,1293,6562,2787,17193,0,5,1412,2008,29,-1014,32,0,-798,1399,998,0
"2024-06-18",38,27743,30173,25342,1264,6562,2079,17193,0,5,1316,2009,24,-1014,44,0,-911,1394,998,0
"2024-06-18",39,28387,31056,26044,1182,6562,1281,17193,0,4,1514,1984,-147,-1014,67,0,-1004,1341,998,0
"2024-06-18",40,28412,31154,26220,1099,6562,889,17193,0,6,1204,1980,-160,-1015,-57,12,-1004,1333,998,0
"2024-06-18",41,27837,30217,25529,1003,6562,525,17193,0,6,378,1834,-212,-910,-208,0,-544,1310,999,0
"2024-06-18",42,27601,30073,25352,907,6562,157,17193,0,6,355,1817,-212,-905,-341,0,-508,1313,998,0
"2024-06-18",43,27420,29067,25180,876,6562,12,17193,0,12,336,1363,-108,-605,-422,0,277,1389,998,0
"2024-06-18",44,26718,28397,24568,844,6562,0,17193,0,12,429,1346,-98,-592,-412,-65,323,1399,998,0
"2024-06-18",45,25867,27667,23833,825,6562,0,17193,0,10,-16,1808,19,-625,-450,-215,169,1399,998,0
"2024-06-18",46,24417,26326,22447,806,6562,0,17193,0,9,-130,1836,50,-583,-451,-366,165,1399,997,0
"2024-06-18",47,22900,24174,21043,784,6562,0,17193,0,11,-200,1834,901,639,-383,-380,485,1399,974,0
"2024-06-18",48,21736,22715,19965,761,6562,0,17193,0,11,34,1838,960,770,-238,-230,497,1399,972,0
"2024-06-19",1,20971,21851,19255,732,6562,0,17193,0,11,-276,1994,989,705,-288,-81,720,1399,995,0
"2024-06-19",2,20524,21461,18853,703,6562,0,17193,0,11,-446,2003,991,702,-383,-43,728,1399,997,0
"2024-06-19",3,20325,21476,18664,681,6562,0,17193,0,66,-502,2003,991,947,-401,-184,692,1399,997,0
"2024-06-19",4,20185,21368,18567,658,6562,0,17193,0,70,-589,2003,991,957,-401,-212,690,1399,997,0
"2024-06-19",5,19958,21300,18341,642,6562,0,17193,0,127,-700,2004,991,899,-401,-314,514,1399,997,0
"2024-06-19",6,19546,20970,17902,625,6562,0,17193,0,130,-766,2005,991,898,-401,-393,507,1399,997,0
"2024-06-19",7,19288,20778,17640,615,6562,0,17193,0,129,-817,2005,991,661,-401,-460,413,1399,997,0
"2024-06-19",8,19046,20513,17327,604,6562,0,17193,0,129,-966,2006,991,603,-401,-437,409,1399,997,0
"2024-06-19",9,18824,20448,17160,616,6562,0,17193,0,127,-884,2006,981,-203,-401,-393,327,1399,997,0
"2024-06-19",10,18614,20259,16938,627,6562,0,17193,0,129,-980,2006,980,-232,-401,-383,324,1399,996,0
"2024-06-19",11,18884,20944,17188,623,6562,58,17193,0,29,-866,2004,947,-898,-401,-232,345,1399,996,0
"2024-06-19",12,19592,21551,17845,619,6562,333,17193,0,11,-824,2004,946,-935,-401,-112,347,1399,996,0
"2024-06-19",13,21491,23165,19593,641,6562,751,17193,0,106,-870,2003,989,-450,-398,-220,693,1399,996,0
"2024-06-19",14,23066,24721,21035,663,6562,1229,17193,0,11,-1020,2003,992,-410,-363,-371,706,1399,997,0
"2024-06-19",15,24968,26425,22689,658,6562,1815,17193,0,8,-1291,2004,992,522,-443,-506,516,1399,997,0
"2024-06-19",16,25707,27197,23271,652,6562,2545,17193,0,11,-1242,2002,991,613,-451,-528,509,1399,997,0
"2024-06-19",17,26000,27491,23519,649,6562,3238,17193,0,12,-1190,1862,991,986,-451,-528,415,1399,997,0
"2024-06-19",18,25829,27321,23397,646,6562,3950,17193,0,12,-1082,1846,991,1003,-451,-529,418,1399,989,0
"2024-06-19",19,25574,27065,23162,644,6562,4752,17193,0,11,-1035,1518,991,1003,-452,-528,991,1399,684,0
"2024-06-19",20,24620,26109,22216,641,6562,5630,17193,0,9,-1104,1498,991,1002,-451,-529,1019,1399,666,0
"2024-06-19",21,23908,25399,21502,674,6562,6649,17193,0,12,-1120,1534,992,853,-451,-528,1014,1399,676,0
"2024-06-19",22,23819,25310,21325,707,6562,7377,17193,0,12,-1155,1536,991,853,-451,-528,1014,1399,677,0
"2024-06-19",23,23308,24795,20923,747,6562,8135,17193,0,8,-1229,1573,991,1001,-451,-528,1019,1399,662,0
"2024-06-19",24,22625,24112,20304,787,6562,8532,17193,0,8,-1065,1566,992,1003,-451,-528,1019,1399,670,0
"2024-06-19",25,22257,23744,20045,844,6562,8879,17193,0,8,-702,1231,991,1004,-451,-528,1019,1399,976,0
"2024-06-19",26,22061,23547,19922,901,6562,9000,17193,0,8,-475,1231,991,1003,-451,-527,1007,1399,995,0
"2024-06-19",27,21752,23236,19681,954,6562,9350,17193,0,6,-354,1956,992,1003,-451,-527,323,1399,996,0
"2024-06-19",28,21298,22785,19310,1007,6562,9626,17193,0,8,-37,2003,991,1003,-451,-528,286,1399,995,0
"2024-06-19",29,21076,22560,19178,1081,6562,9651,17193,0,6,264,2004,991,1002,-451,-527,170,1399,996,0
"2024-06-19",30,21179,22664,19306,1155,6562,9100,17193,0,7,504,2005,991,1003,-451,-527,166,1399,996,0
"2024-06-19",31,21279,22764,19416,1217,6562,8175,17193,0,7,643,2004,991,1003,-451,-527,215,1399,996,0
"2024-06-19",32,22031,23515,20154,1278,6562,7614,17193,0,7,862,2004,991,1003,-451,-526,217,1399,996,0
"2024-06-19",33,22539,24024,20638,1349,6562,7129,17193,0,7,1198,2005,992,1003,-451,-527,172,1400,996,0
"2024-06-19",34,23650,25135,21676,1419,6562,6049,17193,0,7,1375,2004,991,1003,-451,-527,170,1399,996,0
"2024-06-19",35,24957,26442,22954,1435,6562,5235,17193,0,7,1564,2005,991,1003,-451,-527,170,1399,996,0
"2024-06-19",36,25907,27391,23954,1450,6562,4300,17193,0,6,1643,2005,991,1003,-451,-527,169,1400,996,0
"2024-06-19",37,26454,27936,24538,1419,6562,3488,17193,0,5,1847,2004,991,1002,-451,-526,157,1399,996,0
"2024-06-19",38,27018,28507,25082,1387,6562,2618,17193,0,11,1732,2005,992,874,-451,-527,157,1399,996,0
"2024-06-19",39,27381,28959,25353,1302,6562,1898,17193,0,5,1728,2006,991,-95,-451,-527,188,1399,997,0
"2024-06-19",40,27556,29142,25524,1217,6562,1212,17193,0,5,1634,2005,992,-104,-451,-526,189,1399,996,0
"2024-06-19",41,27274,28867,25303,1171,6562,640,17193,0,10,1671,2005,991,-105,-451,-527,331,1399,997,0
"2024-06-19",42,26736,28327,24847,1124,6562,267,17193,0,8,1407,2003,992,-105,-451,-527,335,1399,997,0
"2024-06-19",43,26498,27988,24606,1115,6562,30,17193,0,11,1412,1862,991,-2,-451,-526,343,1399,996,0
"2024-06-19",44,26115,27608,24279,1105,6562,0,17193,0,16,1672,1856,991,0,-451,-526,343,1399,997,0
"2024-06-19",45,25699,27187,23898,1086,6562,0,17193,0,10,1438,1997,992,97,-451,-527,321,1399,997,0
"2024-06-19",46,24374,25860,22592,1067,6562,0,17193,0,9,1232,1995,991,103,-451,-526,325,1399,993,0
"2024-06-19",47,22698,24117,21025,1039,6562,0,17193,0,7,1239,1533,992,415,-451,-461,851,1399,886,0
"2024-06-19",48,21635,22952,20033,1011,6562,0,17193,0,9,1397,1509,992,442,-451,-357,875,1399,877,0
"2024-06-20",1,20867,22315,19227,943,6562,0,17193,0,63,1440,1600,992,218,-429,-456,772,1399,796,0
"2024-06-20",2,20738,22129,19123,874,6562,0,17193,0,98,1390,1607,992,217,-392,-401,768,1399,789,0
"2024-06-20",3,20426,21925,18865,832,6562,0,17193,0,129,1283,1670,992,105,-376,-494,802,1399,730,0
"2024-06-20",4,20317,21774,18758,790,6562,0,17193,0,130,1267,1670,992,102,-371,-456,803,1399,734,0
"2024-06-20",5,19903,21408,18424,756,6562,0,17193,0,129,1037,1519,992,-97,-371,-408,680,1399,971,0
"2024-06-20",6,19422,20923,17972,721,6562,0,17193,0,128,1260,1513,992,-104,-372,-397,675,1399,986,0
"2024-06-20",7,19054,20418,17628,678,6562,0,17193,0,124,1176,1651,992,-2,-367,-371,493,1399,991,0
"2024-06-20",8,18954,20305,17457,635,6562,0,17193,0,129,1138,1666,992,0,-361,-361,484,1399,991,0
"2024-06-20",9,18799,20438,17296,612,6562,0,17193,0,104,1142,1987,992,-330,-361,-344,84,1399,986,0
"2024-06-20",10,18733,20409,17214,588,6562,0,17193,0,196,1039,2006,992,-367,-359,-254,67,1399,986,0
"2024-06-20",11,18761,20698,17208,549,6562,88,17193,0,302,858,2006,991,-707,-302,-101,-25,1399,995,0
"2024-06-20",12,19276,21226,17679,509,6562,436,17193,0,300,536,2006,991,-721,-333,-68,-28,1399,995,0
"2024-06-20",13,21308,22907,19521,480,6562,938,17193,0,55,549,1965,990,-420,-405,-219,134,1399,976,0
"2024-06-20",14,22680,24364,20705,451,6562,1530,17193,0,12,454,1921,990,-376,-425,-371,149,1399,973,0
"2024-06-20",15,24280,25749,22080,423,6562,2298,17193,0,12,105,835,982,397,-452,-505,785,1399,886,0
"2024-06-20",16,24741,26232,22410,395,6562,3119,17193,0,11,-109,768,981,451,-452,-528,818,1399,877,0
"2024-06-20",17,25251,26742,22811,390,6562,4092,17193,0,12,-501,1554,991,853,-452,-527,993,1398,797,0
"2024-06-20",18,24869,26361,22454,384,6562,5174,17193,0,12,-782,1603,991,904,-452,-528,999,1398,792,0
"2024-06-20",19,24570,26060,22109,379,6562,6294,17193,0,11,-965,1805,991,999,-452,-527,1018,1398,789,0
"2024-06-20",20,23860,25351,21373,374,6562,7273,17193,0,12,-1153,1814,991,1004,-452,-527,1019,1398,790,0
"2024-06-20",21,23087,24578,20589,392,6562,8179,17193,0,12,-1496,1711,991,1003,-452,-527,1019,1398,886,0
"2024-06-20",22,22286,23775,19796,410,6562,8966,17193,0,10,-1523,1709,991,1002,-452,-527,1019,1398,886,0
"2024-06-20",23,22320,23807,19866,444,6562,9465,17193,0,8,-1376,1848,991,1003,-452,-527,1019,1397,665,0
"2024-06-20",24,22040,23527,19619,477,6562,9830,17193,0,8,-1303,1857,991,1002,-452,-527,1015,1398,659,0
"2024-06-20",25,22121,23607,19678,516,6562,10220,17193,0,7,-1392,1997,991,1003,-452,-527,550,1399,965,0
"2024-06-20",26,22028,23514,19616,554,6562,9978,17193,0,7,-1415,2005,991,1003,-452,-527,529,1398,985,0
"2024-06-20",27,21780,23265,19428,587,6562,10069,17193,0,6,-1334,2005,991,1003,-452,-527,482,1399,980,0
"2024-06-20",28,21538,23022,19240,620,6562,9850,17193,0,5,-1101,2005,992,984,-452,-527,480,1399,980,0
"2024-06-20",29,21377,22860,19150,655,6562,9665,17193,0,5,-705,2006,991,190,-452,-526,322,1399,980,0
"2024-06-20",30,21541,23026,19311,690,6562,9022,17193,0,6,-530,2006,991,142,-452,-527,316,1399,980,0
"2024-06-20",31,21907,23391,19657,711,6562,8400,17193,0,5,-710,2006,991,363,-452,-527,390,1399,979,0
"2024-06-20",32,22591,24004,20328,732,6562,7691,17193,0,6,-579,2006,991,361,-380,-527,392,1399,981,0
"2024-06-20",33,23219,25237,20921,755,6562,6966,17193,0,2,44,1959,991,-682,-333,-501,391,1399,980,0
"2024-06-20",34,24327,26466,21971,777,6562,5997,17193,0,2,326,1957,991,-832,-310,-495,390,1399,980,0
"2024-06-20",35,25379,27381,22917,770,6562,5140,17193,0,7,623,2004,991,-716,-293,-486,403,1399,980,0
"2024-06-20",36,26223,28231,23762,763,6562,4319,17193,0,10,657,2006,989,-719,-295,-484,389,1399,979,0
"2024-06-20",37,26671,29138,24220,735,6562,3375,17193,0,5,992,1946,920,-1014,-256,-338,-354,1399,976,0
"2024-06-20",38,26899,29404,24533,706,6562,2646,17193,0,7,1061,1943,917,-1014,-292,-294,-398,1399,977,0
"2024-06-20",39,27887,30769,25524,666,6562,1929,17193,0,7,1369,1983,986,-1015,-293,-263,-804,1399,995,0
"2024-06-20",40,27867,30729,25569,626,6562,1180,17193,0,5,1421,1984,991,-1015,-273,-249,-820,1399,997,0
"2024-06-20",41,27301,30141,25064,617,6562,621,17193,0,8,1375,1957,991,-1014,-288,-289,-741,1399,986,0
"2024-06-20",42,26942,29702,24760,608,6562,223,17193,0,7,1279,1956,986,-1015,-204,-295,-739,1399,986,0
"2024-06-20",43,26526,29052,24401,653,6562,27,17193,0,11,1433,1975,798,-1015,-175,-189,-636,1399,969,0
"2024-06-20",44,26329,28727,24272,698,6562,0,17193,0,11,1338,1963,782,-1015,-200,-42,-630,1399,966,0
"2024-06-20",45,25735,27581,23687,754,6562,0,17193,0,11,1226,1466,691,-1015,-80,8,-240,1399,921,0
"2024-06-20",46,24353,26320,22430,810,6562,0,17193,0,9,1003,1438,685,-1011,-182,-57,-208,1399,907,0
"2024-06-20",47,22859,24187,21033,855,6562,0,17193,0,12,1102,1695,724,-530,-221,-65,561,1399,548,0
"2024-06-20",48,21794,22903,20143,899,6562,0,17193,0,8,1691,1708,728,-519,-82,0,604,1399,533,0
"2024-06-21",1,20915,22351,19371,970,6562,0,17193,0,62,1950,1603,799,-874,20,0,248,1399,799,0
"2024-06-21",2,20505,21981,18945,1041,6562,0,17193,0,100,2360,1597,799,-876,123,0,233,1399,817,0
"2024-06-21",3,20060,21613,18562,1066,6562,0,17193,0,352,2157,1520,623,-701,76,0,409,1399,887,0
"2024-06-21",4,19716,21260,18314,1091,6562,0,17193,0,356,2346,1520,618,-688,155,0,415,1399,892,0
"2024-06-21",5,19316,20988,17990,1119,6562,0,17193,0,413,2432,1694,852,-759,155,0,173,1399,935,0
"2024-06-21",6,18935,20694,17669,1146,6562,0,17193,0,492,2570,1705,871,-767,155,0,164,1399,939,0
"2024-06-21",7,18655,20705,17393,1171,6562,0,17193,0,555,2571,1676,949,-995,158,0,159,1399,992,0
"2024-06-21",8,18103,20166,17119,1195,6562,0,17193,0,567,2435,1670,952,-996,160,0,158,1399,996,0
"2024-06-21",9,17807,19884,16869,1248,6562,0,17193,0,450,2561,1392,898,-1015,258,0,-112,1399,997,0
"2024-06-21",10,17442,19613,16622,1301,6562,0,17193,0,534,2484,1365,887,-1014,249,70,-123,1399,990,0
"2024-06-21",11,17536,19555,16705,1309,6562,82,17193,0,87,2550,861,614,-1013,366,222,-419,1399,753,0
"2024-06-21",12,18251,20261,17362,1316,6562,415,17193,0,69,2660,849,592,-1014,400,355,-427,1399,742,0
"2024-06-21",13,19879,21411,18842,1330,6562,918,17193,0,17,2536,1545,487,-1015,400,415,22,1398,851,0
"2024-06-21",14,21410,22935,19849,1343,6562,1564,17193,0,16,2527,1557,492,-1009,385,330,44,1398,863,0
"2024-06-21",15,22807,23776,21097,1345,6562,2290,17193,0,11,2302,557,902,-458,285,189,447,1398,980,0
"2024-06-21",16,23512,24455,21661,1346,6562,3177,17193,0,12,2604,507,930,-431,359,51,463,1398,988,0
"2024-06-21",17,23832,24870,21805,1422,6562,4151,17193,0,15,2423,1382,936,-523,260,0,476,1397,996,0
"2024-06-21",18,23528,24567,21466,1497,6562,5203,17193,0,15,2340,1436,937,-524,157,0,476,1397,996,0
"2024-06-21",19,23330,24136,21184,1580,6562,6285,17193,0,9,2209,1307,983,-297,44,0,510,1397,996,0
"2024-06-21",20,22823,23684,20631,1663,6562,7244,17193,0,11,2451,1303,986,-282,-68,0,507,1397,997,0
"2024-06-21",21,22259,22984,20067,1786,6562,7969,17193,0,12,2830,1458,975,-2,-192,-19,0,1397,997,0
"2024-06-21",22,22059,22798,19865,1908,6562,8383,17193,0,11,2913,1474,975,0,-204,0,-24,1397,996,0
"2024-06-21",23,21739,22746,19692,2004,6562,8441,17193,0,8,2809,1900,982,-205,-138,58,-156,1397,994,0
"2024-06-21",24,21359,22424,19270,2099,6562,8794,17193,0,7,3082,1922,982,-221,-178,12,-159,1397,995,0
"2024-06-21",25,21450,22438,19330,2205,6562,9593,17193,0,7,3423,1835,981,-122,-329,-30,163,1397,996,0
"2024-06-21",26,21090,22308,19016,2311,6562,9489,17193,0,7,3416,1833,982,-126,-413,-172,173,1397,995,0
"2024-06-21",27,20712,22589,18647,2386,6562,9840,17193,0,7,3429,1989,990,-420,-383,-324,-243,1397,995,0
"2024-06-21",28,20454,22494,18448,2461,6562,9477,17193,0,8,3490,1997,990,-430,-449,-392,-261,1397,995,0
"2024-06-21",29,20066,22871,18116,2514,6562,8986,17193,0,7,3581,2008,991,-703,-445,-510,-640,1397,995,0
"2024-06-21",30,19938,22787,18038,2567,6562,8625,17193,0,7,3527,2009,991,-714,-450,-527,-651,1397,995,0
"2024-06-21",31,19809,22491,17964,2596,6562,8169,17193,0,7,3249,2006,991,-1010,-451,-526,-188,1397,994,0
"2024-06-21",32,20551,23141,18721,2624,6562,7420,17193,0,6,3471,2007,991,-1011,-451,-453,-169,1398,994,0
"2024-06-21",33,21444,23784,19503,2589,6562,6152,17193,0,5,3222,2006,991,-1014,-451,-331,-39,1397,993,0
"2024-06-21",34,22218,24598,20270,2553,6562,5081,17193,0,8,3050,2006,991,-1015,-451,-371,-35,1398,993,0
"2024-06-21",35,23400,25915,21362,2490,6562,4370,17193,0,11,3165,2006,991,-901,-451,-505,-147,1399,994,0
"2024-06-21",36,24321,26856,22242,2426,6562,3435,17193,0,11,3149,2007,991,-895,-451,-527,-151,1399,995,0
"2024-06-21",37,24875,27405,22781,2327,6562,2452,17193,0,8,2931,1995,966,-927,-451,-526,-118,1399,995,0
"2024-06-21",38,25239,27762,23126,2227,6562,1816,17193,0,7,2804,1992,965,-927,-451,-526,-112,1399,995,0
"2024-06-21",39,25516,27521,23447,2047,6562,1175,17193,0,4,2540,1432,990,-554,-433,-514,406,1399,996,0
"2024-06-21",40,25587,27418,23521,1867,6562,752,17193,0,5,2416,1003,988,-520,-387,-419,429,1399,988,0
"2024-06-21",41,25442,26919,23274,1710,6562,419,17193,0,6,2127,1003,839,-106,-359,-506,478,1399,711,0
"2024-06-21",42,25190,26685,23044,1552,6562,149,17193,0,5,2057,1003,834,-104,-359,-527,479,1399,700,0
"2024-06-21",43,25129,26518,22974,1423,6562,12,17193,0,4,1566,1003,982,174,-359,-526,669,1399,935,0
"2024-06-21",44,24423,25863,22291,1293,6562,0,17193,0,11,1291,1003,992,188,-402,-527,677,1399,950,0
"2024-06-21",45,24082,25568,21925,1220,6562,0,17193,0,8,966,1003,992,154,-452,-526,987,1399,894,0
"2024-06-21",46,23210,24628,21200,1147,6562,0,17193,0,8,658,1003,992,167,-384,-526,974,1399,893,0
"2024-06-21",47,21854,23167,20059,1086,6562,0,17193,0,7,627,1004,992,949,-279,-527,78,1399,990,0
"2024-06-21",48,21035,22321,19345,1024,6562,0,17193,0,7,813,1004,991,1003,-252,-527,20,1399,997,0
"2024-06-22",1,20258,21549,18619,975,6562,0,17193,0,13,794,1201,991,953,-252,-526,22,1399,996,0
"2024-06-22",2,19895,21190,18299,925,6562,0,17193,0,16,733,1506,991,953,-252,-527,21,1399,996,0
"2024-06-22",3,19232,21086,17720,891,6562,0,17193,0,575,699,1506,991,999,-252,-527,115,1399,995,0
"2024-06-22",4,18988,20925,17526,856,6562,0,17193,0,658,721,1505,992,1000,-252,-527,120,1399,995,0
"2024-06-22",5,18670,20660,17238,827,6562,0,17193,0,711,703,1506,992,553,-252,-527,482,1399,996,0
"2024-06-22",6,18336,20334,16937,797,6562,0,17193,0,719,620,1506,991,532,-252,-527,496,1399,996,0
"2024-06-22",7,18018,20012,16642,781,6562,0,17193,0,715,464,1506,992,518,-252,-527,509,1399,996,0
"2024-06-22",8,17803,19802,16433,765,6562,0,17193,0,720,207,1506,992,517,-252,-527,509,1399,996,0
"2024-06-22",9,17375,19397,16050,759,6562,0,17193,0,743,212,1506,991,517,-252,-527,508,1399,996,0
"2024-06-22",10,16994,18978,15707,753,6562,0,17193,0,705,220,1506,991,525,-252,-527,508,1399,996,0
"2024-06-22",11,16968,19003,15662,744,6562,47,17193,0,756,233,1506,992,758,-252,-527,556,1399,996,0
"2024-06-22",12,17016,19037,15700,735,6562,242,17193,0,742,266,1506,991,767,-252,-527,561,1399,996,0
"2024-06-22",13,17750,19864,16344,737,6562,594,17193,0,835,306,1504,992,1002,-252,-527,981,1399,995,0
"2024-06-22",14,18207,20144,16742,739,6562,1125,17193,0,634,297,1504,991,1002,-275,-528,999,1398,995,0
"2024-06-22",15,18901,20853,17340,761,6562,1718,17193,0,622,114,1504,992,1003,-302,-528,999,1398,996,0
"2024-06-22",16,19382,21068,17738,782,6562,2313,17193,0,334,-72,1504,991,1003,-325,-527,999,1398,996,0
"2024-06-22",17,19877,21292,18139,804,6562,3108,17193,0,13,157,1504,991,1002,-375,-527,999,1398,996,0
"2024-06-22",18,20244,21705,18451,826,6562,3737,17193,0,9,409,1504,992,1002,-425,-527,999,1398,996,0
"2024-06-22",19,20532,22019,18716,850,6562,4602,17193,0,8,736,1505,992,1002,-452,-527,1018,1398,996,0
"2024-06-22",20,20676,22155,18824,873,6562,5494,17193,0,8,911,1505,992,1003,-452,-519,1019,1399,996,0
"2024-06-22",21,20658,22106,18829,938,6562,5934,17193,0,8,979,1505,992,1002,-452,-488,1019,1397,996,0
"2024-06-22",22,20253,21681,18424,1002,6562,6801,17193,0,7,681,1505,991,1002,-451,-470,1019,1397,996,0
"2024-06-22",23,20089,21435,18247,1017,6562,7305,17193,0,7,451,1505,992,1003,-383,-456,1019,1397,996,0
"2024-06-22",24,20001,21244,18112,1031,6562,7421,17193,0,8,632,1505,991,1003,-302,-433,1019,1397,996,0
"2024-06-22",25,19545,20690,17779,1065,6562,7801,17193,0,8,802,1506,992,1003,-302,-335,1019,1397,996,0
"2024-06-22",26,18973,20049,17258,1099,6562,7655,17193,0,14,930,1505,991,1003,-233,-329,1019,1397,995,0
"2024-06-22",27,18678,19719,16994,1165,6562,8055,17193,0,18,1098,1505,992,1003,-124,-399,1019,1397,995,0
"2024-06-22",28,18135,19298,16483,1230,6562,8366,17193,0,27,1350,1505,991,1004,-119,-517,1019,1397,995,0
"2024-06-22",29,17658,19090,16063,1295,6562,8415,17193,0,286,1764,1505,992,1003,-119,-527,1000,1398,995,0
"2024-06-22",30,17378,19207,15847,1359,6562,8510,17193,0,684,2071,1505,992,1003,-119,-526,999,1398,995,0
"2024-06-22",31,17400,19235,15858,1426,6562,8143,17193,0,689,2151,1506,992,1002,-119,-527,809,1398,995,0
"2024-06-22",32,17485,19319,15922,1492,6562,7744,17193,0,689,2266,1506,991,1003,-119,-526,802,1398,995,0
"2024-06-22",33,18043,19518,16466,1552,6562,7062,17193,0,329,2422,1341,992,1003,-119,-527,757,1398,995,0
"2024-06-22",34,18465,19626,16877,1611,6562,5978,17193,0,16,2416,1004,991,1003,-119,-526,756,1398,996,21
"2024-06-22",35,19924,21082,18265,1609,6562,5290,17193,0,12,2360,1003,991,1003,-119,-527,989,1399,996,746
"2024-06-22",36,21174,22327,19414,1607,6562,4425,17193,0,8,2307,1034,991,1002,-119,-526,998,1399,997,796
"2024-06-22",37,22537,23690,20695,1548,6562,3477,17193,0,7,2628,1871,991,955,-119,-527,763,1399,995,796
"2024-06-22",38,23352,24575,21506,1488,6562,2546,17193,0,7,2329,1905,991,837,-189,-527,754,1399,995,785
"2024-06-22",39,23840,25333,22056,1382,6562,1834,17193,0,3,2519,1953,991,-167,-296,-527,709,1399,995,372
"2024-06-22",40,24192,25711,22421,1276,6562,1219,17193,0,6,2438,1955,991,-187,-300,-526,707,1399,995,344
"2024-06-22",41,24015,26133,22242,1236,6562,615,17193,0,6,2433,1955,991,-746,-339,-527,706,1399,996,354
"2024-06-22",42,24019,26165,22311,1196,6562,206,17193,0,6,2401,1955,991,-763,-350,-527,705,1399,996,365
"2024-06-22",43,23739,25322,22041,1197,6562,21,17193,0,10,1844,2004,991,-134,-413,-526,516,1399,996,719
"2024-06-22",44,23625,25220,21946,1197,6562,0,17193,0,12,1758,2006,991,-104,-452,-527,508,1399,997,743
"2024-06-22",45,23414,24837,21732,1211,6562,0,17193,0,11,1833,2007,991,-2,-383,-527,140,1399,997,743
"2024-06-22",46,22792,24092,21137,1225,6562,0,17193,0,11,1972,2007,991,0,-263,-526,126,1399,996,744
"2024-06-22",47,21637,23047,20050,1227,6562,0,17193,0,14,1950,2006,992,-117,-252,-527,361,1399,996,777
"2024-06-22",48,20644,22059,19176,1229,6562,0,17193,0,13,2102,2005,992,-124,-252,-526,369,1399,995,780
"2024-06-23",1,19937,21505,18610,1188,6562,0,17193,0,14,2110,2004,992,-276,-252,-526,518,1399,995,793
"2024-06-23",2,19287,21099,18031,1146,6562,0,17193,0,251,1925,2005,992,-282,-252,-527,521,1399,995,794
"2024-06-23",3,18703,20743,17533,1088,6562,0,17193,0,331,1732,2006,992,-430,-252,-527,97,1399,996,794
"2024-06-23",4,18374,20508,17273,1030,6562,0,17193,0,423,1639,2006,992,-432,-252,-527,79,1399,996,794
"2024-06-23",5,18071,20423,16962,979,6562,0,17193,0,666,1870,2006,992,-407,-252,-527,235,1399,996,794
"2024-06-23",6,17767,20332,16640,927,6562,0,17193,0,882,1984,2006,992,-405,-252,-526,240,1399,995,785
"2024-06-23",7,17610,20136,16422,881,6562,0,17193,0,906,1666,2006,992,-341,-252,-527,155,1399,996,446
"2024-06-23",8,17343,19865,16107,834,6562,0,17193,0,907,1533,2006,992,-337,-251,-527,152,1399,996,420
"2024-06-23",9,17118,19517,15814,792,6562,0,17193,0,907,1507,2006,992,-246,-251,-495,70,1399,996,340
"2024-06-23",10,16612,19004,15365,749,6562,0,17193,0,895,1405,2007,992,-241,-251,-505,66,1399,996,326
"2024-06-23",11,16534,18618,15243,697,6562,59,17193,0,858,1454,2006,992,104,-251,-475,2,1399,996,22
"2024-06-23",12,16471,18476,15170,644,6562,294,17193,0,872,1226,1999,989,164,-251,-382,4,1399,994,0
"2024-06-23",13,17071,18673,15747,626,6562,687,17193,0,356,939,1665,879,948,-251,-495,480,1399,905,0
"2024-06-23",14,17261,19106,15887,607,6562,1245,17193,0,567,925,1645,870,1003,-251,-527,501,1399,898,0
"2024-06-23",15,17516,19354,16030,570,6562,1963,17193,0,560,473,1706,825,1003,-251,-527,816,1398,897,0
"2024-06-23",16,17893,19349,16339,533,6562,2758,17193,0,172,145,1714,827,1002,-257,-527,828,1398,901,20
"2024-06-23",17,18320,19763,16615,512,6562,3494,17193,0,47,-73,1988,981,1003,-369,-527,897,1398,989,745
"2024-06-23",18,18698,20191,16887,491,6562,4365,17193,0,15,-241,2003,992,1002,-451,-527,899,1398,995,796
"2024-06-23",19,19266,20754,17425,463,6562,5240,17193,0,11,-107,2003,992,1002,-451,-526,920,1398,995,796
"2024-06-23",20,19673,21160,17746,435,6562,6050,17193,0,9,-184,2001,992,1002,-451,-527,921,1398,994,796
"2024-06-23",21,20120,21605,18156,440,6562,6692,17193,0,7,-261,1911,991,1002,-451,-527,1015,1398,950,795
"2024-06-23",22,20214,21699,18240,445,6562,6870,17193,0,7,-316,1906,992,1003,-451,-527,1019,1398,946,796
"2024-06-23",23,20333,21819,18356,457,6562,6837,17193,0,7,-437,1944,992,1002,-452,-527,1019,1399,909,796
"2024-06-23",24,20302,21786,18333,468,6562,6887,17193,0,7,-452,1946,991,1003,-451,-526,1019,1399,909,795
"2024-06-23",25,20472,21868,18508,491,6562,7105,17193,0,7,-523,2000,992,1003,-408,-481,1019,1399,989,796
"2024-06-23",26,20334,21766,18405,513,6562,7592,17193,0,7,-683,2003,992,1004,-449,-476,1019,1399,995,796
"2024-06-23",27,20177,21526,18288,535,6562,7748,17193,0,7,-631,2003,992,1003,-451,-391,1019,1399,995,796
"2024-06-23",28,19876,21274,18034,557,6562,7406,17193,0,7,-616,2003,991,1003,-445,-446,1019,1399,995,796
"2024-06-23",29,19797,21267,17981,574,6562,7430,17193,0,7,-477,2003,992,1003,-437,-526,1000,1399,995,796
"2024-06-23",30,19674,21113,17882,591,6562,7261,17193,0,7,-471,2003,992,1004,-405,-527,999,1399,995,796
"2024-06-23",31,19675,21152,17904,606,6562,6774,17193,0,7,-614,2003,991,1004,-444,-526,999,1399,995,796
"2024-06-23",32,20075,21472,18295,621,6562,6572,17193,0,7,-704,2003,991,1003,-452,-438,999,1399,995,796
"2024-06-23",33,20776,22058,18941,646,6562,6052,17193,0,7,-740,2003,991,1003,-452,-323,999,1399,997,796
"2024-06-23",34,22037,23345,20058,670,6562,5269,17193,0,7,-545,2003,992,1002,-431,-370,999,1399,997,796
"2024-06-23",35,23501,24964,21349,663,6562,4610,17193,0,7,-369,2003,991,1003,-451,-505,999,1399,997,796
"2024-06-23",36,24434,25918,22215,655,6562,3858,17193,0,7,-168,2003,992,1003,-451,-526,999,1399,997,786
"2024-06-23",37,25067,26553,22798,642,6562,3154,17193,0,7,346,2003,992,1002,-452,-527,999,1399,997,434
"2024-06-23",38,25719,27208,23440,628,6562,2465,17193,0,12,583,2003,992,873,-451,-526,999,1399,997,370
"2024-06-23",39,25862,28351,23597,616,6562,1713,17193,0,11,1162,2003,992,-292,-452,-527,999,1399,997,-707
"2024-06-23",40,25774,28379,23475,603,6562,1077,17193,0,11,944,2004,992,-333,-451,-526,999,1399,997,-784
"2024-06-23",41,25493,28500,23278,588,6562,577,17193,0,11,1004,2005,992,-979,-452,-527,874,1400,997,-538
"2024-06-23",42,25484,28508,23271,572,6562,205,17193,0,11,1128,2003,992,-1014,-451,-526,869,1399,996,-522
"2024-06-23",43,25272,28380,23072,580,6562,22,17193,0,10,1163,2003,992,-1016,-452,-527,710,1399,997,-603
"2024-06-23",44,24628,27740,22568,587,6562,0,17193,0,10,999,2004,992,-1013,-452,-527,705,1399,996,-610
"2024-06-23",45,24618,27548,22565,579,6562,0,17193,0,11,890,2003,991,-787,-451,-526,987,1399,996,-655
"2024-06-23",46,23735,26585,21662,571,6562,0,17193,0,16,979,2003,991,-778,-383,-527,998,1399,997,-646
"2024-06-23",47,22360,24193,20404,562,6562,0,17193,0,13,1065,2003,991,-362,-306,-460,953,1399,997,-192
"2024-06-23",48,21199,22771,19370,553,6562,0,17193,0,12,1038,2003,991,-308,-292,-309,951,1399,996,-151
"2024-06-24",1,20565,22019,18830,553,6562,0,17193,0,10,757,2003,991,-529,-258,-157,912,1399,997,177
"2024-06-24",2,20157,21592,18425,553,6562,0,17193,0,16,861,2003,991,-538,-236,-145,910,1399,995,201
"2024-06-24",3,19840,21611,18129,548,6562,0,17193,0,301,941,2003,991,-617,-219,-134,823,1399,995,258
"2024-06-24",4,19647,21362,17961,542,6562,0,17193,0,298,1143,2003,991,-618,-215,-84,820,1399,995,258
"2024-06-24",5,19370,21197,17721,545,6562,0,17193,0,348,1102,2003,991,-538,-217,-224,818,1399,995,95
"2024-06-24",6,19072,20970,17460,547,6562,0,17193,0,353,1051,2003,991,-535,-208,-302,818,1399,996,78
"2024-06-24",7,18904,21080,17304,551,6562,0,17193,0,353,1111,2003,991,-880,-203,-174,944,1399,995,-66
"2024-06-24",8,18912,21089,17334,555,6562,0,17193,0,352,1146,2003,991,-894,-203,-134,948,1399,995,-94
"2024-06-24",9,18508,21167,16941,596,6562,0,17193,0,354,1287,2004,992,-912,-205,-17,686,1399,995,-671
"2024-06-24",10,18286,21040,16767,637,6562,0,17193,0,353,1465,2003,991,-912,-216,-53,675,1399,995,-720
"2024-06-24",11,18476,21448,16987,631,6562,66,17193,0,141,1615,2004,991,-1014,-245,-3,308,1399,995,-1069
"2024-06-24",12,19224,22179,17689,624,6562,352,17193,0,70,1598,2005,992,-1014,-278,0,294,1398,995,-1093
"2024-06-24",13,20968,23898,19307,604,6562,808,17193,0,15,1632,2006,991,-1008,-285,-27,321,1398,996,-1095
"2024-06-24",14,22598,25478,20741,584,6562,1391,17193,0,14,1643,2006,991,-877,-295,-168,326,1397,996,-1026
"2024-06-24",15,24721,25982,22655,563,6562,2084,17193,0,12,1193,2004,991,745,-429,-320,769,1397,996,195
"2024-06-24",16,25436,26869,23250,541,6562,2898,17193,0,12,847,2003,991,928,-451,-470,788,1397,996,334
"2024-06-24",17,25958,27449,23675,554,6562,3801,17193,0,9,654,2004,991,1002,-452,-530,802,1397,996,990
"2024-06-24",18,25705,27198,23397,567,6562,4741,17193,0,11,628,2004,991,1003,-452,-530,803,1398,996,1030
"2024-06-24",19,25602,27089,23319,584,6562,5536,17193,0,6,628,2004,991,1002,-451,-530,823,1397,995,812
"2024-06-24",20,25487,26956,23198,600,6562,6145,17193,0,6,696,2004,991,1003,-452,-511,824,1397,996,797
"2024-06-24",21,25341,26678,23048,657,6562,6424,17193,0,7,593,2004,991,1003,-451,-379,824,1397,996,797
"2024-06-24",22,25488,26739,23198,714,6562,6819,17193,0,5,631,2004,991,1003,-452,-294,824,1397,992,797
"2024-06-24",23,25507,26670,23205,761,6562,6966,17193,0,7,591,1979,991,1003,-452,-204,965,1397,883,797
"2024-06-24",24,25247,26407,22997,808,6562,7435,17193,0,8,514,1978,991,1003,-451,-201,970,1397,879,797
"2024-06-24",25,25483,26534,23243,848,6562,7481,17193,0,8,583,1908,991,1003,-451,-92,1017,1398,988,797
"2024-06-24",26,25277,26402,23105,888,6562,7706,17193,0,8,617,1904,991,1002,-445,-172,1019,1398,996,797
"2024-06-24",27,25047,26133,22880,918,6562,7804,17193,0,8,656,1903,991,1003,-395,-183,1019,1398,995,797
"2024-06-24",28,24971,25940,22845,948,6562,7473,17193,0,8,769,1904,991,1003,-352,-109,1019,1399,995,797
"2024-06-24",29,24617,25716,22503,978,6562,7095,17193,0,8,570,1903,991,1003,-351,-240,1000,1399,995,797
"2024-06-24",30,24698,25802,22536,1007,6562,6956,17193,0,8,735,1907,991,1004,-352,-244,999,1399,994,797
"2024-06-24",31,24961,26089,22774,1040,6562,6598,17193,0,8,813,1997,991,985,-351,-269,999,1399,904,797
"2024-06-24",32,25494,26607,23278,1073,6562,6121,17193,0,8,790,2001,991,983,-351,-254,999,1399,901,795
"2024-06-24",33,26044,27009,23827,1120,6562,5445,17193,0,8,830,1909,991,1001,-351,-106,999,1399,989,708
"2024-06-24",34,26713,27786,24515,1166,6562,4729,17193,0,7,711,1905,991,1002,-414,-152,999,1399,993,684
"2024-06-24",35,27323,28583,25100,1154,6562,4093,17193,0,7,973,1984,991,809,-451,-302,902,1399,911,2
"2024-06-24",36,28089,29513,25844,1141,6562,3417,17193,0,12,1001,1989,991,725,-451,-391,893,1399,907,-70
"2024-06-24",37,27930,30630,25720,1083,6562,2673,17193,0,8,1918,2005,991,-553,-386,-278,331,1399,990,-975
"2024-06-24",38,27937,30860,25775,1024,6562,1952,17193,0,4,1975,1091,992,-651,-389,-342,293,1386,997,-1037
"2024-06-24",39,28253,31802,26060,931,6562,1355,17193,0,5,2267,1009,992,-978,-288,-300,-390,1239,997,-1088
"2024-06-24",40,28505,32132,26374,837,6562,874,17193,0,1,2296,1010,992,-1011,-261,-339,-427,1224,998,-1088
"2024-06-24",41,28419,31372,26283,812,6562,485,17193,0,4,1912,1008,992,-509,-371,-462,-191,1257,997,-916
"2024-06-24",42,27883,30885,25766,786,6562,175,17193,0,14,1526,1550,992,-493,-386,-526,-182,1270,993,-901
"2024-06-24",43,27449,30787,25316,799,6562,18,17193,0,12,1140,1958,989,-764,-450,-526,-291,1369,848,-795
"2024-06-24",44,26911,30167,24804,811,6562,0,17193,0,11,1353,1958,989,-711,-450,-527,-288,1382,843,-769
"2024-06-24",45,26506,28078,24493,798,6562,0,17193,0,7,826,1957,991,85,-450,-527,283,1397,986,-88
"2024-06-24",46,25302,26836,23375,785,6562,0,17193,0,7,841,1960,991,102,-450,-526,311,1399,996,-51
"2024-06-24",47,23634,25904,21880,762,6562,0,17193,0,6,864,2005,992,-382,-450,-527,525,1399,995,-405
"2024-06-24",48,22579,24891,20985,738,6562,0,17193,0,3,1092,2005,991,-431,-423,-526,533,1399,995,-429
"2024-06-25",1,21947,24493,20348,695,6562,0,17193,0,107,1082,2006,991,-614,-389,-527,576,1399,995,-409
"2024-06-25",2,21617,24183,19980,652,6562,0,17193,0,121,1014,2005,991,-621,-389,-526,577,1399,995,-409
"2024-06-25",3,20971,23616,19318,608,6562,0,17193,0,121,969,2006,991,-639,-389,-527,394,1399,995,-469
"2024-06-25",4,20891,23544,19292,564,6562,0,17193,0,120,1076,2006,991,-640,-389,-527,387,1399,995,-477
"2024-06-25",5,20506,23215,18922,523,6562,0,17193,0,120,965,2006,991,-583,-389,-527,363,1399,995,-590
"2024-06-25",6,20108,22824,18530,482,6562,0,17193,0,121,794,2007,992,-581,-389,-527,362,1395,995,-598
"2024-06-25",7,19739,22570,18165,440,6562,0,17193,0,120,822,2006,991,-747,-389,-471,203,1350,995,-604
"2024-06-25",8,19605,22437,17986,398,6562,0,17193,0,120,728,2007,991,-753,-389,-453,197,1316,995,-617
"2024-06-25",9,19276,22487,17708,377,6562,0,17193,0,62,872,2007,991,-778,-389,-418,198,942,995,-1064
"2024-06-25",10,19132,22339,17552,355,6562,0,17193,0,61,755,2007,991,-779,-389,-385,186,866,996,-1093
"2024-06-25",11,19145,22824,17527,336,6562,62,17193,0,10,650,2008,991,-1006,-389,-234,-513,493,997,-1027
"2024-06-25",12,19860,23417,18163,317,6562,330,17193,0,7,478,2008,991,-1015,-389,-113,-517,417,991,-1016
"2024-06-25",13,21753,24353,19895,297,6562,799,17193,0,6,602,2004,991,-763,-333,-173,462,43,808,-825
"2024-06-25",14,23102,25563,21080,277,6562,1432,17193,0,7,777,2004,991,-677,-296,-325,531,27,802,-656
"2024-06-25",15,25439,26850,23125,265,6562,2144,17193,0,10,122,2004,991,757,-427,-474,791,400,984,1030
"2024-06-25",16,25974,27462,23547,252,6562,2972,17193,0,10,-133,2004,991,946,-451,-527,801,462,995,1134
"2024-06-25",17,25889,27374,23369,255,6562,3889,17193,0,7,-569,2003,991,1002,-451,-527,945,671,995,990
"2024-06-25",18,25660,27143,23089,257,6562,4823,17193,0,5,-554,2003,991,1002,-451,-527,950,697,995,990
"2024-06-25",19,25680,27166,23053,266,6562,5864,17193,0,7,-529,2003,991,1002,-451,-528,1017,697,994,990
"2024-06-25",20,25265,26751,22587,275,6562,6829,17193,0,8,-729,2003,991,1002,-451,-527,1019,697,994,990
"2024-06-25",21,24815,26301,22146,300,6562,7773,17193,0,8,-991,2003,991,1002,-451,-527,924,697,995,990
"2024-06-25",22,24364,25850,21687,325,6562,8548,17193,0,8,-1126,2003,991,1002,-451,-527,921,697,995,990
"2024-06-25",23,24157,25643,21472,351,6562,9149,17193,0,8,-1250,2003,991,1003,-451,-527,921,697,995,990
"2024-06-25",24,24062,25548,21352,377,6562,9340,17193,0,8,-965,1998,991,1003,-451,-527,921,697,995,990
"2024-06-25",25,24099,25581,21395,411,6562,9413,17193,0,4,-757,1721,992,1002,-451,-527,1016,697,995,990
"2024-06-25",26,24158,25644,21460,445,6562,9513,17193,0,8,-749,1706,991,1003,-451,-527,1019,697,995,990
"2024-06-25",27,23878,25363,21172,480,6562,9448,17193,0,7,-1064,1705,991,1003,-451,-527,1019,697,995,990
"2024-06-25",28,23664,25149,21020,514,6562,9464,17193,0,7,-879,1203,991,1003,-451,-527,1019,697,996,990
"2024-06-25",29,23652,25143,21061,568,6562,9213,17193,0,12,-780,1004,992,1003,-452,-527,1000,697,996,990
"2024-06-25",30,23797,25286,21215,621,6562,8665,17193,0,12,-755,1004,991,1002,-451,-526,999,697,996,990
"2024-06-25",31,23880,25369,21314,674,6562,8182,17193,0,12,-826,1004,992,1002,-451,-526,999,697,995,990
"2024-06-25",32,24487,25978,21872,727,6562,7539,17193,0,12,-745,1004,992,1003,-452,-527,999,697,996,990
"2024-06-25",33,25103,26593,22421,776,6562,6701,17193,0,12,-771,1004,991,1003,-451,-527,999,697,996,990
"2024-06-25",34,25993,27483,23233,825,6562,5836,17193,0,12,-826,1004,992,1002,-451,-527,999,697,996,989
"2024-06-25",35,27170,28659,24347,833,6562,4907,17193,0,12,-686,1004,991,1002,-451,-526,999,697,996,946
"2024-06-25",36,27798,29287,24952,841,6562,4010,17193,0,12,-591,1005,991,1003,-451,-526,999,697,996,921
"2024-06-25",37,28266,29756,25476,845,6562,3259,17193,0,12,119,1006,992,907,-451,-527,998,697,996,138
"2024-06-25",38,28427,29916,25748,848,6562,2476,17193,0,12,206,1013,991,805,-451,-526,998,697,996,75
"2024-06-25",39,28754,30669,26163,812,6562,1743,17193,0,9,632,1473,992,-254,-451,-447,875,697,996,-254
"2024-06-25",40,29120,31068,26555,776,6562,1110,17193,0,8,758,1504,992,-279,-451,-434,870,697,995,-276
"2024-06-25",41,28401,30178,25935,742,6562,554,17193,0,6,587,1505,992,-106,-451,-475,667,697,996,-239
"2024-06-25",42,28075,29850,25610,707,6562,172,17193,0,6,421,1505,991,-104,-451,-493,660,697,995,-221
"2024-06-25",43,27779,29566,25351,685,6562,11,17193,0,9,-9,1505,959,-301,-451,-526,746,697,995,311
"2024-06-25",44,27348,29146,25006,663,6562,0,17193,0,9,-74,1505,958,-311,-451,-527,750,697,995,350
"2024-06-25",45,26975,28463,24751,636,6562,0,17193,0,11,-93,1504,990,339,-451,-526,737,697,995,467
"2024-06-25",46,25785,27270,23623,609,6562,0,17193,0,7,-278,1505,991,380,-451,-527,735,697,995,473
"2024-06-25",47,24216,25675,22131,574,6562,0,17193,0,7,-387,1506,983,439,-451,-501,410,697,996,380
"2024-06-25",48,22941,24306,20994,539,6562,0,17193,0,6,-337,1506,983,441,-428,-431,397,697,996,372
"2024-06-26",1,22199,23615,20294,505,6562,0,17193,0,5,-359,1505,991,447,-389,-522,478,697,996,359
"2024-06-26",2,21682,23067,19797,470,6562,0,17193,0,3,-371,1505,992,438,-367,-515,481,697,995,356
"2024-06-26",3,21206,22529,19375,450,6562,0,17193,0,3,-413,1505,991,105,-354,-466,481,697,996,276
"2024-06-26",4,20928,22198,19154,430,6562,0,17193,0,3,-405,1505,992,102,-350,-417,481,697,995,271
"2024-06-26",5,20700,21951,18934,423,6562,0,17193,0,3,-391,1505,992,360,-358,-390,479,697,995,258
"2024-06-26",6,20533,21889,18729,416,6562,0,17193,0,3,-478,1505,991,384,-371,-482,479,697,995,249
"2024-06-26",7,20346,21602,18544,414,6562,0,17193,0,3,-491,1505,991,342,-368,-365,481,697,995,-20
"2024-06-26",8,20127,21418,18297,411,6562,0,17193,0,3,-549,1505,991,336,-361,-372,481,697,996,-55
"2024-06-26",9,19748,21635,18001,441,6562,0,17193,0,3,-316,1505,991,131,-356,-355,481,697,982,-673
"2024-06-26",10,19518,21535,17795,471,6562,0,17193,0,4,-299,1505,991,130,-357,-437,481,697,982,-719
"2024-06-26",11,19274,21950,17596,482,6562,44,17193,0,7,-56,1506,991,-685,-307,-318,247,697,994,-859
"2024-06-26",12,19674,22397,17929,492,6562,298,17193,0,7,-111,1505,991,-751,-374,-235,237,697,995,-856
"2024-06-26",13,21498,23290,19648,506,6562,717,17193,0,7,50,1506,977,-3,-450,-359,-93,697,996,-380
"2024-06-26",14,22828,24537,20848,519,6562,1264,17193,0,13,179,1506,977,0,-450,-333,-100,697,996,-313
"2024-06-26",15,24775,26174,22527,497,6562,1937,17193,0,13,-84,1504,981,576,-451,-435,455,697,996,577
"2024-06-26",16,25403,26847,23038,474,6562,2737,17193,0,13,117,1505,981,689,-451,-480,481,697,996,656
"2024-06-26",17,25911,27402,23419,487,6562,3674,17193,0,13,-176,1504,991,1002,-451,-527,553,697,996,965
"2024-06-26",18,25365,26855,22829,499,6562,4790,17193,0,12,-522,1505,991,1003,-451,-527,557,697,996,986
"2024-06-26",19,25303,26791,22674,511,6562,5841,17193,0,9,-541,1503,991,1003,-451,-528,935,697,995,983
"2024-06-26",20,24858,26344,22247,522,6562,6783,17193,0,7,-519,1503,980,1003,-451,-528,950,697,994,982
"2024-06-26",21,24169,25655,21580,566,6562,7787,17193,0,7,-512,1504,584,1003,-451,-528,950,697,950,985
"2024-06-26",22,23661,25147,21039,610,6562,8565,17193,0,7,-422,1504,556,1003,-451,-528,950,697,945,986
"2024-06-26",23,23082,24438,20524,641,6562,9196,17193,0,7,-377,1504,556,1003,-383,-466,1017,697,818,986
"2024-06-26",24,22776,23951,20230,671,6562,9726,17193,0,7,-62,1504,561,1003,-245,-423,1019,697,815,986
"2024-06-26",25,22888,23971,20325,728,6562,10090,17193,0,7,149,1504,766,1003,-293,-283,829,697,983,986
"2024-06-26",26,22729,23683,20248,784,6562,10255,17193,0,7,357,1504,780,1003,-246,-201,822,697,995,986
"2024-06-26",27,22659,23388,20334,851,6562,9988,17193,0,4,602,1504,797,1003,-162,-63,897,697,988,986
"2024-06-26",28,22616,23265,20346,917,6562,9761,17193,0,7,901,1435,801,1003,-142,0,900,697,987,986
"2024-06-26",29,22727,23373,20447,968,6562,9685,17193,0,7,1078,1303,884,1003,-139,0,905,697,993,986
"2024-06-26",30,22830,23480,20542,1018,6562,9166,17193,0,5,1059,1303,889,1003,-145,0,905,697,994,983
"2024-06-26",31,23132,23681,20821,1062,6562,8452,17193,0,8,1388,1303,850,986,-41,0,977,697,994,845
"2024-06-26",32,23724,24232,21425,1105,6562,7857,17193,0,8,1811,1303,849,986,47,0,978,697,995,836
"2024-06-26",33,24587,25095,22271,1140,6562,7051,17193,0,8,2267,1304,910,1002,194,0,670,697,996,883
"2024-06-26",34,25793,26301,23443,1174,6562,6172,17193,0,8,2444,1304,916,999,251,0,658,697,997,852
"2024-06-26",35,26482,27085,24088,1203,6562,5320,17193,0,8,2621,1305,986,519,343,0,487,697,997,-95
"2024-06-26",36,27379,28081,25008,1232,6562,4258,17193,0,10,2941,1305,988,471,279,68,481,697,998,-192
"2024-06-26",37,28116,30408,25805,1220,6562,3381,17193,0,5,3263,1305,871,-751,374,221,250,697,998,-1036
"2024-06-26",38,28600,31132,26391,1208,6562,2413,17193,0,5,3447,1305,864,-933,345,348,241,697,995,-1094
"2024-06-26",39,28877,31489,26783,1184,6562,1598,17193,0,5,3836,1306,888,-1014,396,481,154,697,910,-1093
"2024-06-26",40,28828,31441,26801,1160,6562,966,17193,0,5,3767,1305,891,-1015,400,504,149,697,905,-1093
"2024-06-26",41,28296,31101,26223,1201,6562,456,17193,0,5,3388,1306,947,-1016,400,504,-191,697,946,-1093
"2024-06-26",42,28297,31116,26180,1242,6562,126,17193,0,7,3383,1301,938,-1016,400,504,-204,697,949,-1092
"2024-06-26",43,27872,30534,25793,1313,6562,6,17193,0,10,3614,1010,375,-1012,400,504,-91,697,926,-1049
"2024-06-26",44,27401,30023,25382,1384,6562,0,17193,0,4,3793,994,336,-1010,400,489,-87,697,907,-1021
"2024-06-26",45,27351,28904,25388,1415,6562,0,17193,0,4,3950,1005,424,-688,398,361,-250,697,299,-111
"2024-06-26",46,25905,27385,23977,1446,6562,0,17193,0,3,3896,1010,440,-674,299,213,-254,697,269,-49
"2024-06-26",47,24107,25418,22396,1480,6562,0,17193,0,11,3499,1290,838,-751,249,70,51,697,583,-49
"2024-06-26",48,22801,24159,21238,1513,6562,0,17193,0,9,3538,1305,867,-752,250,-52,63,697,606,-45
"2024-06-27",1,21957,23284,20508,1556,6562,0,17193,0,10,3622,1305,926,-807,318,-10,171,697,739,72
"2024-06-27",2,21141,22463,19758,1599,6562,0,17193,0,13,3726,1305,931,-809,400,0,175,697,747,86
"2024-06-27",3,20719,21997,19381,1633,6562,0,17193,0,13,3838,1305,988,-765,400,37,211,697,714,242
"2024-06-27",4,20341,21621,19106,1667,6562,0,17193,0,17,3945,1305,992,-763,400,3,208,697,719,237
"2024-06-27",5,19798,21726,18592,1706,6562,0,17193,0,47,4002,1306,992,-734,400,37,-289,697,973,-358
"2024-06-27",6,19381,21347,18182,1745,6562,0,17193,0,8,4083,1306,992,-733,400,0,-314,697,989,-411
"2024-06-27",7,19055,22067,17855,1790,6562,0,17193,0,8,4107,1306,992,-896,400,48,-752,697,980,-856
"2024-06-27",8,18801,21873,17634,1834,6562,0,17193,0,8,4059,1307,991,-903,400,48,-770,697,980,-891
"2024-06-27",9,18478,22027,17357,1837,6562,0,17193,0,245,4077,1306,969,-1002,400,151,-730,697,962,-1072
"2024-06-27",10,18313,22091,17214,1839,6562,0,17193,0,459,3999,1286,965,-1005,400,156,-729,697,961,-1085
"2024-06-27",11,18109,22287,16928,1881,6562,85,17193,0,593,3872,551,853,-1005,400,300,-989,697,958,-1091
"2024-06-27",12,18993,22894,17803,1922,6562,347,17193,0,323,3840,509,833,-1004,400,334,-988,697,947,-1086
"2024-06-27",13,20683,23297,19355,2041,6562,697,17193,0,115,3951,974,373,-833,400,364,-306,697,568,-860
"2024-06-27",14,21672,24030,20406,2160,6562,1155,17193,0,12,4037,1006,353,-751,400,281,-270,697,543,-825
"2024-06-27",15,23554,24190,22141,2292,6562,1502,17193,0,8,3965,956,768,363,377,141,41,697,532,-128
"2024-06-27",16,24039,24612,22621,2423,6562,2129,17193,0,7,4045,951,795,442,261,148,53,697,540,-66
"2024-06-27",17,24960,25463,23476,2649,6562,2877,17193,0,3,3986,805,760,867,115,29,343,697,878,477
"2024-06-27",18,24494,25000,23028,2875,6562,3721,17193,0,6,3921,801,759,828,5,0,356,697,894,527
"2024-06-27",19,24161,24726,22820,3087,6562,4976,17193,0,8,4046,985,786,121,-57,0,773,697,710,958
"2024-06-27",20,23555,24110,22078,3299,6562,5852,17193,0,7,3885,993,779,109,-48,0,790,697,691,988
"2024-06-27",21,22806,23490,21357,3454,6562,6592,17193,0,7,3842,720,469,745,-177,0,528,697,457,975
"2024-06-27",22,21938,22588,20425,3608,6562,7261,17193,0,6,3683,702,445,819,-144,0,516,697,438,966
"2024-06-27",23,21051,21825,19602,3735,6562,7962,17193,0,272,4161,602,330,597,-2,55,87,697,286,692
"2024-06-27",24,20551,21663,19170,3862,6562,8672,17193,0,555,3835,604,329,590,-57,11,70,697,271,620
"2024-06-27",25,20168,22154,18819,3974,6562,9308,17193,0,857,3925,826,553,370,-124,0,332,697,72,-505
"2024-06-27",26,19882,22188,18526,4086,6562,9825,17193,0,997,4007,834,565,371,-193,46,343,689,68,-616
"2024-06-27",27,19724,22573,18329,4190,6562,9512,17193,0,993,3831,612,454,507,-343,-52,473,584,351,-961
"2024-06-27",28,19528,22134,18114,4294,6562,8865,17193,0,774,3807,574,441,513,-335,-9,478,575,362,-988
"2024-06-27",29,19197,22156,17815,4369,6562,8408,17193,0,994,4048,-149,226,681,-231,0,386,618,122,-1085
"2024-06-27",30,19053,21688,17626,4443,6562,8309,17193,0,572,3772,-188,211,638,-283,0,383,617,113,-1092
"2024-06-27",31,18851,21109,17490,4488,6562,8049,17193,0,450,3758,44,193,3,-216,0,439,531,353,-1092
"2024-06-27",32,19281,21546,18031,4532,6562,7596,17193,0,565,4321,67,207,0,-81,-27,441,532,369,-1092
"2024-06-27",33,20546,22672,19244,4570,6562,6535,17193,0,66,4247,503,711,-468,0,18,401,679,386,-1092
"2024-06-27",34,21324,23575,19892,4608,6562,5713,17193,0,114,4045,555,745,-545,29,0,399,697,396,-1092
"2024-06-27",35,22377,24794,20922,4621,6562,4971,17193,0,10,4233,506,795,-815,81,0,479,697,704,-1092
"2024-06-27",36,22815,25232,21357,4634,6562,4140,17193,0,8,4253,525,802,-817,31,0,450,697,730,-1092
"2024-06-27",37,23039,26176,21558,4571,6562,3157,17193,0,9,4291,1445,935,-1006,161,20,-530,698,952,-1092
"2024-06-27",38,23814,27017,22385,4507,6562,2303,17193,0,3,4115,1502,945,-1010,211,0,-598,697,967,-1092
"2024-06-27",39,24001,27482,22645,4364,6562,1527,17193,0,1,4161,1318,989,-1015,350,0,-873,697,995,-1092
"2024-06-27",40,24294,27786,23055,4220,6562,1042,17193,0,2,4142,1311,992,-1015,373,0,-883,697,995,-1092
"2024-06-27",41,24450,27897,23109,4062,6562,570,17193,0,1,3872,1495,992,-1015,340,0,-839,697,924,-1092
"2024-06-27",42,24452,27892,23075,3903,6562,197,17193,0,1,3945,1500,977,-1014,278,0,-833,697,912,-1092
"2024-06-27",43,24141,27043,22881,3797,6562,13,17193,0,1,4274,1173,504,-982,382,0,-327,697,625,-1092
"2024-06-27",44,23712,26598,22473,3690,6562,0,17193,0,7,4160,1142,480,-982,296,18,-305,697,605,-1092
"2024-06-27",45,22771,25803,21697,3703,6562,0,17193,0,6,4105,663,621,-1014,147,0,-420,697,551,-1092
"2024-06-27",46,21429,24537,20478,3716,6562,0,17193,0,8,4179,623,615,-1015,67,-63,-430,697,553,-1092
"2024-06-27",47,19945,23718,19103,3736,6562,0,17193,0,13,4024,254,182,-1014,-41,-118,-995,697,765,-1092
"2024-06-27",48,18903,23192,18143,3755,6562,0,17193,0,462,3858,221,146,-1014,-193,-7,-1021,675,770,-1092
"2024-06-28",1,17865,22627,17146,3741,6562,0,17193,0,462,3850,-199,-138,-1015,-297,-38,-1021,392,441,-1092
"2024-06-28",2,17528,22253,16849,3726,6562,0,17193,0,388,4029,-239,-160,-1015,-300,-10,-1021,329,410,-1092
"2024-06-28",3,17142,22370,16527,3756,6562,0,17193,0,510,4301,-446,-315,-1015,-300,0,-1021,-29,74,-1092
"2024-06-28",4,16946,22327,16343,3785,6562,0,17193,0,576,4391,-458,-314,-1015,-300,-8,-1021,-97,52,-1092
"2024-06-28",5,16577,22254,15979,3794,6562,0,17193,0,625,4428,-605,-6,-1014,-300,-110,-1021,-404,61,-1092
"2024-06-28",6,16295,22043,15654,3802,6562,0,17193,0,570,4476,-598,7,-1015,-300,-196,-1021,-456,61,-1092
"2024-06-28",7,16103,21739,15516,3814,6562,0,17193,0,691,4837,62,-116,-1015,-300,-280,-1021,-621,5,-1092
"2024-06-28",8,16011,21771,15372,3825,6562,0,17193,0,694,4598,67,-131,-1015,-300,-364,-1021,-634,-9,-1092
"2024-06-28",9,15750,22150,15180,3812,6562,0,17193,0,593,4652,-383,-357,-1015,-300,-236,-1021,-526,-377,-1092
"2024-06-28",10,15476,22045,14894,3798,6562,0,17193,0,689,4625,-428,-374,-1015,-300,-269,-1021,-481,-400,-1092
"2024-06-28",11,15823,22114,15255,3804,6562,44,17193,0,453,4524,-694,-482,-1013,-300,-306,-944,-90,-415,-1094
"2024-06-28",12,16143,22503,15556,3810,6562,281,17193,0,572,4336,-686,-485,-1014,-300,-339,-941,-14,-413,-1096
"2024-06-28",13,17693,23355,17013,3901,6562,702,17193,0,513,4154,145,-384,-1015,-300,-467,-1019,360,-368,-1096
"2024-06-28",14,18890,24351,18080,3992,6562,1234,17193,0,290,3910,214,-369,-1014,-369,-474,-994,425,-355,-1096
"2024-06-28",15,20337,24454,19414,4045,6562,1855,17193,0,289,3841,-32,-128,-1015,-450,-520,-75,667,-12,-1096
"2024-06-28",16,20883,24602,19882,4098,6562,2512,17193,0,87,3659,-53,-114,-885,-450,-529,-18,697,10,-1083
"2024-06-28",17,21706,25124,20543,4133,6562,3410,17193,0,390,3532,-423,-91,511,-450,-529,-387,697,-22,-626
"2024-06-28",18,21685,25093,20504,4168,6562,3914,17193,0,427,3722,-442,-78,594,-450,-529,-380,668,-24,-578
"2024-06-28",19,22271,24318,20975,4151,6562,4204,17193,0,436,4045,-132,231,487,-450,-529,455,294,4,9
"2024-06-28",20,22373,24560,21018,4134,6562,4459,17193,0,601,4095,-107,246,473,-450,-529,506,243,15,66
"2024-06-28",21,22453,24541,21092,4058,6562,4946,17193,0,609,4145,62,206,105,-450,-529,487,186,287,705
"2024-06-28",22,22216,24307,20860,3981,6562,5022,17193,0,611,4122,68,204,103,-450,-530,488,194,305,748
"2024-06-28",23,22487,24527,21095,3924,6562,5222,17193,0,560,3631,308,193,642,-450,-530,899,390,337,759
"2024-06-28",24,22509,24605,21160,3867,6562,6073,17193,0,617,4032,320,194,735,-450,-529,916,431,339,765
"2024-06-28",25,22532,24640,21259,3814,6562,6233,17193,0,629,3976,296,268,947,-450,-529,1001,642,356,968
"2024-06-28",26,22347,24500,21082,3760,6562,5905,17193,0,674,4103,297,265,955,-450,-529,1004,654,360,982
"2024-06-28",27,21859,24049,20605,3730,6562,6012,17193,0,676,4240,379,-36,1001,-450,-528,995,469,457,982
"2024-06-28",28,21373,23581,20158,3699,6562,6216,17193,0,678,4151,393,-52,1003,-450,-528,994,434,464,982
"2024-06-28",29,20600,22748,19445,3656,6562,6449,17193,0,670,3861,721,113,1003,-450,-528,979,24,505,988
"2024-06-28",30,20187,22335,19053,3613,6562,6477,17193,0,670,3925,735,114,1002,-450,-528,977,7,505,983
"2024-06-28",31,19621,21924,18543,3558,6562,6134,17193,0,584,4183,323,-241,825,-450,-528,675,418,405,716
"2024-06-28",32,19739,22021,18695,3503,6562,6392,17193,0,544,3871,298,-261,823,-450,-527,663,476,407,707
"2024-06-28",33,20777,22867,19630,3399,6562,6029,17193,0,521,3993,190,-91,727,-450,-528,766,850,710,1061
"2024-06-28",34,21432,23340,20247,3294,6562,5250,17193,0,363,4014,174,-67,726,-450,-528,766,925,728,1085
"2024-06-28",35,21958,23978,20705,3157,6562,4546,17193,0,543,3920,270,391,689,-450,-527,296,1299,674,1085
"2024-06-28",36,22408,24169,21048,3020,6562,3832,17193,0,284,3571,289,435,634,-450,-527,276,1348,679,1087
"2024-06-28",37,23282,24879,21895,2840,6562,3291,17193,0,25,3667,902,888,-95,-450,-527,334,1392,977,1173
"2024-06-28",38,23752,25349,22280,2659,6562,2728,17193,0,16,3338,945,919,-104,-450,-527,336,1397,983,1183
"2024-06-28",39,24440,26410,22990,2387,6562,1933,17193,0,7,3268,1350,948,-486,-450,-527,328,1397,521,1342
"2024-06-28",40,24820,26837,23250,2114,6562,1275,17193,0,7,2977,1372,951,-533,-450,-527,327,1398,503,1333
"2024-06-28",41,24768,26653,23205,1897,6562,655,17193,0,9,2678,1386,990,-399,-450,-527,45,1397,888,554
"2024-06-28",42,24443,26321,22915,1679,6562,207,17193,0,11,2618,1386,992,-390,-450,-527,35,1398,913,494
"2024-06-28",43,24202,26123,22660,1565,6562,20,17193,0,10,2527,1345,980,-434,-450,-527,138,1398,959,273
"2024-06-28",44,24005,25935,22383,1450,6562,0,17193,0,11,2354,1344,979,-442,-450,-527,148,1398,962,266
"2024-06-28",45,23884,26038,22261,1384,6562,0,17193,0,6,2157,1343,988,-671,-450,-527,719,1398,963,595
"2024-06-28",46,23212,25369,21562,1317,6562,0,17193,0,10,2097,1346,988,-671,-450,-526,746,1398,964,601
"2024-06-28",47,22273,24190,20708,1284,6562,0,17193,0,9,2364,1495,992,-372,-450,-527,900,1398,993,-59
"2024-06-28",48,21430,23367,19941,1250,6562,0,17193,0,6,2349,1503,992,-348,-450,-527,905,1398,995,-106
"2024-06-29",1,20671,22749,19232,1194,6562,0,17193,0,4,2482,1503,992,-553,-383,-527,758,1399,995,-111
"2024-06-29",2,20081,22102,18662,1138,6562,0,17193,0,7,2603,1503,992,-553,-330,-527,752,1399,995,-104
"2024-06-29",3,19509,21436,18040,1133,6562,0,17193,0,6,2245,1504,992,-564,-330,-527,604,1399,995,224
"2024-06-29",4,19217,21145,17869,1128,6562,0,17193,0,6,2309,1504,992,-565,-330,-527,600,1399,995,235
"2024-06-29",5,18914,21281,17573,1105,6562,0,17193,0,8,2436,1503,992,-763,-330,-527,937,1399,995,-239
"2024-06-29",6,18625,21029,17331,1081,6562,0,17193,0,8,2424,1503,992,-765,-330,-527,950,1399,995,-274
"2024-06-29",7,18141,20600,16926,1054,6562,0,17193,0,8,2404,1503,992,-736,-330,-527,809,1399,995,-358
"2024-06-29",8,17916,20381,16681,1026,6562,0,17193,0,8,2157,1504,992,-735,-330,-527,804,1399,995,-365
"2024-06-29",9,17867,20453,16592,999,6562,0,17193,0,8,2416,1504,992,-812,-330,-527,839,1398,996,-409
"2024-06-29",10,17483,20077,16265,971,6562,0,17193,0,8,2380,1514,992,-813,-330,-527,840,1398,996,-416
"2024-06-29",11,17465,20217,16217,958,6562,55,17193,0,8,2315,1879,992,-815,-330,-527,858,1398,995,-572
"2024-06-29",12,17647,20319,16326,944,6562,339,17193,0,10,2265,1904,992,-735,-330,-527,859,1398,995,-570
"2024-06-29",13,18332,19833,16946,947,6562,783,17193,0,66,2066,1867,992,94,-330,-527,995,1398,995,-78
"2024-06-29",14,18671,20052,17204,949,6562,1352,17193,0,12,2020,1867,992,108,-330,-527,999,1399,995,-12
"2024-06-29",15,19418,20907,17914,972,6562,2050,17193,0,65,1815,1988,992,860,-397,-527,999,1398,995,917
"2024-06-29",16,19595,21142,18052,995,6562,2720,17193,0,70,1920,1994,992,933,-450,-527,999,1399,995,990
"2024-06-29",17,20007,21554,18408,1032,6562,3557,17193,0,70,1995,2002,992,1000,-450,-527,999,1399,995,990
"2024-06-29",18,20373,21921,18741,1068,6562,4232,17193,0,71,2197,2002,992,1004,-450,-527,999,1398,995,990
"2024-06-29",19,20516,22006,18901,1119,6562,4934,17193,0,13,2372,2002,992,1003,-450,-527,1018,1399,995,990
"2024-06-29",20,20527,22011,18862,1169,6562,5903,17193,0,7,2487,2002,992,1003,-450,-527,1019,1398,995,990
"2024-06-29",21,20268,21752,18547,1205,6562,6549,17193,0,7,2251,2002,992,1003,-450,-527,1019,1398,995,990
"2024-06-29",22,19741,21230,18049,1241,6562,7373,17193,0,12,2304,2002,992,1003,-450,-527,1019,1398,995,990
"2024-06-29",23,19103,20648,17445,1265,6562,8026,17193,0,68,2239,2002,992,1003,-450,-527,1019,1399,995,990
"2024-06-29",24,18640,20421,17034,1288,6562,8248,17193,0,304,2275,2002,992,1003,-450,-527,1019,1399,995,990
"2024-06-29",25,18295,20075,16646,1311,6562,8860,17193,0,302,2255,2002,992,1003,-451,-527,1019,1399,995,990
"2024-06-29",26,17845,19698,16257,1334,6562,8896,17193,0,375,2381,2003,992,1003,-451,-527,1019,1399,995,990
"2024-06-29",27,17301,19483,15808,1338,6562,9061,17193,0,708,2503,2002,992,1003,-448,-526,1019,1399,994,990
"2024-06-29",28,16910,19071,15498,1342,6562,8971,17193,0,751,2591,2002,992,1003,-383,-527,1018,1399,994,990
"2024-06-29",29,16673,18822,15303,1350,6562,8906,17193,0,674,2568,2003,992,918,-448,-527,705,1398,995,990
"2024-06-29",30,16796,18884,15407,1357,6562,8502,17193,0,621,2657,1996,992,903,-440,-527,693,1399,995,985
"2024-06-29",31,16971,18632,15537,1350,6562,7720,17193,0,211,2713,1685,992,612,-424,-526,731,1399,996,785
"2024-06-29",32,17934,19472,16415,1342,6562,6879,17193,0,152,2775,1662,992,611,-360,-526,733,1399,995,770
"2024-06-29",33,18807,20028,17156,1354,6562,5983,17193,0,11,2911,1512,992,359,-225,-485,972,1399,996,751
"2024-06-29",34,20154,21453,18454,1366,6562,5010,17193,0,13,2906,1503,992,349,-290,-496,981,1399,996,738
"2024-06-29",35,22010,23205,20204,1348,6562,4115,17193,0,12,2789,1503,991,334,-317,-366,998,1399,995,343
"2024-06-29",36,23050,24290,21182,1330,6562,3385,17193,0,15,2943,1503,991,325,-358,-367,999,1399,995,247
"2024-06-29",37,23160,25897,21233,1299,6562,2700,17193,0,7,3183,1503,991,-791,-231,-233,852,1399,996,-975
"2024-06-29",38,23611,26599,21731,1268,6562,2089,17193,0,5,3112,1503,992,-996,-309,-81,847,1399,996,-1097
"2024-06-29",39,24316,27272,22480,1202,6562,1589,17193,0,3,3187,1503,991,-1013,-343,0,994,1399,995,-1097
"2024-06-29",40,24367,27349,22566,1136,6562,783,17193,0,5,3073,1503,991,-1014,-400,-3,999,1399,995,-1060
"2024-06-29",41,24620,26601,22790,1040,6562,413,17193,0,5,2870,1503,992,-1016,-308,-80,979,1399,996,-72
"2024-06-29",42,24446,26170,22587,944,6562,123,17193,0,5,2626,1503,991,-884,-304,-31,977,1398,995,23
"2024-06-29",43,24737,25569,22848,901,6562,10,17193,0,8,2417,1503,992,-3,-321,0,998,1399,995,770
"2024-06-29",44,24403,25233,22534,857,6562,0,17193,0,7,2362,1503,991,0,-323,0,999,1399,994,820
"2024-06-29",45,24007,24942,22146,865,6562,0,17193,0,7,2191,1503,992,162,-428,0,999,1399,994,885
"2024-06-29",46,23199,24134,21416,873,6562,0,17193,0,7,2244,1505,992,173,-428,0,999,1399,994,891
"2024-06-29",47,22022,22889,20327,888,6562,0,17193,0,7,2172,1637,992,600,-360,0,866,1399,995,979
"2024-06-29",48,21156,21922,19543,903,6562,0,17193,0,7,2415,1652,991,609,-259,0,861,1399,995,978
"2024-06-30",1,20182,21153,18702,868,6562,0,17193,0,7,2216,1982,991,-205,-259,0,994,1399,994,724
"2024-06-30",2,19734,20735,18267,833,6562,0,17193,0,3,2271,1995,991,-222,-276,0,995,1399,994,701
"2024-06-30",3,19105,19843,17709,848,6562,0,17193,0,3,2462,1564,991,-2,-233,0,499,1398,996,535
"2024-06-30",4,18832,19516,17470,863,6562,0,17193,0,3,2508,1542,991,0,-181,0,477,1398,996,513
"2024-06-30",5,18319,19258,17037,884,6562,0,17193,0,3,2155,1625,991,-116,-320,0,580,1398,996,181
"2024-06-30",6,17995,19034,16688,905,6562,0,17193,0,51,1893,1630,992,-123,-365,0,583,1399,996,157
"2024-06-30",7,17642,19334,16345,932,6562,0,17193,0,461,1785,1530,992,-322,-356,-53,686,1399,996,164
"2024-06-30",8,17345,19265,16023,959,6562,0,17193,0,573,1772,1524,992,-330,-348,-169,689,1398,996,167
"2024-06-30",9,17052,19023,15778,969,6562,0,17193,0,578,1920,1320,992,-237,-335,-321,516,1399,996,260
"2024-06-30",10,16630,18731,15335,979,6562,0,17193,0,628,1795,1312,991,-233,-319,-421,510,1398,994,267
"2024-06-30",11,16507,18740,15188,1032,6562,25,17193,0,621,1878,1391,992,-276,-314,-522,521,1398,907,274
"2024-06-30",12,16347,18599,15033,1085,6562,179,17193,0,625,1771,1394,992,-277,-323,-527,522,1384,902,269
"2024-06-30",13,16550,18743,15220,1149,6562,437,17193,0,613,1577,1245,992,-213,-341,-526,860,1203,902,62
"2024-06-30",14,16770,18981,15409,1212,6562,794,17193,0,614,1746,1233,981,-211,-359,-527,873,1195,902,46
"2024-06-30",15,17239,19344,15738,1248,6562,1232,17193,0,587,1642,984,700,-107,-384,-527,802,1375,902,1
"2024-06-30",16,17788,19924,16202,1283,6562,1757,17193,0,605,1839,971,676,-104,-419,-508,799,1398,898,11
"2024-06-30",17,18622,20082,16961,1301,6562,2228,17193,0,141,1884,944,459,470,-443,-376,520,1398,742,377
"2024-06-30",18,19510,20889,17749,1319,6562,2674,17193,0,120,1877,945,443,542,-450,-309,509,1398,732,401
"2024-06-30",19,20435,21536,18537,1316,6562,3043,17193,0,16,2063,1033,332,730,-421,-164,649,1397,732,382
"2024-06-30",20,20900,21976,18933,1312,6562,3427,17193,0,12,2042,1043,330,738,-440,-124,653,1397,733,384
"2024-06-30",21,21538,22769,19438,1288,6562,3703,17193,0,12,1865,1288,442,807,-450,-269,771,1398,743,564
"2024-06-30",22,21528,22787,19440,1263,6562,4014,17193,0,12,1736,1305,452,808,-450,-297,775,1398,749,576
"2024-06-30",23,21666,23020,19568,1248,6562,4241,17193,0,12,1626,1590,594,787,-415,-427,775,1398,912,556
"2024-06-30",24,21980,23315,19902,1232,6562,4539,17193,0,12,1927,1616,614,793,-389,-434,776,1398,925,555
"2024-06-30",25,22065,23348,19994,1220,6562,4960,17193,0,13,1620,1977,968,1002,-360,-410,1011,1398,991,595
"2024-06-30",26,21745,23120,19705,1208,6562,5199,17193,0,13,1386,1999,992,1003,-391,-471,1019,1398,995,601
"2024-06-30",27,21361,22699,19311,1182,6562,5222,17193,0,13,993,1908,991,1002,-386,-439,1019,1399,994,690
"2024-06-30",28,21155,22479,19169,1156,6562,5236,17193,0,13,966,1905,991,1002,-381,-430,1019,1399,995,694
"2024-06-30",29,21039,22280,19064,1147,6562,5248,17193,0,13,1139,1996,991,1002,-382,-346,1000,1399,995,611
"2024-06-30",30,20903,22117,18928,1137,6562,5164,17193,0,13,1008,2002,991,1002,-389,-312,999,1399,994,602
"2024-06-30",31,20909,22156,18963,1133,6562,5063,17193,0,7,1060,2002,991,956,-367,-373,999,1399,995,512
"2024-06-30",32,21325,22538,19332,1129,6562,4692,17193,0,10,1079,2002,991,953,-364,-339,999,1399,995,500
"2024-06-30",33,22249,23396,20158,1127,6562,4125,17193,0,14,1361,2002,992,882,-364,-269,999,1399,995,297
"2024-06-30",34,23399,24534,21227,1124,6562,3415,17193,0,16,1751,1996,991,879,-248,-371,999,1398,995,291
"2024-06-30",35,24024,25330,21762,1122,6562,2994,17193,0,14,1411,1695,991,555,-286,-506,741,1398,996,614
"2024-06-30",36,24719,26073,22432,1119,6562,2543,17193,0,15,1251,1677,991,542,-311,-528,731,1399,996,638
"2024-06-30",37,25048,26449,22739,1111,6562,1940,17193,0,15,1166,1702,991,646,-359,-527,896,1399,996,685
"2024-06-30",38,24647,26052,22447,1103,6562,1512,17193,0,12,1364,1702,991,650,-365,-528,901,1399,995,695
"2024-06-30",39,25340,26728,23176,1054,6562,1099,17193,0,6,1588,1663,991,565,-354,-528,938,1399,995,969
"2024-06-30",40,25444,26904,23323,1005,6562,718,17193,0,7,1480,1661,991,561,-425,-528,940,1399,995,978
"2024-06-30",41,25602,27002,23510,915,6562,383,17193,0,10,1461,1606,992,455,-362,-528,997,1399,996,588
"2024-06-30",42,25144,26568,23063,824,6562,140,17193,0,11,1153,1603,990,454,-385,-528,999,1399,996,560
"2024-06-30",43,24735,26161,22658,789,6562,21,17193,0,10,961,1577,949,367,-389,-527,809,1399,996,567
"2024-06-30",44,24267,25661,22237,754,6562,0,17193,0,8,943,1582,947,364,-360,-526,802,1399,996,571
"2024-06-30",45,23782,25214,21769,739,6562,0,17193,0,12,728,1982,989,459,-393,-527,615,1399,996,698
"2024-06-30",46,22741,24225,20764,723,6562,0,17193,0,7,359,2000,991,463,-450,-527,609,1399,996,703
"2024-06-30",47,21553,22926,19665,726,6562,0,17193,0,7,319,1905,992,541,-405,-461,751,1399,996,565
"2024-06-30",48,20703,21910,18911,729,6562,0,17193,0,7,706,1902,991,544,-390,-310,755,1399,996,557
"2024-07-01",1,19888,20940,18177,717,6562,0,17193,0,5,497,1848,991,458,-390,-157,619,1399,996,636
"2024-07-01",2,19478,20469,17790,705,6562,0,17193,0,3,420,1846,992,445,-372,-116,614,1399,995,627
"2024-07-01",3,19028,19943,17390,716,6562,0,17193,0,3,655,1804,992,105,-352,-60,654,1399,996,45
"2024-07-01",4,18886,19771,17301,726,6562,0,17193,0,3,670,1803,992,102,-332,-35,655,1399,995,-15
"2024-07-01",5,18524,20088,16968,731,6562,0,17193,0,3,827,1803,992,517,-313,-61,609,1399,995,-687
"2024-07-01",6,18249,19819,16720,736,6562,0,17193,0,59,799,1804,992,537,-301,0,607,1399,996,-710
"2024-07-01",7,18132,19090,16609,752,6562,0,17193,0,62,809,1926,992,-96,-300,0,436,1399,995,179
"2024-07-01",8,18072,19044,16546,767,6562,0,17193,0,62,729,1932,991,-110,-300,0,430,1399,995,225
"2024-07-01",9,18026,19300,16526,798,6562,0,17193,0,62,837,1954,992,-2,-300,-13,363,1399,996,-397
"2024-07-01",10,17764,19146,16346,828,6562,0,17193,0,62,1134,1955,991,0,-263,-107,344,1399,995,-450
"2024-07-01",11,18012,19935,16597,876,6562,20,17193,0,11,1522,2004,992,0,-120,-19,-439,1399,996,-834
"2024-07-01",12,18611,20577,17180,923,6562,183,17193,0,7,1582,2006,992,0,-112,0,-481,1399,996,-866
"2024-07-01",13,20244,21935,18692,1005,6562,509,17193,0,7,2070,2006,991,0,-71,0,-34,1399,995,-1079
"2024-07-01",14,21639,23484,19960,1086,6562,932,17193,0,7,2217,2006,992,0,-201,-41,-12,1398,996,-1084
"2024-07-01",15,23221,24991,21375,1137,6562,1715,17193,0,7,1918,2003,991,0,-352,-188,424,1397,996,-723
"2024-07-01",16,23873,25733,21891,1187,6562,2485,17193,0,7,2089,2003,991,0,-413,-340,442,1397,996,-600
"2024-07-01",17,24616,26059,22457,1276,6562,2876,17193,0,7,1897,2003,991,0,-450,-486,461,1397,996,830
"2024-07-01",18,24822,26306,22553,1365,6562,3397,17193,0,7,1863,2003,991,0,-450,-527,462,1397,995,989
"2024-07-01",19,25304,26788,22956,1435,6562,4025,17193,0,7,1829,2003,991,0,-450,-527,433,1397,994,1032
"2024-07-01",20,25573,27058,23189,1504,6562,4064,17193,0,7,1959,2003,991,0,-450,-528,431,1397,994,1035
"2024-07-01",21,25593,27077,23194,1585,6562,4470,17193,0,7,1876,2003,992,0,-450,-527,432,1397,995,995
"2024-07-01",22,25697,27182,23341,1665,6562,4728,17193,0,7,2325,2003,991,1,-450,-528,431,1397,995,992
"2024-07-01",23,26096,27581,23770,1773,6562,4614,17193,0,7,2830,2003,991,0,-450,-528,337,1397,995,1015
"2024-07-01",24,26007,27425,23639,1881,6562,4835,17193,0,7,2817,2003,991,0,-382,-529,334,1397,995,1027
"2024-07-01",25,25758,27067,23476,1998,6562,4597,17193,0,7,2859,2003,992,1,-301,-501,523,1397,995,1387
"2024-07-01",26,25723,26933,23473,2115,6562,4621,17193,0,7,2965,2003,991,0,-300,-403,529,1397,995,1412
"2024-07-01",27,25379,26394,23249,2202,6562,4610,17193,0,8,2988,2003,991,0,-232,-275,575,1397,995,1418
"2024-07-01",28,24848,25666,22894,2288,6562,4059,17193,0,12,3288,2003,991,0,-125,-181,576,1397,995,1419
"2024-07-01",29,24987,25921,23092,2362,6562,3902,17193,0,7,3477,2006,991,0,-120,-307,558,1397,996,1419
"2024-07-01",30,24845,25822,23006,2436,6562,3985,17193,0,7,3517,2006,991,0,-122,-348,559,1397,997,1419
"2024-07-01",31,24835,26036,23007,2485,6562,3810,17193,0,7,3481,2004,991,1,-221,-473,887,1397,996,1419
"2024-07-01",32,25349,26668,23537,2534,6562,3585,17193,0,5,3252,2003,991,0,-371,-443,899,1397,997,1409
"2024-07-01",33,25797,27046,24002,2531,6562,3171,17193,0,7,3257,2004,991,0,-450,-292,701,1397,996,1016
"2024-07-01",34,26570,27648,24788,2528,6562,2722,17193,0,7,3347,2005,991,1,-431,-140,694,1397,996,989
"2024-07-01",35,27537,28508,25693,2506,6562,2416,17193,0,7,3403,2004,991,0,-450,-14,894,1397,996,989
"2024-07-01",36,28092,29094,26213,2484,6562,2126,17193,0,7,3477,2004,991,0,-450,-45,901,1397,996,973
"2024-07-01",37,28118,29068,26298,2433,6562,1623,17193,0,7,3739,2004,991,0,-440,-3,903,1397,997,384
"2024-07-01",38,28149,29106,26326,2382,6562,1130,17193,0,6,3474,2004,991,0,-450,-1,903,1397,996,325
"2024-07-01",39,27789,29144,26022,2263,6562,850,17193,0,3,3465,2004,991,0,-450,-38,673,1397,996,-364
"2024-07-01",40,27267,28688,25422,2144,6562,576,17193,0,1,3090,2005,991,0,-418,-90,664,1397,996,-412
"2024-07-01",41,27141,28745,25232,2043,6562,236,17193,0,1,2628,2004,991,0,-450,-241,892,1397,996,-412
"2024-07-01",42,27007,28744,25037,1942,6562,72,17193,0,1,2586,2004,992,1,-450,-392,900,1397,996,-394
"2024-07-01",43,26902,28348,24919,1878,6562,6,17193,0,1,2485,2006,992,0,-450,-495,681,1397,996,260
"2024-07-01",44,25716,27175,23839,1814,6562,0,17193,0,10,2439,2005,991,1,-450,-499,672,1397,996,290
"2024-07-01",45,24632,26347,22842,1776,6562,0,17193,0,14,2434,1998,987,0,-450,-466,845,1397,996,-285
"2024-07-01",46,23615,25397,21870,1738,6562,0,17193,0,12,2661,1998,987,1,-450,-493,844,1397,996,-327
"2024-07-01",47,22237,24096,20520,1710,6562,0,17193,0,108,2907,2001,989,1,-398,-439,251,1397,996,-414
"2024-07-01",48,21181,23144,19510,1681,6562,0,17193,0,215,2779,1997,989,1,-417,-402,221,1397,996,-429
"2024-07-02",1,20397,23199,18766,1628,6562,0,17193,0,579,2706,1905,992,1,-382,-518,-54,1397,996,-769
"2024-07-02",2,19877,22733,18308,1575,6562,0,17193,0,622,2639,1894,991,0,-351,-527,-65,1397,996,-791
"2024-07-02",3,19640,22477,18171,1550,6562,0,17193,0,410,2581,1634,992,1,-340,-527,-315,1397,997,-745
"2024-07-02",4,19294,22638,17790,1525,6562,0,17193,0,916,2343,1620,992,0,-331,-529,-324,1397,997,-744
"2024-07-02",5,18927,22429,17438,1508,6562,0,17193,0,908,2106,1628,992,0,-320,-528,-389,1397,996,-857
"2024-07-02",6,18400,21910,16990,1491,6562,0,17193,0,911,1914,1636,992,0,-311,-528,-391,1398,997,-869
"2024-07-02",7,18407,22174,17015,1470,6562,0,17193,0,893,1597,1957,992,0,-300,-527,-535,1397,997,-1012
"2024-07-02",8,18281,22059,16866,1449,6562,0,17193,0,890,1446,1969,990,0,-300,-527,-539,1397,997,-1022
"2024-07-02",9,18049,21827,16661,1414,6562,0,17193,0,725,1502,1660,962,0,-300,-528,-660,1397,997,-1065
"2024-07-02",10,17882,21810,16498,1379,6562,0,17193,0,867,1552,1632,957,1,-300,-527,-665,1397,997,-1069
"2024-07-02",11,18278,21925,16879,1359,6562,13,17193,0,327,2259,1303,872,0,-300,-528,-903,1397,998,-1089
"2024-07-02",12,18999,22790,17467,1338,6562,91,17193,0,509,2403,1283,868,0,-300,-514,-894,1397,997,-1074
"2024-07-02",13,20774,22807,19072,1353,6562,329,17193,0,212,2156,1296,879,1,-362,-417,-105,1397,997,-437
"2024-07-02",14,22164,24033,20360,1368,6562,742,17193,0,10,1940,1312,883,0,-425,-506,-60,1397,997,-368
"2024-07-02",15,23870,25355,21868,1416,6562,1198,17193,0,7,1870,1951,273,0,-450,-528,56,1397,997,529
"2024-07-02",16,24637,26133,22558,1464,6562,1766,17193,0,17,2062,1964,-1,0,-450,-528,79,1397,997,612
"2024-07-02",17,25555,27053,23392,1522,6562,2562,17193,0,17,2081,1064,-2,0,-450,-529,891,1397,997,1376
"2024-07-02",18,26261,27753,24028,1579,6562,3180,17193,0,12,2258,1004,-1,0,-450,-529,940,1397,998,1429
"2024-07-02",19,26401,27893,24125,1631,6562,3713,17193,0,11,2363,1005,-1,0,-450,-530,1016,1397,997,1428
"2024-07-02",20,26533,28024,24263,1683,6562,4288,17193,0,10,2366,1005,-2,0,-450,-529,1019,1397,998,1429
"2024-07-02",21,26223,27715,23976,1710,6562,4288,17193,0,12,2046,1005,-1,0,-450,-529,1019,1397,998,1429
"2024-07-02",22,25868,27355,23703,1736,6562,4209,17193,0,7,2081,1005,-2,1,-450,-528,1019,1397,998,1429
"2024-07-02",23,25594,27080,23441,1742,6562,4404,17193,0,7,1939,1005,-1,1,-450,-528,1019,1397,997,1421
"2024-07-02",24,25664,27151,23469,1748,6562,4863,17193,0,8,2119,1005,-1,1,-450,-528,1019,1397,998,1421
"2024-07-02",25,25636,27055,23414,1744,6562,5326,17193,0,8,2408,1005,-1,0,-382,-528,1019,1397,998,1421
"2024-07-02",26,25371,26641,23239,1740,6562,5017,17193,0,8,2510,1005,-1,0,-233,-528,1019,1397,997,1421
"2024-07-02",27,24955,26116,22875,1732,6562,4957,17193,0,8,2382,1004,-2,0,-124,-527,1019,1397,997,1421
"2024-07-02",28,24447,25603,22388,1723,6562,5424,17193,0,8,2469,1003,-1,0,-119,-528,1019,1397,997,1421
"2024-07-02",29,24020,25175,21957,1706,6562,5966,17193,0,8,2836,1003,-1,0,-119,-527,1000,1397,998,1418
"2024-07-02",30,24185,25341,22135,1688,6562,5785,17193,0,7,3319,1003,-2,0,-119,-528,999,1397,998,1416
"2024-07-02",31,24162,25323,22075,1679,6562,5635,17193,0,12,2776,1003,-2,0,-119,-528,999,1397,997,1396
"2024-07-02",32,24341,25501,22279,1669,6562,5790,17193,0,12,2569,1003,-2,0,-119,-527,999,1397,998,1394
"2024-07-02",33,24780,25939,22642,1630,6562,5248,17193,0,12,2546,1003,-1,1,-119,-527,999,1397,998,1417
"2024-07-02",34,25507,26666,23271,1590,6562,5070,17193,0,11,2490,1003,-2,0,-119,-527,999,1397,998,1419
"2024-07-02",35,26088,27248,23730,1544,6562,4369,17193,0,12,2008,1004,-2,0,-119,-527,999,1397,998,1406
"2024-07-02",36,26582,27737,24126,1498,6562,3465,17193,0,7,1764,1003,-2,0,-119,-527,999,1397,997,1404
"2024-07-02",37,27005,28158,24558,1455,6562,2833,17193,0,7,1803,1003,-1,0,-119,-526,999,1397,997,1418
"2024-07-02",38,27037,28192,24620,1411,6562,2197,17193,0,7,1752,1003,-2,0,-119,-527,999,1397,997,1419
"2024-07-02",39,27419,28573,25081,1320,6562,1426,17193,0,7,2029,1004,-1,0,-119,-527,999,1397,997,1419
"2024-07-02",40,27587,28739,25323,1228,6562,955,17193,0,5,2140,1004,-1,1,-119,-527,999,1397,997,1419
"2024-07-02",41,27225,28379,25065,1142,6562,462,17193,0,7,2001,1004,-1,1,-119,-527,999,1397,998,1419
"2024-07-02",42,27285,28508,25184,1056,6562,144,17193,0,7,2237,1004,-2,0,-189,-525,999,1397,998,1420
"2024-07-02",43,27065,28299,24978,1028,6562,7,17193,0,7,2045,1000,-2,0,-296,-429,980,1398,998,1425
"2024-07-02",44,26503,27610,24439,1000,6562,0,17193,0,7,1370,1000,-2,0,-300,-298,979,1398,998,1418
"2024-07-02",45,25586,26550,23527,996,6562,0,17193,0,8,1180,1003,-2,0,-300,-154,737,1399,998,1179
"2024-07-02",46,24402,25394,22330,991,6562,0,17193,0,18,1126,1004,-2,1,-369,-103,729,1398,998,1169
"2024-07-02",47,22805,23984,20892,989,6562,0,17193,0,91,1313,1004,-2,0,-437,-149,912,1398,997,1403
"2024-07-02",48,21431,22599,19665,987,6562,0,17193,0,12,1544,1004,-1,1,-379,-276,918,1398,997,1419
"2024-07-03",1,20816,21816,19115,972,6562,0,17193,0,8,1496,1004,-2,0,-312,-178,815,1398,997,1419
"2024-07-03",2,20448,21394,18785,957,6562,0,17193,0,130,1759,1004,-1,1,-281,-34,811,1398,997,1419
"2024-07-03",3,20102,21136,18423,1004,6562,0,17193,0,263,1924,1004,-1,1,-270,0,605,1397,998,1422
"2024-07-03",4,20008,20963,18357,1051,6562,0,17193,0,177,1774,1004,-2,0,-266,-10,597,1398,998,1408
"2024-07-03",5,19538,20502,17971,1102,6562,0,17193,0,72,1577,1005,-2,0,-261,-129,490,1397,998,852
"2024-07-03",6,19334,20406,17814,1153,6562,0,17193,0,121,1510,1005,-1,0,-261,-189,486,1397,998,800
"2024-07-03",7,19088,20213,17642,1198,6562,0,17193,0,78,1532,1005,-1,1,-261,-285,372,1398,998,316
"2024-07-03",8,19051,20163,17601,1242,6562,0,17193,0,73,1560,1005,-1,0,-261,-277,368,1398,997,275
"2024-07-03",9,18865,19851,17431,1269,6562,0,17193,0,68,1533,1005,-1,0,-261,-156,85,1398,997,16
"2024-07-03",10,18569,19572,17183,1296,6562,0,17193,0,70,1616,1005,-1,0,-261,-171,74,1398,997,6
"2024-07-03",11,18721,19820,17308,1335,6562,1,17193,0,231,1982,1005,-1,0,-261,-40,-66,1397,998,314
"2024-07-03",12,19375,20230,17891,1374,6562,48,17193,0,31,2266,1006,-1,1,-252,0,-71,1397,998,361
"2024-07-03",13,21078,22098,19424,1413,6562,222,17193,0,15,2309,1001,-1,0,-198,-74,-232,1397,984,1221
"2024-07-03",14,22559,23820,20770,1451,6562,440,17193,0,17,2102,1001,-1,0,-294,-226,-223,1397,984,1282
"2024-07-03",15,24457,25771,22509,1483,6562,747,17193,0,7,1931,1004,-1,0,-429,-377,497,1397,996,1378
"2024-07-03",16,25224,26681,23243,1514,6562,1223,17193,0,5,1941,1005,-1,0,-450,-501,540,1397,997,1386
"2024-07-03",17,26171,27658,24056,1615,6562,1852,17193,0,6,2142,1004,-1,0,-450,-530,980,1397,998,1419
"2024-07-03",18,26300,27787,24126,1716,6562,2458,17193,0,6,2107,1004,-1,0,-450,-530,999,1397,998,1421
"2024-07-03",19,26901,28387,24702,1835,6562,2934,17193,0,4,2130,1004,-1,0,-450,-531,899,1397,998,1421
"2024-07-03",20,26687,28175,24458,1953,6562,3135,17193,0,7,2144,1004,-1,1,-450,-530,889,1397,998,1421
"2024-07-03",21,26250,27741,24012,2006,6562,3602,17193,0,10,2072,1005,-1,0,-450,-530,328,1397,998,1421
"2024-07-03",22,26387,27876,24237,2058,6562,3844,17193,0,8,2157,1005,-1,0,-450,-530,304,1397,998,1421
"2024-07-03",23,26169,27619,24022,2140,6562,4015,17193,0,13,2284,1004,-1,0,-450,-486,744,1397,998,1421
"2024-07-03",24,25852,27144,23817,2222,6562,4495,17193,0,8,2491,1004,-1,0,-438,-345,763,1397,998,1421
"2024-07-03",25,25727,26752,23743,2309,6562,4959,17193,0,8,2569,1003,-1,0,-323,-193,1010,1397,998,1422
"2024-07-03",26,25613,26473,23698,2395,6562,4510,17193,0,8,2529,1003,-1,0,-304,-47,1019,1397,997,1421
"2024-07-03",27,25513,26188,23554,2471,6562,4310,17193,0,9,2749,1003,-1,0,-165,0,1019,1397,998,1421
"2024-07-03",28,25316,26170,23396,2546,6562,4714,17193,0,326,2937,1003,-1,0,-27,10,1019,1397,997,1421
"2024-07-03",29,25233,26137,23409,2623,6562,4536,17193,0,337,3250,1003,-1,0,-66,0,1000,1397,997,1421
"2024-07-03",30,25067,26290,23348,2700,6562,4180,17193,0,561,3236,1003,-1,0,-161,0,999,1397,997,1426
"2024-07-03",31,25056,25807,23452,2759,6562,4227,17193,0,205,3594,1003,-1,0,-37,-8,999,1397,998,1436
"2024-07-03",32,25668,26187,24089,2818,6562,3736,17193,0,18,4126,1003,-1,1,68,0,999,1397,997,1360
"2024-07-03",33,25641,26292,24041,2877,6562,3567,17193,0,150,4407,1003,-1,0,218,68,999,1397,997,2
"2024-07-03",34,26249,27146,24648,2936,6562,3049,17193,0,250,4166,1003,-1,0,362,118,999,1397,997,-146
"2024-07-03",35,26630,27648,24945,2995,6562,2741,17193,0,17,4169,1003,-1,0,400,212,999,1397,997,-500
"2024-07-03",36,26903,27951,25224,3054,6562,2207,17193,0,8,4343,1003,-1,0,400,235,998,1397,996,-539
"2024-07-03",37,26768,28335,25180,3056,6562,2025,17193,0,7,4198,1003,-1,0,399,231,701,1397,997,-1059
"2024-07-03",38,26865,28469,25374,3058,6562,1881,17193,0,8,4103,1003,-1,0,399,176,689,1397,997,-1095
"2024-07-03",39,26609,28213,25209,3009,6562,1478,17193,0,8,3647,1004,-1,1,399,154,509,1397,997,-1095
"2024-07-03",40,26577,28181,25228,2960,6562,955,17193,0,8,3668,1004,-1,0,333,115,502,1397,997,-1095
"2024-07-03",41,26590,28194,25219,2930,6562,493,17193,0,8,3664,1005,-1,0,183,91,192,1397,997,-1095
"2024-07-03",42,26228,27832,24833,2900,6562,172,17193,0,8,3115,1005,-1,0,39,36,181,1397,998,-1095
"2024-07-03",43,25727,27412,24299,2895,6562,13,17193,0,8,2911,981,-1,0,-69,-13,31,1397,997,-1094
"2024-07-03",44,24556,26508,23263,2890,6562,0,17193,0,9,3085,976,-1,0,-221,-126,25,1397,997,-1095
"2024-07-03",45,23417,25986,22242,2906,6562,0,17193,0,6,3147,712,-1,0,-369,-227,-371,1397,997,-1095
"2024-07-03",46,22388,25152,21174,2921,6562,0,17193,0,8,2882,684,-1,0,-419,-354,-387,1368,962,-1095
"2024-07-03",47,20727,24211,19676,2940,6562,0,17193,0,76,3217,-210,-2,0,-387,-423,-748,995,-43,-1095
"2024-07-03",48,19826,23885,18871,2959,6562,0,17193,0,507,3415,-301,-1,0,-321,-453,-762,920,-119,-1095
"2024-07-04",1,18774,23623,17861,3077,6562,0,17193,0,809,3639,-646,-1,1,-273,-435,-821,546,-269,-1095
"2024-07-04",2,18312,23152,17408,3194,6562,0,17193,0,874,3679,-668,-1,0,-243,-353,-823,470,-283,-1095
"2024-07-04",3,17941,22723,17101,3169,6562,0,17193,0,877,3854,-717,-1,1,-227,-288,-680,96,-397,-1095
"2024-07-04",4,17690,22397,16864,3143,6562,0,17193,0,792,3969,-724,-1,0,-227,-284,-676,20,-408,-1095
"2024-07-04",5,17356,23026,16608,3088,6562,0,17193,0,963,4221,-1004,-1,0,-227,-304,-699,-358,-519,-1095
"2024-07-04",6,16937,22673,16222,3032,6562,0,17193,0,973,4310,-1017,-1,1,-227,-261,-700,-435,-527,-1095
"2024-07-04",7,16760,22581,16081,3018,6562,0,17193,0,926,4175,-856,-1,0,-227,-167,-714,-820,-522,-1088
"2024-07-04",8,16932,22780,16196,3003,6562,0,17193,0,935,4002,-849,-1,0,-227,-114,-715,-899,-521,-1087
"2024-07-04",9,16786,23436,15993,2931,6562,0,17193,0,973,4274,-1010,-1,0,-227,-133,-902,-1291,-522,-1091
"2024-07-04",10,16497,22904,15722,2858,6562,0,17193,0,729,4139,-1000,-1,1,-227,-119,-908,-1323,-509,-1091
"2024-07-04",11,17121,22084,16322,2859,6562,52,17193,0,569,3986,-173,-1,0,-227,-246,-1017,-1106,-33,-1091
"2024-07-04",12,17648,22674,16815,2859,6562,357,17193,0,801,4091,-130,-2,0,-227,-209,-1021,-1049,7,-1087
"2024-07-04",13,19027,23669,18101,3050,6562,883,17193,0,555,3859,-467,-1,1,-263,-322,-967,-660,304,-907
"2024-07-04",14,20329,24946,19317,3241,6562,1573,17193,0,552,3765,-489,-1,0,-331,-338,-943,-582,314,-881
"2024-07-04",15,21770,25000,20626,3489,6562,2409,17193,0,555,3964,-594,-1,0,-382,-475,-85,-202,-17,-419
"2024-07-04",16,22230,24923,20915,3737,6562,3257,17193,0,95,4392,-589,-1,0,-428,-498,-34,-135,-24,-389
"2024-07-04",17,22421,24741,21037,3904,6562,4189,17193,0,15,4301,-29,-1,0,-450,-530,-319,126,489,-476
"2024-07-04",18,21881,24131,20484,4071,6562,5180,17193,0,15,4299,-7,-1,1,-450,-515,-280,127,523,-482
"2024-07-04",19,21668,24299,20271,4200,6562,6096,17193,0,24,4394,-527,-1,0,-450,-419,863,-250,569,-460
"2024-07-04",20,21107,24274,19736,4328,6562,6770,17193,0,441,4636,-559,-1,0,-413,-507,955,-295,568,-451
"2024-07-04",21,20787,23408,19428,4392,6562,7349,17193,0,655,4056,451,-1,0,-450,-529,1017,-269,388,-217
"2024-07-04",22,20600,23284,19277,4456,6562,7946,17193,0,768,4251,542,-1,0,-433,-530,1019,-260,367,-192
"2024-07-04",23,20033,22674,18772,4526,6562,8346,17193,0,900,4490,-110,-1,1,-411,-528,1019,-191,77,148
"2024-07-04",24,19822,22614,18546,4595,6562,9012,17193,0,928,4405,-173,-1,0,-450,-528,1019,-212,60,164
"2024-07-04",25,19547,22453,18191,4636,6562,8990,17193,0,716,4560,128,-1,0,-451,-529,971,-591,138,-118
"2024-07-04",26,19479,22697,18099,4676,6562,9097,17193,0,928,4467,166,-1,0,-451,-529,969,-669,148,-140
"2024-07-04",27,19089,22863,17807,4701,6562,9262,17193,0,938,4568,-54,-1,0,-451,-530,1017,-1058,353,-242
"2024-07-04",28,18974,22808,17679,4726,6562,8840,17193,0,928,4548,-64,-1,0,-451,-529,1019,-1117,359,-244
"2024-07-04",29,18687,22339,17488,4744,6562,8967,17193,0,866,4322,-53,-1,0,-451,-529,1000,-1235,117,-17
"2024-07-04",30,18467,22047,17388,4761,6562,8415,17193,0,829,4356,-54,-1,0,-450,-528,999,-1218,98,5
"2024-07-04",31,19068,22072,17948,4764,6562,7914,17193,0,542,4414,-130,-1,0,-450,-528,999,-827,-26,237
"2024-07-04",32,19497,22203,18384,4767,6562,7448,17193,0,322,4562,-130,-1,0,-450,-529,999,-748,-26,244
"2024-07-04",33,20688,22646,19579,4745,6562,6520,17193,0,11,4561,380,-1,0,-450,-529,941,-365,255,-102
"2024-07-04",34,21509,23401,20264,4723,6562,5645,17193,0,9,4495,434,-2,0,-450,-528,939,-288,281,-115
"2024-07-04",35,23092,24579,21706,4630,6562,4858,17193,0,6,4289,275,-2,1,-450,-529,750,89,584,270
"2024-07-04",36,23784,25271,22352,4537,6562,3886,17193,0,8,4120,272,-1,0,-450,-528,743,165,606,307
"2024-07-04",37,24747,26228,23302,4353,6562,3112,17193,0,2,4185,681,-2,0,-450,-527,797,539,728,661
"2024-07-04",38,25369,26853,23971,4168,6562,2147,17193,0,5,4246,702,-2,0,-450,-527,797,615,730,701
"2024-07-04",39,25623,27109,24283,3889,6562,1416,17193,0,7,3894,602,-2,0,-450,-527,386,988,514,1252
"2024-07-04",40,25694,27180,24341,3610,6562,817,17193,0,7,3663,593,-2,1,-450,-527,366,1059,503,1281
"2024-07-04",41,25315,26856,24005,3370,6562,390,17193,0,2,3486,313,-2,0,-450,-528,-59,1360,589,936
"2024-07-04",42,25275,26837,24044,3129,6562,132,17193,0,7,3458,271,-2,1,-450,-527,-76,1397,590,905
"2024-07-04",43,24684,26970,23509,3020,6562,10,17193,0,10,3542,-797,-2,0,-450,-527,254,1397,441,653
"2024-07-04",44,24602,26993,23378,2910,6562,0,17193,0,6,3459,-906,-2,0,-450,-527,266,1397,416,627
"2024-07-04",45,23527,26036,22409,2882,6562,0,17193,0,11,3604,-871,-2,0,-450,-527,171,1397,-148,349
"2024-07-04",46,22710,25201,21674,2853,6562,0,17193,0,11,3612,-860,-2,0,-419,-527,163,1368,-172,295
"2024-07-04",47,20876,23691,19929,2842,6562,0,17193,0,11,3547,-384,-2,0,-358,-527,-347,995,205,-686
"2024-07-04",48,20134,23143,19297,2830,6562,0,17193,0,162,3862,-361,-2,0,-318,-527,-370,919,223,-769
"2024-07-05",1,18895,22666,18153,2786,6562,0,17193,0,142,3826,-669,-2,0,-292,-527,-568,546,24,-1071
"2024-07-05",2,18604,22391,17938,2741,6562,0,17193,0,130,4034,-689,-1,0,-272,-528,-575,470,9,-1092
"2024-07-05",3,18319,22558,17638,2692,6562,0,17193,0,180,4487,-806,-1,0,-261,-529,-809,96,-61,-1092
"2024-07-05",4,18133,22339,17529,2642,6562,0,17193,0,125,4486,-813,-2,0,-261,-528,-817,20,-68,-1092
"2024-07-05",5,17843,22416,17270,2568,6562,0,17193,0,150,4483,-760,-1,0,-261,-528,-766,-358,-157,-1092
"2024-07-05",6,17458,22190,16876,2494,6562,0,17193,0,265,4807,-756,-1,0,-261,-528,-764,-405,-160,-1092
"2024-07-05",7,17396,21830,16836,2433,6562,0,17193,0,130,4899,-682,-2,0,-261,-529,-758,-402,-78,-1092
"2024-07-05",8,17305,21949,16729,2371,6562,0,17193,0,378,5004,-682,-1,0,-261,-528,-758,-372,-72,-1092
"2024-07-05",9,17053,21933,16421,2292,6562,0,17193,0,627,4502,-849,-1,0,-261,-529,-985,3,-36,-1092
"2024-07-05",10,17005,21879,16316,2213,6562,0,17193,0,614,4147,-846,-1,0,-261,-528,-993,79,-43,-1088
"2024-07-05",11,17454,21251,16687,2174,6562,15,17193,0,140,3482,-319,-1,0,-261,-529,-754,453,-355,-938
"2024-07-05",12,17906,21575,17028,2135,6562,134,17193,0,127,3635,-284,-1,0,-274,-530,-746,529,-357,-850
"2024-07-05",13,20132,22393,19038,2141,6562,342,17193,0,118,3276,-215,-1,0,-322,-530,-575,902,259,487
"2024-07-05",14,21166,23343,20000,2146,6562,632,17193,0,7,3201,-184,-1,0,-392,-530,-563,977,316,637
"2024-07-05",15,23751,25231,22437,2197,6562,1036,17193,0,10,2967,893,-1,0,-439,-530,14,1350,956,1221
"2024-07-05",16,24663,26153,23303,2248,6562,1422,17193,0,9,3081,1003,-1,0,-450,-530,61,1397,998,1258
"2024-07-05",17,25636,27128,24136,2289,6562,1904,17193,0,11,3488,1003,-1,0,-450,-530,895,1397,997,1108
"2024-07-05",18,25625,27113,24007,2330,6562,2853,17193,0,7,3658,1003,-1,0,-450,-530,947,1397,997,1095
"2024-07-05",19,25624,27111,23969,2343,6562,3717,17193,0,7,3553,1002,-1,0,-450,-529,1016,1397,996,998
"2024-07-05",20,25315,26801,23591,2355,6562,4644,17193,0,7,3500,1002,-1,1,-450,-528,1019,1397,997,991
"2024-07-05",21,24875,26361,23186,2304,6562,4877,17193,0,7,3072,1002,-1,0,-450,-528,1019,1397,997,991
"2024-07-05",22,24387,25878,22749,2253,6562,5433,17193,0,11,3078,1002,-1,1,-450,-529,1019,1397,996,991
"2024-07-05",23,24049,25535,22381,2182,6562,6435,17193,0,7,2623,1002,-1,1,-450,-528,1019,1397,997,991
"2024-07-05",24,23637,25123,22020,2111,6562,6990,17193,0,7,2666,1001,-1,0,-450,-528,1019,1397,997,991
"2024-07-05",25,23515,24999,21793,2075,6562,6973,17193,0,5,2276,1002,-1,0,-450,-528,1019,1397,997,991
"2024-07-05",26,23066,24551,21359,2039,6562,7076,17193,0,7,2053,1001,-1,0,-450,-527,1019,1398,996,991
"2024-07-05",27,22672,24157,20977,1974,6562,7316,17193,0,7,1510,1002,-1,0,-450,-527,1019,1398,997,987
"2024-07-05",28,22423,23896,20739,1909,6562,7020,17193,0,7,1430,1001,-1,0,-450,-515,1019,1398,997,987
"2024-07-05",29,22373,23847,20686,1832,6562,7024,17193,0,5,1324,1001,-1,0,-450,-518,1000,1398,996,987
"2024-07-05",30,22674,24131,20955,1754,6562,6633,17193,0,3,1247,1002,-2,1,-450,-502,999,1398,996,987
"2024-07-05",31,23017,24501,21199,1664,6562,5709,17193,0,5,1542,1001,-2,0,-450,-527,999,1398,997,987
"2024-07-05",32,23782,25263,21899,1574,6562,5102,17193,0,3,1398,1000,23,0,-450,-528,999,1398,997,998
"2024-07-05",33,24842,26325,22877,1455,6562,4257,17193,0,6,1160,1000,929,0,-450,-527,970,1398,997,1395
"2024-07-05",34,25924,27408,23836,1335,6562,3355,17193,0,7,1021,1000,991,0,-450,-527,969,1398,996,1422
"2024-07-05",35,27008,28465,24828,1211,6562,2448,17193,0,6,1393,1000,992,0,-424,-527,998,1399,997,1422
"2024-07-05",36,27749,29226,25491,1087,6562,1688,17193,0,4,1417,1020,992,0,-446,-527,999,1399,996,1422
"2024-07-05",37,28081,29564,25762,994,6562,1184,17193,0,6,1224,1925,992,0,-450,-527,970,1399,996,1422
"2024-07-05",38,28557,30039,26255,900,6562,762,17193,0,5,1087,2001,992,0,-450,-527,957,1399,996,1415
"2024-07-05",39,28269,29751,26007,842,6562,447,17193,0,5,954,2002,992,0,-450,-527,261,1399,996,1133
"2024-07-05",40,27876,29356,25575,783,6562,254,17193,0,3,743,2003,992,0,-450,-527,224,1399,996,1111
"2024-07-05",41,27777,29259,25452,753,6562,123,17193,0,5,619,2002,992,0,-450,-527,467,1399,995,997
"2024-07-05",42,27013,28499,24732,723,6562,47,17193,0,8,505,1994,990,0,-450,-528,476,1399,996,989
"2024-07-05",43,26370,27851,24141,719,6562,2,17193,0,4,-41,1552,901,0,-450,-527,304,1399,996,983
"2024-07-05",44,25514,27000,23334,714,6562,0,17193,0,8,-339,1535,898,0,-450,-528,297,1399,997,981
"2024-07-05",45,25164,26646,23009,733,6562,0,17193,0,3,-630,1976,987,0,-451,-528,242,1399,996,948
"2024-07-05",46,24357,25829,22216,751,6562,0,17193,0,5,-816,2001,992,0,-439,-528,253,1399,996,941
"2024-07-05",47,22872,24324,20804,774,6562,0,17193,0,8,-931,2000,992,0,-416,-528,960,1399,995,775
"2024-07-05",48,21820,23183,19873,797,6562,0,17193,0,7,-686,2000,992,0,-387,-469,999,1399,996,769
"2024-07-06",1,20909,22193,19005,755,6562,0,17193,0,4,-724,2001,993,0,-355,-425,903,1399,996,973
"2024-07-06",2,20453,21579,18593,712,6562,0,17193,0,7,-709,2000,990,1,-335,-284,899,1399,996,966
"2024-07-06",3,20013,21154,18192,726,6562,0,17193,0,7,-560,1978,901,0,-314,-320,782,1399,996,212
"2024-07-06",4,19683,20784,17912,739,6562,0,17193,0,11,-451,1967,895,0,-310,-280,778,1399,996,160
"2024-07-06",5,19340,20531,17600,761,6562,0,17193,0,10,-401,1604,895,0,-312,-369,589,1398,996,160
"2024-07-06",6,18906,20124,17192,783,6562,0,17193,0,12,-517,1586,897,1,-297,-409,572,1398,996,161
"2024-07-06",7,18518,19897,16862,809,6562,0,17193,0,12,-474,1887,987,0,-282,-520,-65,1398,996,214
"2024-07-06",8,18222,19597,16559,834,6562,0,17193,0,12,-365,1905,993,0,-268,-496,-99,1385,996,225
"2024-07-06",9,18041,19344,16402,868,6562,0,17193,0,12,-290,1904,992,1,-262,-529,28,1217,996,469
"2024-07-06",10,17767,19121,16118,901,6562,0,17193,0,63,-269,1907,992,0,-262,-529,31,1210,996,481
"2024-07-06",11,17635,19283,15987,959,6562,4,17193,0,63,-387,1999,992,0,-262,-514,-309,1377,996,267
"2024-07-06",12,17625,19371,16000,1017,6562,100,17193,0,169,-369,2006,993,0,-267,-488,-322,1398,996,255
"2024-07-06",13,18154,19662,16489,1114,6562,378,17193,0,15,-221,2005,993,0,-279,-515,-199,1398,996,404
"2024-07-06",14,18439,19866,16765,1211,6562,652,17193,0,14,-189,2004,992,0,-303,-428,-182,1397,996,428
"2024-07-06",15,19339,20598,17599,1311,6562,965,17193,0,15,-245,2002,992,1,-341,-403,518,1398,996,906
"2024-07-06",16,19880,21161,18139,1411,6562,1378,17193,0,13,-240,2001,993,0,-391,-377,557,1397,996,940
"2024-07-06",17,20776,22232,18955,1543,6562,2001,17193,0,11,39,2000,993,0,-436,-509,889,1397,996,983
"2024-07-06",18,21253,22743,19371,1675,6562,2576,17193,0,8,476,2001,992,0,-451,-531,902,1397,996,986
"2024-07-06",19,21785,23271,19813,1795,6562,2875,17193,0,8,554,2001,993,0,-451,-527,826,1397,995,986
"2024-07-06",20,21870,23324,19819,1914,6562,3390,17193,0,8,217,2001,992,0,-451,-495,823,1397,995,986
"2024-07-06",21,21856,23343,19745,1987,6562,4111,17193,0,6,91,2001,992,0,-451,-530,823,1397,995,986
"2024-07-06",22,21796,23285,19667,2059,6562,4324,17193,0,8,-54,2001,992,0,-450,-531,823,1397,996,931
"2024-07-06",23,21368,23143,19280,2122,6562,4708,17193,0,7,134,2001,993,0,-450,-531,819,1397,996,-287
"2024-07-06",24,21080,22965,19014,2184,6562,5244,17193,0,7,-48,1999,992,0,-450,-531,818,1394,995,-397
"2024-07-06",25,20989,22904,18965,2254,6562,6013,17193,0,11,35,1909,993,0,-388,-531,1012,1359,996,-485
"2024-07-06",26,20385,22274,18366,2324,6562,6325,17193,0,10,-135,1902,992,0,-350,-530,1019,1328,992,-499
"2024-07-06",27,19716,21972,17747,2363,6562,7014,17193,0,109,-148,1950,993,0,-350,-530,1019,955,885,-767
"2024-07-06",28,19256,21552,17332,2401,6562,7722,17193,0,132,-87,1949,992,0,-350,-531,1019,880,879,-783
"2024-07-06",29,18214,20833,16337,2464,6562,7853,17193,0,557,-65,1774,978,0,-350,-530,1000,506,897,-682
"2024-07-06",30,17866,20596,16059,2527,6562,7542,17193,0,688,118,1763,977,0,-350,-530,999,447,898,-662
"2024-07-06",31,17707,19948,15894,2571,6562,7500,17193,0,684,-252,1802,991,0,-350,-531,999,296,898,-176
"2024-07-06",32,17652,19802,15833,2614,6562,7049,17193,0,634,-252,1805,992,0,-350,-530,999,306,899,-136
"2024-07-06",33,18328,20391,16450,2573,6562,6559,17193,0,682,-165,1874,992,0,-350,-531,999,678,899,112
"2024-07-06",34,19028,21027,17082,2532,6562,5430,17193,0,613,-72,1877,992,0,-356,-530,999,754,899,137
"2024-07-06",35,19945,22051,17970,2456,6562,4975,17193,0,675,-223,1760,992,0,-400,-531,784,1128,944,385
"2024-07-06",36,20993,22960,18966,2380,6562,4187,17193,0,536,72,1757,992,0,-401,-530,776,1189,949,417
"2024-07-06",37,21490,23583,19405,2238,6562,3383,17193,0,674,-256,1990,992,0,-400,-519,891,1374,993,949
"2024-07-06",38,21838,23738,19764,2096,6562,2634,17193,0,493,-205,2002,992,0,-400,-507,895,1398,996,985
"2024-07-06",39,22646,23893,20603,1890,6562,1862,17193,0,14,-29,2001,992,0,-361,-372,928,1398,996,985
"2024-07-06",40,23013,24134,20965,1683,6562,1183,17193,0,11,-216,2001,992,0,-351,-259,929,1398,996,985
"2024-07-06",41,23712,24849,21671,1537,6562,659,17193,0,12,-52,2001,992,1,-351,-274,799,1398,996,987
"2024-07-06",42,23592,24815,21590,1390,6562,171,17193,0,11,-8,2001,992,0,-351,-361,794,1398,996,994
"2024-07-06",43,23545,24816,21562,1325,6562,12,17193,0,7,-145,2001,992,0,-351,-413,992,1399,996,994
"2024-07-06",44,23212,24502,21258,1259,6562,0,17193,0,6,-266,1999,990,0,-351,-433,999,1399,996,991
"2024-07-06",45,22702,24082,20797,1232,6562,0,17193,0,5,-275,1798,901,0,-351,-524,810,1399,996,915
"2024-07-06",46,22152,23567,20275,1204,6562,0,17193,0,15,-264,1790,897,0,-373,-527,803,1399,996,874
"2024-07-06",47,20864,22870,19084,1184,6562,0,17193,0,475,-103,1992,986,0,-387,-527,801,1399,995,-117
"2024-07-06",48,20266,22521,18525,1163,6562,0,17193,0,660,-81,2002,992,0,-357,-527,801,1399,996,-211
"2024-07-07",1,19705,22586,17993,1108,6562,0,17193,0,675,-136,2002,992,0,-327,-527,761,1399,996,-852
"2024-07-07",2,19189,22081,17482,1052,6562,0,17193,0,668,-427,2002,992,0,-301,-527,759,1399,996,-896
"2024-07-07",3,18756,21604,17135,1034,6562,0,17193,0,670,-415,2002,992,0,-286,-526,801,1399,996,-866
"2024-07-07",4,18316,21122,16789,1015,6562,0,17193,0,664,-355,1984,988,0,-276,-527,803,1398,996,-839
"2024-07-07",5,17970,19927,16486,999,6562,0,17193,0,659,-273,1186,870,0,-271,-527,802,1398,997,43
"2024-07-07",6,17509,19464,16045,983,6562,0,17193,0,661,-355,1139,862,0,-266,-528,802,1399,997,91
"2024-07-07",7,17282,19445,15861,956,6562,0,17193,0,516,-127,1140,861,0,-256,-527,802,1398,997,-364
"2024-07-07",8,17116,19436,15721,928,6562,0,17193,0,654,-78,1140,863,0,-246,-528,802,1398,997,-392
"2024-07-07",9,16970,19131,15593,920,6562,0,17193,0,655,34,1107,892,0,-241,-527,620,1398,998,-238
"2024-07-07",10,16629,18774,15276,911,6562,0,17193,0,653,-72,1108,889,0,-241,-528,614,1398,997,-223
"2024-07-07",11,16586,18554,15235,890,6562,30,17193,0,650,-48,1333,681,0,-241,-528,797,1398,992,-49
"2024-07-07",12,16523,18477,15140,869,6562,262,17193,0,648,-54,1342,671,0,-241,-528,803,1398,989,-37
"2024-07-07",13,16675,18655,15281,873,6562,602,17193,0,646,170,1228,849,0,-241,-529,803,1398,920,-64
"2024-07-07",14,16811,18813,15411,876,6562,1093,17193,0,643,252,1223,859,0,-254,-528,803,1397,915,-77
"2024-07-07",15,17192,19497,15727,884,6562,1683,17193,0,579,424,1301,788,0,-275,-483,804,1397,915,-468
"2024-07-07",16,17636,20016,16074,892,6562,2219,17193,0,634,675,1320,788,0,-290,-466,804,1397,917,-490
"2024-07-07",17,18539,20625,16813,895,6562,2903,17193,0,444,919,1963,979,0,-314,-524,804,1397,991,-304
"2024-07-07",18,19265,20908,17439,897,6562,3649,17193,0,48,850,2002,992,0,-349,-509,804,1397,996,-237
"2024-07-07",19,19839,21498,17963,910,6562,4249,17193,0,388,394,2001,992,0,-389,-382,1012,1397,996,888
"2024-07-07",20,20076,21365,18132,923,6562,4921,17193,0,24,-7,2001,992,0,-429,-336,1019,1397,996,989
"2024-07-07",21,20374,21810,18399,922,6562,5190,17193,0,11,213,2002,992,0,-451,-474,1019,1398,996,989
"2024-07-07",22,20188,21604,18193,921,6562,6050,17193,0,7,235,2001,991,1,-451,-458,1019,1397,996,989
"2024-07-07",23,20229,21714,18269,931,6562,6805,17193,0,7,-50,2001,992,1,-451,-527,1019,1397,996,989
"2024-07-07",24,20447,21933,18472,940,6562,7354,17193,0,7,58,2001,992,0,-451,-528,1019,1398,997,989
"2024-07-07",25,20508,21994,18486,960,6562,7369,17193,0,7,55,2001,992,0,-451,-528,1019,1397,996,989
"2024-07-07",26,20609,22092,18602,979,6562,7471,17193,0,5,-104,2001,992,0,-451,-527,1019,1397,996,989
"2024-07-07",27,20185,21671,18189,998,6562,7593,17193,0,7,-176,2001,992,0,-451,-528,1019,1397,996,989
"2024-07-07",28,19952,21437,18004,1017,6562,7768,17193,0,7,-20,2001,992,0,-451,-527,1019,1397,996,989
"2024-07-07",29,19686,21170,17762,1021,6562,8195,17193,0,6,-27,2001,992,0,-451,-527,1000,1398,996,989
"2024-07-07",30,19689,21175,17767,1025,6562,7924,17193,0,7,-33,2001,992,0,-451,-528,999,1398,996,989
"2024-07-07",31,19709,21192,17804,1013,6562,6963,17193,0,12,-157,2001,992,1,-451,-520,999,1397,996,989
"2024-07-07",32,19772,21261,17914,1000,6562,6806,17193,0,11,-23,2001,992,1,-451,-527,999,1398,996,989
"2024-07-07",33,20463,21949,18533,994,6562,6185,17193,0,8,158,2001,992,1,-451,-527,999,1397,996,989
"2024-07-07",34,21508,22993,19457,988,6562,5633,17193,0,7,116,2001,992,0,-451,-527,999,1398,996,989
"2024-07-07",35,22792,24277,20581,941,6562,5310,17193,0,7,206,2001,991,0,-451,-527,999,1398,996,989
"2024-07-07",36,23407,24892,21189,893,6562,4396,17193,0,7,506,2001,991,0,-451,-527,999,1397,996,988
"2024-07-07",37,24510,25995,22293,846,6562,3511,17193,0,7,898,2001,991,0,-451,-527,999,1397,996,948
"2024-07-07",38,24978,26463,22763,798,6562,2597,17193,0,7,808,2001,991,0,-451,-527,999,1397,996,931
"2024-07-07",39,25126,26610,22973,723,6562,1892,17193,0,7,826,2001,991,0,-451,-526,999,1398,996,418
"2024-07-07",40,25424,26906,23380,647,6562,1204,17193,0,4,941,1999,991,0,-451,-527,999,1397,996,381
"2024-07-07",41,25471,26955,23427,588,6562,615,17193,0,6,740,1885,991,0,-451,-527,926,1398,996,348
"2024-07-07",42,25025,26509,22894,529,6562,191,17193,0,6,354,1872,991,0,-451,-527,923,1398,996,342
"2024-07-07",43,24684,26167,22622,516,6562,13,17193,0,5,378,1543,981,1,-451,-527,996,1398,996,222
"2024-07-07",44,24572,26055,22494,503,6562,0,17193,0,5,277,1525,981,1,-451,-527,999,1398,996,218
"2024-07-07",45,24169,25640,22096,499,6562,0,17193,0,7,103,1763,980,0,-437,-527,999,1398,996,398
"2024-07-07",46,23225,24662,21229,494,6562,0,17193,0,7,123,1777,981,0,-403,-527,999,1398,995,411
"2024-07-07",47,21866,23266,19947,486,6562,0,17193,0,7,119,1986,991,0,-366,-527,904,1398,996,381
"2024-07-07",48,20917,22284,19092,478,6562,0,17193,0,7,15,1996,991,0,-333,-527,900,1398,996,381
"2024-07-08",1,20199,21543,18421,477,6562,0,17193,0,6,-68,2000,991,0,-312,-526,996,1398,996,488
"2024-07-08",2,19707,21032,17940,476,6562,0,17193,0,6,-22,2001,992,0,-292,-527,999,1398,996,497
"2024-07-08",3,19269,20571,17563,461,6562,0,17193,0,3,-9,2001,992,1,-272,-527,999,1398,996,556
"2024-07-08",4,19222,20518,17551,446,6562,0,17193,0,13,62,2001,991,0,-257,-526,999,1398,996,561
"2024-07-08",5,18953,20344,17294,433,6562,0,17193,0,117,91,2002,992,0,-247,-527,999,1398,995,611
"2024-07-08",6,18722,20110,17088,419,6562,0,17193,0,121,170,2002,992,0,-240,-527,999,1398,996,607
"2024-07-08",7,18315,19657,16710,407,6562,0,17193,0,76,226,2001,991,1,-240,-526,999,1398,996,315
"2024-07-08",8,18165,19494,16562,394,6562,0,17193,0,62,198,2002,992,0,-240,-527,999,1398,996,277
"2024-07-08",9,17853,19471,16301,388,6562,0,17193,0,5,225,1997,987,0,-240,-526,970,1398,995,-347
"2024-07-08",10,17774,19438,16248,381,6562,0,17193,0,5,254,1997,987,1,-240,-511,968,1398,996,-408
"2024-07-08",11,18142,20320,16552,361,6562,28,17193,0,7,204,2002,991,0,-240,-382,677,1398,996,-1049
"2024-07-08",12,18934,21029,17252,340,6562,279,17193,0,5,101,2001,989,0,-254,-243,651,1398,994,-1093
"2024-07-08",13,20756,23061,18913,315,6562,772,17193,0,3,200,1875,907,0,-293,-320,-96,1397,951,-1093
"2024-07-08",14,22244,24625,20258,290,6562,1433,17193,0,3,33,1869,900,0,-353,-383,-123,1397,947,-1019
"2024-07-08",15,24138,25591,21994,281,6562,2188,17193,0,7,-14,1884,900,0,-436,-510,643,1397,907,269
"2024-07-08",16,24790,26277,22513,271,6562,3062,17193,0,6,-201,1886,903,0,-451,-530,688,1397,907,413
"2024-07-08",17,25512,26998,23113,280,6562,3956,17193,0,4,-294,1997,986,0,-451,-531,988,1397,991,951
"2024-07-08",18,25262,26750,22746,288,6562,4890,17193,0,7,-595,2003,991,0,-451,-530,999,1397,997,988
"2024-07-08",19,25407,26896,22829,304,6562,5584,17193,0,7,-552,2003,991,0,-451,-531,1018,1397,997,988
"2024-07-08",20,25099,26587,22551,319,6562,6073,17193,0,7,-519,2003,991,0,-451,-530,1019,1397,996,988
"2024-07-08",21,24906,26394,22366,351,6562,6140,17193,0,7,-537,2003,991,1,-451,-530,1019,1397,997,988
"2024-07-08",22,25105,26593,22605,382,6562,6192,17193,0,7,-432,2003,991,0,-451,-530,1019,1397,997,988
"2024-07-08",23,25312,26800,22797,422,6562,6458,17193,0,7,-478,2003,991,1,-451,-530,1019,1397,996,988
"2024-07-08",24,25374,26858,22885,462,6562,6406,17193,0,7,-483,2003,991,0,-447,-530,1019,1397,996,988
"2024-07-08",25,25576,27013,23093,505,6562,6301,17193,0,7,-457,2003,991,0,-401,-529,1019,1397,996,988
"2024-07-08",26,25658,27112,23205,547,6562,6286,17193,0,7,-449,2003,991,0,-418,-529,1019,1397,996,988
"2024-07-08",27,25348,26669,22939,568,6562,6320,17193,0,7,-275,2003,991,0,-286,-528,1019,1397,996,988
"2024-07-08",28,25293,26595,22902,589,6562,5902,17193,0,7,-227,2003,991,0,-266,-529,1019,1397,997,988
"2024-07-08",29,25287,26575,22953,624,6562,5171,17193,0,6,-188,2003,991,0,-301,-481,944,1397,997,988
"2024-07-08",30,25274,26537,22935,658,6562,5171,17193,0,6,-217,2003,991,0,-300,-457,941,1397,997,988
"2024-07-08",31,25370,26824,23003,680,6562,4807,17193,0,7,-455,2003,991,0,-431,-516,728,1398,997,988
"2024-07-08",32,26136,27512,23791,701,6562,4504,17193,0,7,-505,2003,991,0,-443,-426,720,1398,996,988
"2024-07-08",33,26895,28243,24531,742,6562,3926,17193,0,7,-382,2003,991,0,-330,-511,557,1398,997,988
"2024-07-08",34,27467,28764,25059,782,6562,3482,17193,0,13,-354,2004,991,0,-257,-527,554,1399,997,922
"2024-07-08",35,28073,29774,25550,808,6562,2762,17193,0,10,-253,2003,991,0,-391,-527,981,1398,997,-273
"2024-07-08",36,28626,30493,26073,833,6562,2320,17193,0,8,-93,2003,991,0,-417,-527,990,1398,996,-415
"2024-07-08",37,28501,30882,25993,844,6562,1754,17193,0,2,84,2004,991,0,-352,-476,364,1398,996,-1051
"2024-07-08",38,28722,31224,26207,855,6562,1331,17193,0,4,62,2005,991,0,-429,-473,278,1398,997,-1096
"2024-07-08",39,28517,31771,26026,872,6562,955,17193,0,3,528,2008,991,0,-401,-333,-921,1399,998,-1096
"2024-07-08",40,28251,31595,25792,888,6562,560,17193,0,5,372,2004,990,1,-425,-297,-1021,1399,998,-1096
"2024-07-08",41,27925,31272,25464,924,6562,234,17193,0,4,287,1739,950,0,-351,-445,-951,1399,997,-1096
"2024-07-08",42,27429,30738,24973,959,6562,78,17193,0,6,127,1699,928,1,-339,-454,-923,1399,982,-1087
"2024-07-08",43,26590,28546,24155,1029,6562,6,17193,0,6,64,795,223,0,-350,-325,-18,1399,457,-757
"2024-07-08",44,25710,27615,23351,1099,6562,0,17193,0,10,57,754,180,0,-350,-304,36,1399,426,-741
"2024-07-08",45,25025,27758,22766,1184,6562,0,17193,0,11,64,1442,352,0,-337,-379,-489,1399,490,-1017
"2024-07-08",46,23564,26306,21377,1268,6562,0,17193,0,10,204,1495,379,1,-349,-387,-460,1399,508,-1036
"2024-07-08",47,22186,24444,20178,1340,6562,0,17193,0,9,-283,1945,952,1,-392,-321,702,1399,966,-1036
"2024-07-08",48,20892,22968,19034,1412,6562,0,17193,0,5,-199,1971,992,0,-375,-170,796,1399,996,-1026
"2024-07-09",1,20319,21908,18519,1425,6562,0,17193,0,4,-227,2000,992,0,-367,-29,992,1399,996,-689
"2024-07-09",2,19935,21405,18203,1438,6562,0,17193,0,7,-7,2001,992,0,-293,0,999,1399,995,-670
"2024-07-09",3,19447,21071,17764,1450,6562,0,17193,0,20,73,2001,992,0,-283,0,938,1399,995,-821
"2024-07-09",4,19067,20600,17443,1462,6562,0,17193,0,20,228,1995,992,0,-188,0,936,1399,995,-825
"2024-07-09",5,18704,20040,17110,1486,6562,0,17193,0,20,167,1705,992,0,-258,0,856,1399,996,-558
"2024-07-09",6,18318,19945,16748,1509,6562,0,17193,0,273,208,1694,991,0,-261,-47,853,1399,996,-546
"2024-07-09",7,18209,20365,16621,1541,6562,0,17193,0,405,246,1985,992,0,-261,-194,994,1399,995,-796
"2024-07-09",8,17890,20382,16273,1572,6562,0,17193,0,636,154,2001,991,0,-261,-275,998,1399,996,-820
"2024-07-09",9,17818,20330,16210,1675,6562,0,17193,0,436,149,2002,992,0,-261,-238,688,1399,996,-1077
"2024-07-09",10,17854,20585,16286,1777,6562,0,17193,0,630,138,1999,991,0,-261,-245,659,1399,995,-1095
"2024-07-09",11,17992,20649,16405,1846,6562,4,17193,0,380,151,1855,992,0,-261,-297,-124,1399,997,-1095
"2024-07-09",12,18797,21730,17189,1914,6562,61,17193,0,630,389,1849,991,0,-261,-276,-171,1399,995,-1095
"2024-07-09",13,20431,22721,18755,1958,6562,187,17193,0,244,593,1995,992,0,-261,-184,-6,1399,950,-1095
"2024-07-09",14,21990,24141,20250,2002,6562,346,17193,0,15,649,2002,989,0,-261,-306,7,1397,947,-1069
"2024-07-09",15,24465,26001,22519,2031,6562,606,17193,0,11,768,1927,919,0,-405,-456,592,1397,948,-164
"2024-07-09",16,25737,27290,23629,2060,6562,893,17193,0,9,968,1924,916,0,-450,-528,621,1397,949,-66
"2024-07-09",17,27074,28562,24981,2130,6562,1202,17193,0,9,1085,1998,986,0,-450,-529,985,1397,993,910
"2024-07-09",18,27424,28917,25405,2200,6562,1467,17193,0,14,1334,1986,991,0,-450,-529,999,1397,989,987
"2024-07-09",19,27636,29131,25683,2283,6562,1838,17193,0,17,1706,1327,991,0,-450,-528,948,1397,722,987
"2024-07-09",20,27335,28831,25450,2365,6562,2209,17193,0,17,1680,1285,991,0,-450,-529,946,1397,710,987
"2024-07-09",21,27367,28861,25508,2385,6562,2428,17193,0,15,1941,1185,991,1,-450,-529,852,1397,888,987
"2024-07-09",22,27774,29267,25930,2405,6562,2501,17193,0,13,2239,1182,991,1,-450,-530,848,1397,892,987
"2024-07-09",23,28051,29476,26234,2418,6562,2568,17193,0,14,2526,1376,991,0,-382,-529,943,1397,625,987
"2024-07-09",24,28034,29309,26241,2431,6562,2666,17193,0,13,2786,1396,991,0,-233,-529,946,1397,618,987
"2024-07-09",25,28196,29240,26425,2425,6562,2758,17193,0,14,2990,1970,991,0,-82,-448,1016,1397,974,987
"2024-07-09",26,28043,28958,26259,2418,6562,2718,17193,0,14,3048,1993,991,0,13,-401,1019,1397,997,987
"2024-07-09",27,27845,28704,26059,2402,6562,2897,17193,0,13,3103,1532,991,0,15,-346,1019,1397,997,987
"2024-07-09",28,27640,28445,25857,2385,6562,3085,17193,0,13,3102,1505,991,0,15,-292,1019,1397,996,987
"2024-07-09",29,27517,28217,25722,2365,6562,3158,17193,0,12,3251,1507,991,0,15,-188,1000,1397,996,987
"2024-07-09",30,27288,27970,25479,2345,6562,3026,17193,0,12,3286,1509,991,0,15,-170,999,1397,996,997
"2024-07-09",31,27328,28064,25437,2305,6562,2987,17193,0,12,3429,1600,991,0,15,-224,999,1397,997,1335
"2024-07-09",32,27735,28433,25816,2264,6562,2828,17193,0,12,3630,1610,992,0,15,-186,999,1397,994,1356
"2024-07-09",33,28044,28852,26084,2195,6562,2598,17193,0,12,3906,1768,991,0,15,-296,998,1397,928,1242
"2024-07-09",34,28381,29287,26425,2126,6562,2363,17193,0,15,3949,1780,992,0,15,-391,996,1397,925,1228
"2024-07-09",35,29006,29995,26997,2077,6562,1963,17193,0,10,3774,1994,992,0,-54,-425,580,1397,991,1011
"2024-07-09",36,29400,30509,27378,2028,6562,1516,17193,0,10,3432,2003,991,0,-197,-402,563,1397,997,992
"2024-07-09",37,29586,30563,27571,1986,6562,1216,17193,0,7,3589,2003,991,0,-212,-258,783,1397,996,848
"2024-07-09",38,29404,30301,27423,1943,6562,994,17193,0,7,3705,1998,988,0,-156,-234,787,1397,983,852
"2024-07-09",39,29086,29755,27167,1909,6562,723,17193,0,2,3746,1821,890,0,-69,-98,311,1397,518,1371
"2024-07-09",40,28854,29459,26985,1875,6562,457,17193,0,1,3660,1792,883,0,-75,-29,289,1397,488,1406
"2024-07-09",41,28192,28850,26339,1854,6562,208,17193,0,1,3811,1009,868,0,17,-157,370,1397,474,1420
"2024-07-09",42,27622,28293,25777,1833,6562,45,17193,0,3,3652,940,865,0,15,-168,372,1397,483,1420
"2024-07-09",43,26693,27475,24945,1811,6562,1,17193,0,10,3541,79,806,0,-64,-208,173,1397,808,1420
"2024-07-09",44,26225,27024,24520,1788,6562,0,17193,0,18,3534,32,802,0,-93,-188,168,1397,830,1420
"2024-07-09",45,25706,26446,24010,1773,6562,0,17193,0,16,3149,432,797,0,-89,-135,527,1397,896,1420
"2024-07-09",46,24244,25052,22632,1757,6562,0,17193,0,14,3159,475,800,0,-87,-207,543,1397,903,1419
"2024-07-09",47,22736,23688,21229,1739,6562,0,17193,0,93,2797,1318,913,0,-157,-202,635,1397,990,1366
"2024-07-09",48,21491,22464,20070,1720,6562,0,17193,0,129,2746,1369,919,0,-225,-119,636,1397,995,1362
"2024-07-10",1,20851,21974,19500,1681,6562,0,17193,0,152,2734,1244,844,0,-225,-246,220,1397,996,1416
"2024-07-10",2,20499,21991,19134,1641,6562,0,17193,0,501,2601,1239,842,0,-225,-266,202,1397,996,1420
"2024-07-10",3,20185,21972,18831,1632,6562,0,17193,0,588,2350,1445,970,0,-225,-399,-75,1397,996,1420
"2024-07-10",4,19885,21698,18604,1622,6562,0,17193,0,631,2300,1451,975,0,-225,-371,-86,1397,996,1419
"2024-07-10",5,19486,21318,18229,1613,6562,0,17193,0,705,2122,1196,817,0,-225,-399,-3,1397,992,1366
"2024-07-10",6,19193,21029,17953,1603,6562,0,17193,0,672,2041,1181,806,0,-225,-439,0,1397,987,1363
"2024-07-10",7,19125,20711,17858,1592,6562,0,17193,0,357,2018,1041,785,0,-225,-504,182,1397,844,1416
"2024-07-10",8,18822,20637,17517,1581,6562,0,17193,0,632,1985,1029,778,0,-225,-458,187,1397,838,1419
"2024-07-10",9,18546,20287,17233,1587,6562,0,17193,0,485,2143,745,596,0,-225,-375,-156,1397,988,1379
"2024-07-10",10,18492,20326,17191,1592,6562,0,17193,0,546,1982,735,589,0,-225,-382,-181,1397,996,1370
"2024-07-10",11,18792,21124,17443,1600,6562,0,17193,0,427,1871,1120,798,0,-225,-300,-880,1397,935,1133
"2024-07-10",12,19386,21567,18033,1608,6562,53,17193,0,404,1701,1145,811,0,-225,-148,-904,1397,931,1119
"2024-07-10",13,21347,22405,19819,1625,6562,274,17193,0,102,1918,1428,772,0,-225,-17,-214,1397,944,1210
"2024-07-10",14,22780,23802,21132,1642,6562,534,17193,0,15,1774,1432,766,0,-294,-63,-150,1397,946,1221
"2024-07-10",15,24975,26090,23125,1705,6562,950,17193,0,11,1720,953,641,1,-389,-215,788,1397,989,1409
"2024-07-10",16,25778,26984,23866,1767,6562,1476,17193,0,11,1664,944,641,0,-369,-326,851,1397,991,1416
"2024-07-10",17,26522,27950,24491,1834,6562,2227,17193,0,11,1427,1657,959,0,-444,-473,630,1397,995,1206
"2024-07-10",18,26539,28028,24359,1900,6562,2832,17193,0,11,1398,1708,981,0,-451,-527,622,1397,995,1189
"2024-07-10",19,26575,28054,24267,1962,6562,3279,17193,0,10,1097,1987,990,0,-451,-518,723,1397,996,1103
"2024-07-10",20,26467,27955,24063,2023,6562,3493,17193,0,9,968,2002,989,0,-451,-528,726,1397,996,1099
"2024-07-10",21,25950,27439,23586,2109,6562,3891,17193,0,9,807,1984,918,1,-451,-529,622,1397,997,1179
"2024-07-10",22,26104,27523,23700,2194,6562,4212,17193,0,9,734,1983,915,0,-383,-527,617,1397,996,1186
"2024-07-10",23,25943,27148,23474,2215,6562,5017,17193,0,9,633,2002,987,0,-233,-463,334,1397,996,1206
"2024-07-10",24,25613,26713,23182,2236,6562,5338,17193,0,9,778,2001,992,0,-81,-510,330,1397,996,1214
"2024-07-10",25,25442,26370,22991,2283,6562,5939,17193,0,9,861,1860,991,0,0,-419,889,1397,995,1311
"2024-07-10",26,25256,26272,22806,2330,6562,6286,17193,0,10,851,1852,991,0,0,-506,915,1397,994,1311
"2024-07-10",27,24910,25948,22443,2342,6562,6284,17193,0,10,811,1852,992,0,0,-528,998,1397,995,1074
"2024-07-10",28,24169,25274,21674,2353,6562,5963,17193,0,10,510,1850,992,0,-67,-528,1001,1397,994,1055
"2024-07-10",29,23849,25055,21349,2344,6562,6155,17193,0,11,371,1710,991,0,-168,-527,999,1397,994,976
"2024-07-10",30,23717,24945,21224,2335,6562,5912,17193,0,11,279,1704,992,0,-190,-527,999,1397,994,962
"2024-07-10",31,23287,24505,20922,2315,6562,5920,17193,0,11,563,1657,991,0,-190,-517,999,1397,995,640
"2024-07-10",32,23676,24840,21461,2294,6562,5621,17193,0,8,648,1649,991,0,-259,-397,999,1397,994,607
"2024-07-10",33,24261,25360,22061,2258,6562,4893,17193,0,13,881,1470,992,1,-340,-246,906,1398,995,196
"2024-07-10",34,25159,26162,22914,2222,6562,4321,17193,0,13,832,1454,991,0,-390,-100,902,1397,994,145
"2024-07-10",35,26169,27936,23844,2164,6562,3403,17193,0,8,895,1219,991,1,-450,-154,829,1397,950,-655
"2024-07-10",36,26871,28845,24509,2105,6562,2533,17193,0,11,773,1206,984,0,-450,-296,826,1397,945,-717
"2024-07-10",37,27068,29291,24745,2019,6562,2022,17193,0,10,856,1134,710,0,-450,-239,967,1397,889,-1024
"2024-07-10",38,27228,29469,24989,1933,6562,1429,17193,0,12,923,1128,695,0,-451,-231,949,1398,876,-1047
"2024-07-10",39,27510,29695,25321,1817,6562,1000,17193,0,7,1170,1064,812,0,-451,-140,75,1397,587,-1087
"2024-07-10",40,27475,29714,25299,1700,6562,590,17193,0,8,1126,1060,818,0,-451,-190,1,1397,562,-1090
"2024-07-10",41,26466,29538,24401,1617,6562,266,17193,0,5,1293,1068,739,0,-451,-231,-795,1397,376,-1090
"2024-07-10",42,25831,28947,23900,1533,6562,72,17193,0,10,1352,1046,718,0,-451,-247,-816,1397,362,-1092
"2024-07-10",43,25170,27412,23310,1472,6562,3,17193,0,10,1395,149,110,0,-451,-272,81,1398,289,-1009
"2024-07-10",44,24488,26674,22680,1410,6562,0,17193,0,9,1419,97,81,0,-443,-246,137,1397,289,-988
"2024-07-10",45,24579,26413,22697,1378,6562,0,17193,0,6,1524,179,543,0,-399,-392,-90,1397,461,-447
"2024-07-10",46,23590,25306,21780,1345,6562,0,17193,0,14,1708,210,576,0,-296,-396,-98,1397,477,-412
"2024-07-10",47,22438,24003,20723,1323,6562,0,17193,0,12,1691,1118,622,0,-196,-318,-34,1397,662,-505
"2024-07-10",48,21052,22402,19376,1300,6562,0,17193,0,13,1718,1187,626,0,-141,-169,-26,1397,670,-501
"2024-07-11",1,20640,21552,19069,1287,6562,0,17193,0,12,1690,1640,658,0,-140,-165,512,1397,524,-95
"2024-07-11",2,20532,21417,18951,1274,6562,0,17193,0,60,1598,1662,666,0,-140,-104,536,1397,526,-81
"2024-07-11",3,20040,21533,18518,1252,6562,0,17193,0,73,1583,1379,888,0,-140,-204,510,1397,905,-576
"2024-07-11",4,19646,21278,18151,1229,6562,0,17193,0,213,1557,1371,906,0,-140,-161,509,1397,932,-618
"2024-07-11",5,19306,21641,17815,1209,6562,0,17193,0,529,1327,1768,986,0,-140,-273,617,1398,992,-893
"2024-07-11",6,19040,21488,17561,1188,6562,0,17193,0,624,1193,1789,991,0,-140,-272,620,1397,996,-912
"2024-07-11",7,18816,21224,17389,1166,6562,0,17193,0,578,1157,1795,992,0,-140,-251,522,1397,996,-939
"2024-07-11",8,18517,21019,17079,1143,6562,0,17193,0,587,1055,1796,992,0,-140,-331,518,1398,995,-944
"2024-07-11",9,18620,20854,17172,1144,6562,0,17193,0,297,960,1994,991,0,-140,-239,377,1398,991,-1058
"2024-07-11",10,18440,20787,17026,1144,6562,0,17193,0,343,931,2003,991,0,-140,-297,358,1398,990,-1067
"2024-07-11",11,18699,21031,17282,1130,6562,6,17193,0,45,1226,2006,991,0,-136,-184,-377,1398,969,-1090
"2024-07-11",12,19386,21681,17885,1115,6562,118,17193,0,13,1228,1996,987,0,-158,-115,-417,1398,966,-1092
"2024-07-11",13,20929,23448,19258,1111,6562,431,17193,0,10,1184,1523,829,0,-203,-218,-496,1398,891,-1092
"2024-07-11",14,22233,24945,20446,1106,6562,821,17193,0,10,996,1458,816,0,-283,-370,-466,1397,885,-1083
"2024-07-11",15,24096,26208,22119,1091,6562,1308,17193,0,11,809,1255,742,0,-401,-505,508,1397,848,-695
"2024-07-11",16,25127,27156,23046,1076,6562,2166,17193,0,14,823,1255,743,1,-388,-528,575,1397,845,-599
"2024-07-11",17,26169,27517,23965,1085,6562,2874,17193,0,11,750,1255,975,0,-307,-530,342,1397,836,601
"2024-07-11",18,26150,27496,23895,1093,6562,3480,17193,0,14,685,1256,991,0,-302,-530,335,1397,840,728
"2024-07-11",19,26400,27747,24069,1086,6562,4072,17193,0,15,621,1254,991,0,-302,-530,665,1397,987,971
"2024-07-11",20,26150,27498,23824,1078,6562,4451,17193,0,15,471,1254,992,0,-302,-531,678,1397,997,988
"2024-07-11",21,25707,27057,23387,1062,6562,4781,17193,0,14,-13,1254,992,1,-306,-530,725,1397,997,988
"2024-07-11",22,25611,26902,23289,1045,6562,4936,17193,0,14,-4,1254,992,0,-248,-529,728,1397,997,988
"2024-07-11",23,25410,26551,23077,1032,6562,5273,17193,0,14,64,1254,992,1,-97,-530,1008,1397,997,988
"2024-07-11",24,25529,26574,23177,1018,6562,5635,17193,0,14,252,1254,992,0,-1,-530,1019,1397,996,988
"2024-07-11",25,25716,26789,23342,1021,6562,5775,17193,0,14,296,1254,992,0,-28,-531,1019,1397,996,988
"2024-07-11",26,25689,26832,23282,1024,6562,5734,17193,0,14,515,1254,992,0,-99,-530,1019,1397,996,988
"2024-07-11",27,25407,26550,23030,1025,6562,5760,17193,0,14,608,1254,992,1,-99,-530,1019,1397,997,988
"2024-07-11",28,25295,26438,22941,1026,6562,5556,17193,0,14,680,1254,992,0,-99,-530,1019,1397,997,988
"2024-07-11",29,25280,26395,22959,1034,6562,5423,17193,0,15,596,1254,992,1,-99,-501,1000,1397,997,988
"2024-07-11",30,25077,26171,22748,1041,6562,5139,17193,0,15,621,1253,991,0,-83,-496,999,1397,996,988
"2024-07-11",31,25001,25938,22706,1052,6562,4754,17193,0,15,757,1254,991,0,-3,-419,999,1397,996,988
"2024-07-11",32,25427,26403,23114,1062,6562,4279,17193,0,15,995,1254,992,1,0,-461,999,1397,996,985
"2024-07-11",33,25844,26747,23516,1069,6562,3919,17193,0,15,924,1254,991,0,0,-388,999,1397,997,878
"2024-07-11",34,26588,27583,24168,1076,6562,3691,17193,0,16,784,1254,991,0,-67,-412,997,1397,995,814
"2024-07-11",35,27150,28798,24657,1072,6562,3140,17193,0,12,776,1255,981,0,-220,-515,609,1397,958,-401
"2024-07-11",36,27638,29506,25131,1067,6562,2515,17193,0,15,617,1252,976,0,-300,-529,582,1397,950,-524
"2024-07-11",37,27780,30272,25261,1038,6562,1998,17193,0,12,1150,1100,784,0,-300,-523,-100,1397,741,-1057
"2024-07-11",38,28168,30744,25681,1009,6562,1452,17193,0,11,1209,1094,765,0,-300,-516,-155,1397,730,-1094
"2024-07-11",39,28015,31306,25614,965,6562,968,17193,0,9,1189,1250,518,0,-300,-416,-972,1398,831,-1094
"2024-07-11",40,27890,31276,25515,920,6562,583,17193,0,11,1088,1257,505,0,-300,-460,-1021,1398,831,-1094
"2024-07-11",41,27471,30885,25121,891,6562,310,17193,0,13,1105,1035,611,0,-300,-486,-1021,1399,590,-1094
"2024-07-11",42,27199,30614,24863,861,6562,110,17193,0,13,1070,1022,615,0,-300,-490,-1018,1398,569,-1094
"2024-07-11",43,26759,29771,24471,854,6562,5,17193,0,11,1007,806,507,0,-300,-527,-580,1399,366,-1094
"2024-07-11",44,26102,29082,23837,846,6562,0,17193,0,9,929,797,507,0,-300,-528,-560,1399,353,-1083
"2024-07-11",45,25584,27739,23351,839,6562,0,17193,0,8,605,859,773,0,-300,-528,-132,1399,342,-687
"2024-07-11",46,24453,26508,22300,832,6562,0,17193,0,11,638,872,796,0,-264,-528,-91,1399,358,-661
"2024-07-11",47,22935,24901,20913,814,6562,0,17193,0,11,462,1230,979,0,-207,-527,791,1399,958,-721
"2024-07-11",48,21679,23606,19736,796,6562,0,17193,0,10,582,1254,992,0,-181,-525,848,1399,996,-711
"2024-07-12",1,20978,22252,19121,787,6562,0,17193,0,8,434,1253,991,0,-154,-425,994,1399,996,-187
"2024-07-12",2,20543,21667,18743,778,6562,0,17193,0,6,518,1253,992,0,-124,-347,999,1399,996,-147
"2024-07-12",3,20303,21404,18516,764,6562,0,17193,0,8,507,1253,991,1,-101,-481,999,1399,996,-11
"2024-07-12",4,20218,21341,18485,750,6562,0,17193,0,11,500,1253,991,0,-88,-511,999,1399,997,-13
"2024-07-12",5,19806,21521,18082,754,6562,0,17193,0,259,528,1253,991,0,-90,-430,999,1399,997,-436
"2024-07-12",6,19455,21228,17747,758,6562,0,17193,0,291,644,1253,991,0,-86,-418,999,1399,997,-478
"2024-07-12",7,19155,21361,17453,765,6562,0,17193,0,290,682,1253,991,0,-79,-376,998,1399,996,-961
"2024-07-12",8,19052,21331,17315,771,6562,0,17193,0,330,454,1252,991,0,-84,-370,998,1399,996,-995
"2024-07-12",9,18961,21232,17225,783,6562,0,17193,0,350,324,1252,991,0,-82,-358,997,1398,995,-981
"2024-07-12",10,18905,21191,17170,794,6562,0,17193,0,349,316,1253,991,0,-78,-377,994,1398,996,-982
"2024-07-12",11,19072,21493,17353,798,6562,1,17193,0,348,374,1254,991,0,-79,-411,548,1398,996,-1083
"2024-07-12",12,19590,22033,17809,802,6562,72,17193,0,351,300,1253,991,0,-98,-412,528,1398,996,-1082
"2024-07-12",13,21195,23090,19289,819,6562,306,17193,0,70,170,1253,991,1,-131,-426,649,1398,996,-768
"2024-07-12",14,22710,24597,20672,835,6562,585,17193,0,13,-67,1254,991,0,-193,-442,653,1398,997,-739
"2024-07-12",15,24677,26290,22449,865,6562,1012,17193,0,13,-384,1253,991,0,-290,-301,820,1397,996,-509
"2024-07-12",16,25620,27313,23339,894,6562,1590,17193,0,13,-498,1253,991,0,-350,-361,826,1397,997,-469
"2024-07-12",17,26148,27512,23726,933,6562,2223,17193,0,13,-907,1253,991,0,-350,-501,993,1397,997,414
"2024-07-12",18,26356,27745,23886,972,6562,2688,17193,0,13,-950,1253,991,0,-350,-526,999,1397,996,486
"2024-07-12",19,26877,28164,24392,1003,6562,3203,17193,0,13,-1000,1253,992,0,-350,-424,1018,1397,997,956
"2024-07-12",20,26690,27933,24148,1034,6562,3991,17193,0,14,-1102,1253,991,0,-350,-379,1019,1397,996,966
"2024-07-12",21,26245,27549,23705,1023,6562,4297,17193,0,14,-1163,1254,991,0,-350,-440,754,1397,996,155
"2024-07-12",22,25812,27087,23326,1011,6562,4787,17193,0,14,-1159,1254,992,0,-304,-457,745,1397,997,114
"2024-07-12",23,25527,26712,23084,998,6562,5311,17193,0,14,-907,1253,991,0,-157,-514,1009,1397,996,718
"2024-07-12",24,25337,26455,22899,984,6562,5758,17193,0,14,-859,1253,991,0,-74,-530,1019,1397,996,751
"2024-07-12",25,25152,26270,22762,970,6562,6177,17193,0,14,-846,1230,972,0,-74,-530,900,1397,997,425
"2024-07-12",26,24970,26088,22590,955,6562,6139,17193,0,14,-984,1229,971,0,-74,-530,895,1397,997,402
"2024-07-12",27,24774,25891,22439,952,6562,5663,17193,0,14,-954,1253,990,0,-74,-529,1015,1397,997,418
"2024-07-12",28,24583,25700,22268,949,6562,4999,17193,0,14,-906,1254,992,0,-74,-529,1019,1397,997,423
"2024-07-12",29,24601,25718,22287,931,6562,4755,17193,0,14,-913,1253,991,0,-74,-529,1000,1397,997,547
"2024-07-12",30,24641,25825,22363,912,6562,4485,17193,0,14,-1021,1254,992,0,-141,-529,999,1397,997,557
"2024-07-12",31,24854,26087,22631,904,6562,4026,17193,0,14,-887,1254,992,0,-190,-529,999,1397,997,621
"2024-07-12",32,25521,26821,23313,896,6562,3930,17193,0,14,-893,1254,992,0,-258,-528,999,1397,997,635
"2024-07-12",33,25844,27220,23593,882,6562,3456,17193,0,14,-1010,1253,991,0,-335,-527,999,1397,997,963
"2024-07-12",34,26501,27922,24186,867,6562,2964,17193,0,14,-1117,1254,992,0,-379,-528,999,1397,997,985
"2024-07-12",35,27150,28645,24743,863,6562,2738,17193,0,17,-1199,1253,991,1,-451,-527,999,1397,997,985
"2024-07-12",36,27565,29060,25121,859,6562,2361,17193,0,16,-1154,1254,992,0,-451,-528,999,1397,996,985
"2024-07-12",37,27673,29168,25222,835,6562,1835,17193,0,16,-1041,1252,992,0,-451,-528,999,1397,997,985
"2024-07-12",38,27635,29130,25174,811,6562,1274,17193,0,17,-1092,1235,990,0,-451,-527,999,1397,997,985
"2024-07-12",39,27742,29229,25335,775,6562,858,17193,0,9,-849,462,928,0,-451,-527,999,1398,998,991
"2024-07-12",40,27997,29483,25619,739,6562,519,17193,0,8,-888,407,915,1,-451,-527,999,1399,997,994
"2024-07-12",41,27608,29094,25245,700,6562,245,17193,0,8,-869,74,628,1,-451,-527,999,1399,967,994
"2024-07-12",42,27074,28560,24806,661,6562,60,17193,0,8,-749,55,600,0,-451,-527,999,1399,961,994
"2024-07-12",43,26475,28125,24269,646,6562,1,17193,0,8,-743,-164,296,1,-451,-527,999,1399,843,994
"2024-07-12",44,26090,27753,23899,631,6562,0,17193,0,6,-742,-179,275,0,-451,-527,999,1399,830,994
"2024-07-12",45,25261,26754,23038,635,6562,0,17193,0,15,-966,84,273,0,-451,-527,999,1399,640,994
"2024-07-12",46,23824,25320,21669,638,6562,0,17193,0,18,-870,149,291,0,-451,-527,999,1399,638,994
"2024-07-12",47,22772,24264,20745,649,6562,0,17193,0,14,-661,1177,947,0,-451,-527,999,1398,975,993
"2024-07-12",48,21667,23136,19750,660,6562,0,17193,0,14,-552,1236,987,0,-428,-527,997,1399,998,987
"2024-07-13",1,20984,22400,19107,635,6562,0,17193,0,11,-294,551,809,0,-391,-514,573,1398,998,987
"2024-07-13",2,20313,21653,18505,610,6562,0,17193,0,15,-394,516,801,0,-370,-455,554,1399,998,982
"2024-07-13",3,19858,21255,18105,625,6562,0,17193,0,15,-332,854,979,0,-359,-523,235,1399,997,788
"2024-07-13",4,19608,21087,17919,640,6562,0,17193,0,93,-225,880,991,0,-359,-527,222,1399,997,774
"2024-07-13",5,19110,21038,17451,659,6562,0,17193,0,542,-212,1142,992,0,-359,-527,29,1399,997,707
"2024-07-13",6,18737,20818,17113,678,6562,0,17193,0,695,-61,1159,992,0,-359,-527,22,1399,996,694
"2024-07-13",7,18515,20597,16881,697,6562,0,17193,0,696,38,1248,992,1,-359,-527,119,1399,996,511
"2024-07-13",8,18309,20393,16668,715,6562,0,17193,0,698,113,1254,992,0,-359,-527,122,1399,996,498
"2024-07-13",9,18085,20178,16492,730,6562,0,17193,0,707,97,1254,992,1,-359,-527,101,1399,997,512
"2024-07-13",10,17884,20129,16345,744,6562,0,17193,0,859,142,1243,989,0,-359,-527,102,1399,996,523
"2024-07-13",11,17623,19673,16095,751,6562,1,17193,0,684,80,650,899,0,-339,-527,493,1399,947,867
"2024-07-13",12,17576,19658,16017,758,6562,90,17193,0,719,197,617,887,0,-336,-527,508,1399,944,890
"2024-07-13",13,18313,20021,16693,776,6562,355,17193,0,345,372,657,668,0,-336,-527,357,1399,943,864
"2024-07-13",14,18509,20132,16859,794,6562,779,17193,0,243,385,674,661,0,-353,-527,360,1398,945,864
"2024-07-13",15,19479,21235,17736,830,6562,1265,17193,0,348,277,1216,971,0,-381,-527,968,1399,993,978
"2024-07-13",16,20049,21476,18255,865,6562,1788,17193,0,19,339,1252,991,0,-381,-527,999,1399,996,985
"2024-07-13",17,20710,22163,18802,905,6562,2472,17193,0,17,417,1252,991,0,-408,-528,999,1398,996,986
"2024-07-13",18,21412,22904,19439,945,6562,3110,17193,0,14,558,1252,992,0,-451,-527,999,1398,996,989
"2024-07-13",19,21925,23414,19874,984,6562,3588,17193,0,10,468,1252,991,0,-451,-528,1018,1397,996,989
"2024-07-13",20,22119,23606,20020,1022,6562,3814,17193,0,9,461,1252,992,1,-451,-527,1019,1397,996,989
"2024-07-13",21,22188,23674,20074,1026,6562,4289,17193,0,7,381,1252,992,0,-451,-528,1019,1397,996,989
"2024-07-13",22,21976,23462,19827,1030,6562,4365,17193,0,7,363,1252,992,0,-451,-528,1019,1397,997,989
"2024-07-13",23,21991,23477,19818,1041,6562,4948,17193,0,7,351,1253,992,0,-451,-528,1019,1397,997,989
"2024-07-13",24,22094,23586,19913,1051,6562,5037,17193,0,14,204,1253,991,0,-451,-527,1019,1397,996,989
"2024-07-13",25,22030,23518,19831,1060,6562,5557,17193,0,10,153,1253,992,0,-451,-527,1019,1397,996,989
"2024-07-13",26,21857,23345,19602,1068,6562,5820,17193,0,10,125,1253,992,0,-451,-527,1019,1397,996,989
"2024-07-13",27,21482,22967,19224,1065,6562,5796,17193,0,7,30,1252,992,0,-451,-527,1019,1397,996,989
"2024-07-13",28,20961,22448,18728,1061,6562,6227,17193,0,9,-28,1253,991,1,-451,-527,1019,1397,997,989
"2024-07-13",29,20652,22138,18478,1061,6562,6292,17193,0,8,152,1253,992,0,-451,-527,1000,1397,997,989
"2024-07-13",30,20426,21914,18252,1061,6562,5935,17193,0,10,124,1255,992,0,-451,-527,999,1397,996,989
"2024-07-13",31,20687,22175,18476,1060,6562,5100,17193,0,10,139,1491,991,0,-451,-527,999,1397,996,989
"2024-07-13",32,21180,22668,18952,1058,6562,4429,17193,0,10,96,1503,992,0,-451,-527,999,1397,996,989
"2024-07-13",33,21981,23471,19734,1048,6562,3947,17193,0,12,162,1455,991,1,-451,-527,999,1397,996,989
"2024-07-13",34,22967,24456,20657,1038,6562,3322,17193,0,11,116,1453,991,0,-451,-527,999,1397,996,989
"2024-07-13",35,23898,25383,21530,1025,6562,2692,17193,0,7,115,1501,991,0,-451,-527,999,1397,996,989
"2024-07-13",36,24645,26129,22301,1012,6562,2128,17193,0,6,224,1513,991,0,-451,-527,999,1397,996,989
"2024-07-13",37,25500,26979,23177,983,6562,1849,17193,0,1,367,1975,991,0,-451,-527,999,1397,996,989
"2024-07-13",38,25740,27223,23428,954,6562,1406,17193,0,5,682,2001,991,0,-451,-527,999,1397,996,983
"2024-07-13",39,25521,27010,23280,928,6562,974,17193,0,11,623,1934,991,0,-451,-527,999,1397,996,763
"2024-07-13",40,25651,27141,23401,902,6562,654,17193,0,12,599,1929,991,0,-451,-527,999,1397,996,751
"2024-07-13",41,25760,27253,23532,882,6562,323,17193,0,15,543,1856,991,0,-451,-527,904,1397,996,905
"2024-07-13",42,25442,26932,23300,861,6562,78,17193,0,12,571,1840,991,0,-451,-527,891,1397,994,909
"2024-07-13",43,24644,26133,22565,854,6562,2,17193,0,11,831,1340,969,0,-451,-527,270,1397,923,649
"2024-07-13",44,24628,26117,22588,846,6562,0,17193,0,11,838,1294,966,0,-451,-527,242,1397,918,638
"2024-07-13",45,23851,25343,21814,859,6562,0,17193,0,13,673,752,929,0,-451,-528,706,1397,911,954
"2024-07-13",46,22677,24147,20755,871,6562,0,17193,0,10,731,742,925,0,-433,-527,726,1397,912,968
"2024-07-13",47,21484,22929,19722,888,6562,0,17193,0,16,613,1644,850,1,-402,-527,792,1397,986,667
"2024-07-13",48,20642,22212,18927,905,6562,0,17193,0,170,730,1705,848,0,-373,-527,794,1397,991,647
"2024-07-14",1,19873,21272,18195,871,6562,0,17193,0,25,540,1796,982,0,-347,-527,520,1397,996,707
"2024-07-14",2,19571,21554,17894,837,6562,0,17193,0,618,577,1800,992,0,-337,-528,509,1397,994,704
"2024-07-14",3,18961,21188,17363,851,6562,0,17193,0,873,633,1580,991,0,-327,-527,532,1397,895,417
"2024-07-14",4,18567,20618,17040,865,6562,0,17193,0,702,343,1570,992,0,-321,-528,527,1397,891,405
"2024-07-14",5,18075,20366,16609,872,6562,0,17193,0,897,-121,1541,991,1,-321,-527,-46,1397,991,697
"2024-07-14",6,17544,19943,16114,879,6562,0,17193,0,980,-335,1535,987,1,-317,-528,-74,1397,998,703
"2024-07-14",7,17106,19387,15710,888,6562,0,17193,0,890,-119,1258,835,0,-311,-528,-52,1397,998,208
"2024-07-14",8,17081,19435,15651,896,6562,0,17193,0,968,-45,1241,824,0,-307,-528,-51,1397,997,170
"2024-07-14",9,16901,19187,15493,908,6562,0,17193,0,959,144,1033,796,0,-297,-528,-2,1397,974,63
"2024-07-14",10,16756,18982,15347,919,6562,0,17193,0,907,379,1024,793,1,-291,-528,0,1397,970,49
"2024-07-14",11,16471,18930,15055,912,6562,3,17193,0,955,373,1032,747,0,-291,-528,66,1397,875,-185
"2024-07-14",12,16277,18532,14874,905,6562,120,17193,0,752,98,1044,750,0,-291,-528,69,1397,872,-184
"2024-07-14",13,17078,19059,15588,898,6562,449,17193,0,656,80,1543,976,0,-296,-529,55,1397,989,456
"2024-07-14",14,17110,19319,15612,890,6562,950,17193,0,872,185,1572,987,0,-310,-527,59,1398,997,506
"2024-07-14",15,17380,19580,15819,889,6562,1675,17193,0,840,50,1359,845,0,-331,-529,560,1397,997,726
"2024-07-14",16,17593,19805,15934,888,6562,2403,17193,0,833,158,1361,839,0,-351,-528,584,1397,997,748
"2024-07-14",17,18039,20273,16271,906,6562,3207,17193,0,831,-226,1967,982,0,-375,-528,983,1397,996,970
"2024-07-14",18,18439,20667,16618,924,6562,3972,17193,0,794,-384,2002,992,1,-405,-529,999,1397,996,985
"2024-07-14",19,19235,21104,17323,936,6562,4719,17193,0,406,-114,2002,991,0,-435,-528,1018,1398,996,985
"2024-07-14",20,19670,21441,17692,947,6562,5349,17193,0,293,102,2002,992,0,-451,-527,1019,1397,995,985
"2024-07-14",21,20110,21652,18089,931,6562,5558,17193,0,64,136,2002,991,0,-451,-527,1019,1397,996,988
"2024-07-14",22,20401,21895,18354,915,6562,5861,17193,0,16,70,2003,991,0,-451,-527,1019,1397,996,989
"2024-07-14",23,21026,22519,18915,902,6562,6085,17193,0,15,113,2003,991,1,-451,-527,1019,1397,996,989
"2024-07-14",24,21170,22664,19043,889,6562,6138,17193,0,15,35,2003,991,0,-451,-528,1019,1397,996,989
"2024-07-14",25,21570,23062,19474,872,6562,5910,17193,0,14,-90,2003,991,0,-451,-527,1019,1397,996,989
"2024-07-14",26,21936,23427,19766,855,6562,6064,17193,0,13,-252,2003,991,0,-451,-527,1019,1398,996,989
"2024-07-14",27,22166,23655,20004,826,6562,5997,17193,0,11,-213,2003,992,1,-451,-527,1019,1398,997,989
"2024-07-14",28,22055,23548,19904,797,6562,5437,17193,0,15,-9,2003,991,0,-451,-527,1019,1398,996,989
"2024-07-14",29,21813,23306,19692,768,6562,5457,17193,0,15,42,2003,991,0,-451,-527,1000,1397,997,989
"2024-07-14",30,21554,23048,19458,739,6562,5239,17193,0,16,-140,2003,992,0,-451,-527,999,1398,996,989
"2024-07-14",31,21748,23240,19643,712,6562,5149,17193,0,14,-83,2002,991,0,-451,-527,999,1397,996,989
"2024-07-14",32,22175,23666,20049,685,6562,5085,17193,0,13,-88,2003,992,0,-451,-527,999,1398,996,989
"2024-07-14",33,22735,24225,20543,667,6562,4810,17193,0,12,-181,2002,991,0,-451,-527,999,1398,996,989
"2024-07-14",34,23591,25084,21340,648,6562,4569,17193,0,15,-232,2002,991,0,-451,-527,999,1398,996,1000
"2024-07-14",35,24779,26272,22434,624,6562,3848,17193,0,15,-138,2002,991,0,-451,-527,999,1398,996,1395
"2024-07-14",36,25444,26938,23117,599,6562,3180,17193,0,17,-101,2002,991,0,-451,-526,999,1397,995,1421
"2024-07-14",37,25919,27415,23593,576,6562,2636,17193,0,19,-29,2002,991,0,-451,-526,999,1397,995,1338
"2024-07-14",38,26089,27585,23830,553,6562,1992,17193,0,18,6,2002,991,0,-451,-527,999,1398,996,1322
"2024-07-14",39,26171,27666,23951,528,6562,1375,17193,0,17,102,2002,991,0,-451,-527,999,1397,996,992
"2024-07-14",40,25870,27364,23716,503,6562,770,17193,0,17,47,1999,991,0,-451,-526,999,1398,996,965
"2024-07-14",41,24865,26356,22801,481,6562,353,17193,0,13,18,1909,992,0,-451,-527,960,1397,996,839
"2024-07-14",42,24556,26046,22539,459,6562,93,17193,0,12,145,1900,985,0,-451,-527,959,1398,994,830
"2024-07-14",43,24243,25735,22245,447,6562,3,17193,0,14,183,1666,735,0,-451,-527,721,1398,935,870
"2024-07-14",44,23630,25126,21701,435,6562,0,17193,0,18,183,1657,723,0,-451,-527,712,1398,933,876
"2024-07-14",45,23907,25403,21968,430,6562,0,17193,0,18,-29,1863,907,1,-451,-527,712,1398,993,970
"2024-07-14",46,23374,24866,21422,424,6562,0,17193,0,14,1,1872,922,0,-451,-527,712,1398,997,979
"2024-07-14",47,22009,23482,20122,421,6562,0,17193,0,8,75,1894,987,0,-438,-527,785,1398,996,1071
"2024-07-14",48,20934,22371,19113,417,6562,0,17193,0,8,110,1896,991,0,-403,-526,787,1397,996,1082
"2024-07-15",1,20493,21905,18715,390,6562,0,17193,0,9,38,1997,991,0,-376,-527,943,1398,996,1216
"2024-07-15",2,19887,21292,18127,363,6562,0,17193,0,12,-2,2002,992,0,-366,-527,948,1397,996,1230
"2024-07-15",3,19276,20727,17542,359,6562,0,17193,0,67,61,1979,991,0,-357,-527,785,1397,996,1411
"2024-07-15",4,19326,20767,17645,354,6562,0,17193,0,68,131,1978,991,0,-346,-527,779,1397,996,1423
"2024-07-15",5,19191,20684,17502,356,6562,0,17193,0,125,89,2002,991,0,-341,-527,615,1397,996,1424
"2024-07-15",6,18772,20265,17098,358,6562,0,17193,0,130,-6,2003,991,0,-337,-526,609,1398,996,1422
"2024-07-15",7,18555,20042,16930,357,6562,0,17193,0,130,51,2003,991,0,-331,-526,632,1398,996,1358
"2024-07-15",8,18619,20094,16983,355,6562,0,17193,0,129,-40,2003,992,0,-327,-519,633,1398,997,1334
"2024-07-15",9,18526,19962,16872,362,6562,0,17193,0,128,16,2003,991,0,-317,-491,751,1398,996,750
"2024-07-15",10,18389,19803,16674,369,6562,0,17193,0,133,-68,2003,991,1,-311,-470,754,1398,996,702
"2024-07-15",11,18571,19722,16821,372,6562,11,17193,0,20,-55,2003,991,1,-311,-320,380,1398,997,414
"2024-07-15",12,18955,20047,17186,374,6562,222,17193,0,12,-87,2003,992,0,-316,-264,366,1397,997,410
"2024-07-15",13,20696,21772,18793,375,6562,642,17193,0,12,-215,2003,992,0,-335,-229,652,1397,997,999
"2024-07-15",14,22089,23309,20074,375,6562,1092,17193,0,12,-167,2000,988,0,-337,-371,663,1397,996,1046
"2024-07-15",15,24095,25502,21912,368,6562,1603,17193,0,11,-180,1746,861,0,-390,-506,648,1397,943,1297
"2024-07-15",16,25044,26468,22730,361,6562,2199,17193,0,12,-383,1736,855,0,-431,-481,649,1397,941,1317
"2024-07-15",17,26009,27497,23510,372,6562,2833,17193,0,11,-439,1989,982,0,-451,-526,986,1397,993,1413
"2024-07-15",18,26331,27821,23771,383,6562,3623,17193,0,9,-513,2003,991,0,-452,-529,999,1397,997,1420
"2024-07-15",19,26454,27944,23844,397,6562,4180,17193,0,9,-394,2003,991,0,-452,-529,1018,1397,996,1420
"2024-07-15",20,26609,28098,23973,410,6562,4571,17193,0,8,-391,2003,991,0,-452,-529,1019,1397,996,1409
"2024-07-15",21,26527,28015,23931,434,6562,4726,17193,0,8,-212,2003,991,0,-452,-528,1019,1397,996,1018
"2024-07-15",22,26416,27903,23861,457,6562,4852,17193,0,8,-160,2003,991,1,-451,-528,1019,1397,996,990
"2024-07-15",23,26581,28068,24017,473,6562,5142,17193,0,8,-363,2002,991,0,-451,-528,1019,1397,996,990
"2024-07-15",24,26745,28231,24188,489,6562,5121,17193,0,6,-343,2002,991,0,-452,-528,1019,1397,996,990
"2024-07-15",25,27004,28489,24490,514,6562,4678,17193,0,6,-241,2003,991,1,-452,-527,1019,1397,996,990
"2024-07-15",26,27308,28796,24827,538,6562,4482,17193,0,10,-150,2003,991,1,-451,-527,1019,1397,996,990
"2024-07-15",27,27406,28894,24916,559,6562,4085,17193,0,10,-115,2003,991,0,-451,-527,1019,1397,996,990
"2024-07-15",28,27331,28820,24870,580,6562,3557,17193,0,10,-355,2003,991,0,-452,-527,1019,1397,996,990
"2024-07-15",29,27783,29270,25337,617,6562,3510,17193,0,8,-142,2003,991,1,-452,-527,1000,1398,996,990
"2024-07-15",30,27659,29146,25190,654,6562,3210,17193,0,9,-438,2002,991,0,-451,-527,999,1398,996,1000
"2024-07-15",31,27853,29342,25376,689,6562,2633,17193,0,10,-410,2002,991,0,-452,-527,999,1399,996,1381
"2024-07-15",32,28430,29921,25967,724,6562,2379,17193,0,13,-613,2002,991,0,-451,-527,999,1399,996,1387
"2024-07-15",33,28719,30214,26219,727,6562,2402,17193,0,17,-403,2002,991,0,-451,-527,993,1399,996,661
"2024-07-15",34,29697,31188,27106,730,6562,1968,17193,0,12,-466,2002,991,0,-452,-527,992,1399,996,601
"2024-07-15",35,30037,31529,27330,707,6562,1589,17193,0,13,-160,2002,991,0,-452,-527,741,1399,996,233
"2024-07-15",36,30217,31709,27468,684,6562,1363,17193,0,13,-15,2002,991,0,-452,-527,731,1399,996,154
"2024-07-15",37,30261,32742,27587,655,6562,1194,17193,0,9,366,2002,991,0,-451,-527,913,1399,996,-994
"2024-07-15",38,29931,32519,27274,625,6562,845,17193,0,12,421,2002,992,0,-452,-527,881,1399,997,-1097
"2024-07-15",39,29485,32232,26902,614,6562,520,17193,0,7,514,2005,991,0,-451,-527,-165,1399,996,-1097
"2024-07-15",40,28784,31611,26237,603,6562,274,17193,0,7,407,2004,991,0,-452,-527,-244,1399,996,-1097
"2024-07-15",41,28159,31260,25586,594,6562,143,17193,0,9,437,1805,991,0,-451,-527,-517,1399,997,-1097
"2024-07-15",42,27917,31033,25380,585,6562,43,17193,0,17,352,1798,992,0,-451,-527,-527,1399,996,-1094
"2024-07-15",43,27932,31105,25409,579,6562,0,17193,0,11,-59,1918,992,0,-451,-526,-705,1399,965,-980
"2024-07-15",44,27304,30438,24804,572,6562,0,17193,0,12,-528,1924,989,0,-451,-527,-689,1399,963,-955
"2024-07-15",45,26141,27950,23749,583,6562,0,17193,0,16,-496,1943,918,0,-451,-527,170,1399,962,-315
"2024-07-15",46,24749,26474,22473,594,6562,0,17193,0,14,-449,1944,915,0,-451,-527,232,1399,962,-233
"2024-07-15",47,23113,24604,20985,608,6562,0,17193,0,14,-618,1997,987,0,-451,-526,851,1399,993,816
"2024-07-15",48,22061,23467,20031,621,6562,0,17193,0,13,-833,2000,992,0,-389,-504,880,1399,995,889
"2024-07-16",1,21487,22731,19521,630,6562,0,17193,0,13,-1006,2002,992,0,-351,-380,454,1399,995,529
"2024-07-16",2,21012,22226,19074,638,6562,0,17193,0,13,-1179,2002,991,0,-351,-350,436,1399,995,492
"2024-07-16",3,20480,21761,18592,656,6562,0,17193,0,12,-1159,2002,992,0,-351,-418,411,1399,995,32
"2024-07-16",4,20237,21546,18394,674,6562,0,17193,0,13,-1181,1997,992,0,-351,-445,412,1399,995,25
"2024-07-16",5,20090,21721,18218,693,6562,0,17193,0,266,-1262,1719,991,0,-351,-514,760,1399,996,926
"2024-07-16",6,19781,21637,17949,712,6562,0,17193,0,585,-1373,1693,991,0,-351,-420,773,1399,995,987
"2024-07-16",7,19778,21823,17941,723,6562,0,17193,0,687,-1608,1330,992,0,-351,-507,991,1399,996,987
"2024-07-16",8,19505,21673,17617,733,6562,0,17193,0,789,-1744,1306,991,0,-351,-528,999,1399,996,980
"2024-07-16",9,19523,21669,17680,739,6562,0,17193,0,768,-1516,1308,992,0,-351,-527,999,1399,996,701
"2024-07-16",10,19533,21567,17709,745,6562,0,17193,0,655,-1628,1309,992,0,-351,-528,999,1399,996,657
"2024-07-16",11,19366,21387,17535,769,6562,3,17193,0,419,-1285,1356,992,0,-351,-510,879,1399,951,-241
"2024-07-16",12,19796,21433,17956,792,6562,67,17193,0,118,-1216,1360,992,0,-351,-378,875,1399,946,-290
"2024-07-16",13,21388,22512,19420,806,6562,244,17193,0,12,-1306,1498,992,0,-351,-261,904,1398,902,132
"2024-07-16",14,22650,23869,20561,820,6562,484,17193,0,12,-1379,1506,991,0,-336,-371,905,1397,900,161
"2024-07-16",15,24431,25880,22205,824,6562,871,17193,0,14,-1378,1379,991,0,-429,-506,967,1397,900,128
"2024-07-16",16,25507,27007,23214,827,6562,1291,17193,0,20,-1140,1367,991,0,-452,-528,969,1397,903,147
"2024-07-16",17,26418,27918,23957,838,6562,1658,17193,0,20,-1107,1368,991,0,-452,-528,728,1397,991,934
"2024-07-16",18,26864,28363,24344,849,6562,2058,17193,0,18,-888,1367,992,0,-452,-529,720,1397,996,989
"2024-07-16",19,27240,28732,24650,877,6562,2386,17193,0,13,-1022,1366,991,0,-451,-528,989,1397,996,988
"2024-07-16",20,27226,28717,24583,905,6562,2699,17193,0,11,-1427,1367,991,0,-451,-529,999,1397,996,988
"2024-07-16",21,27093,28584,24452,921,6562,3215,17193,0,11,-1598,1367,991,1,-451,-529,1018,1397,997,988
"2024-07-16",22,27035,28526,24390,937,6562,3974,17193,0,11,-1585,1367,992,0,-451,-529,1019,1397,996,988
"2024-07-16",23,26907,28397,24258,988,6562,4698,17193,0,10,-1617,1367,992,0,-451,-529,1019,1397,996,988
"2024-07-16",24,26825,28315,24223,1038,6562,5099,17193,0,10,-1520,1367,992,0,-451,-529,1019,1397,996,988
"2024-07-16",25,26770,28259,24201,1103,6562,4917,17193,0,10,-1434,1368,991,0,-451,-528,924,1397,996,988
"2024-07-16",26,26462,27951,23909,1168,6562,5340,17193,0,10,-1292,1368,991,1,-451,-528,921,1397,996,988
"2024-07-16",27,25712,27201,23208,1225,6562,5519,17193,0,10,-1156,1368,992,1,-451,-528,827,1398,997,989
"2024-07-16",28,25556,27045,23123,1282,6562,5690,17193,0,10,-1085,1368,991,0,-451,-528,823,1397,996,988
"2024-07-16",29,25031,26523,22611,1311,6562,5473,17193,0,13,-1348,1368,991,0,-451,-528,898,1397,996,988
"2024-07-16",30,24987,26467,22602,1340,6562,5085,17193,0,13,-1287,1369,992,0,-451,-516,901,1397,997,988
"2024-07-16",31,25212,26701,22873,1345,6562,4958,17193,0,11,-993,1369,992,0,-451,-527,901,1398,996,988
"2024-07-16",32,25848,27339,23474,1350,6562,4265,17193,0,13,-856,1368,991,0,-451,-527,901,1398,996,988
"2024-07-16",33,26281,27772,23864,1332,6562,3846,17193,0,13,-920,1368,991,0,-451,-527,953,1398,997,988
"2024-07-16",34,27049,28541,24602,1314,6562,3510,17193,0,13,-887,1368,992,1,-451,-528,955,1398,997,981
"2024-07-16",35,27640,29131,25163,1270,6562,3412,17193,0,12,-846,1368,992,0,-451,-528,997,1399,997,720
"2024-07-16",36,28051,29540,25579,1225,6562,2946,17193,0,11,-639,1368,991,0,-451,-527,999,1398,994,699
"2024-07-16",37,28406,29894,26018,1164,6562,2150,17193,0,10,-412,1368,992,0,-451,-527,999,1398,932,607
"2024-07-16",38,28450,29937,26107,1102,6562,1513,17193,0,9,-241,1368,992,0,-451,-527,999,1399,927,543
"2024-07-16",39,27892,30017,25643,1017,6562,1031,17193,0,9,451,1367,991,0,-419,-527,999,1398,924,-670
"2024-07-16",40,27593,29777,25407,932,6562,644,17193,0,3,606,1342,991,0,-451,-527,999,1398,922,-703
"2024-07-16",41,27525,29006,25337,883,6562,314,17193,0,3,477,1149,992,0,-451,-527,966,1399,826,595
"2024-07-16",42,27194,28679,24962,833,6562,73,17193,0,7,313,1093,991,0,-451,-527,965,1399,821,730
"2024-07-16",43,26763,28247,24572,839,6562,0,17193,0,6,111,1093,965,0,-451,-527,975,1399,835,972
"2024-07-16",44,26305,27793,24089,845,6562,0,17193,0,10,-192,1093,964,0,-451,-527,975,1399,836,989
"2024-07-16",45,25557,27045,23283,858,6562,0,17193,0,10,-398,1093,968,0,-451,-527,998,1399,868,969
"2024-07-16",46,24582,26070,22429,870,6562,0,17193,0,10,-413,1093,968,0,-451,-527,999,1399,873,967
"2024-07-16",47,23245,24652,21247,879,6562,0,17193,0,10,-448,1093,990,0,-436,-461,999,1399,990,987
"2024-07-16",48,22117,23347,20320,888,6562,0,17193,0,8,-317,1093,992,0,-371,-351,999,1399,997,989
"2024-07-17",1,21216,22520,19482,860,6562,0,17193,0,6,-290,1093,992,0,-351,-447,999,1399,996,989
"2024-07-17",2,20835,22145,19145,832,6562,0,17193,0,64,-168,1093,991,0,-351,-395,999,1399,996,989
"2024-07-17",3,20420,21799,18806,819,6562,0,17193,0,67,-75,1093,991,0,-351,-461,999,1399,997,989
"2024-07-17",4,20213,21667,18612,806,6562,0,17193,0,76,100,1093,992,0,-351,-527,999,1399,997,989
"2024-07-17",5,19782,21568,18238,784,6562,0,17193,0,408,48,1092,991,1,-351,-527,999,1399,997,989
"2024-07-17",6,19545,21334,17988,761,6562,0,17193,0,411,102,1092,992,0,-351,-527,999,1399,997,989
"2024-07-17",7,19214,21005,17613,729,6562,0,17193,0,413,-163,1093,991,0,-351,-527,838,1399,996,989
"2024-07-17",8,19046,20812,17461,696,6562,0,17193,0,408,-299,1093,992,0,-351,-507,832,1399,997,989
"2024-07-17",9,18854,20561,17238,675,6562,0,17193,0,406,-533,1093,991,0,-351,-450,776,1399,996,996
"2024-07-17",10,18969,20682,17341,654,6562,0,17193,0,408,-444,1090,987,0,-351,-454,773,1399,996,997
"2024-07-17",11,19007,20220,17376,613,6562,5,17193,0,88,-221,935,811,0,-320,-305,487,1399,966,997
"2024-07-17",12,19702,20816,18033,571,6562,174,17193,0,72,-16,926,791,1,-351,-191,473,1399,954,998
"2024-07-17",13,21227,22428,19428,543,6562,592,17193,0,15,216,999,508,0,-381,-305,20,1399,627,1051
"2024-07-17",14,22570,23909,20677,515,6562,1186,17193,0,13,177,1002,488,0,-452,-374,2,1398,616,1064
"2024-07-17",15,24131,25601,22037,502,6562,1921,17193,0,13,44,959,462,0,-452,-505,377,1399,943,1399
"2024-07-17",16,24662,26156,22480,488,6562,2823,17193,0,13,193,959,474,0,-452,-529,397,1398,964,1411
"2024-07-17",17,25151,26645,22803,500,6562,3846,17193,0,12,-71,1086,958,0,-452,-530,948,1398,994,1017
"2024-07-17",18,25065,26553,22668,512,6562,4856,17193,0,7,-15,1092,991,0,-452,-529,974,1397,997,993
"2024-07-17",19,24850,26340,22423,530,6562,5806,17193,0,9,141,1092,991,0,-451,-530,939,1397,996,1139
"2024-07-17",20,24319,25808,21920,548,6562,6721,17193,0,9,212,1092,991,0,-451,-529,937,1397,997,1146
"2024-07-17",21,23891,25380,21543,590,6562,7663,17193,0,9,83,1093,991,0,-451,-529,1016,1397,996,1024
"2024-07-17",22,23547,25022,21233,632,6562,8317,17193,0,8,-53,1093,991,0,-452,-515,1019,1397,996,1015
"2024-07-17",23,23292,24666,20994,660,6562,8376,17193,0,6,10,1092,991,0,-451,-417,990,1397,996,994
"2024-07-17",24,23168,24448,20859,687,6562,8443,17193,0,6,47,1092,991,1,-431,-343,989,1397,996,993
"2024-07-17",25,23320,24515,21001,707,6562,8577,17193,0,6,-87,1092,991,0,-451,-238,1018,1397,996,993
"2024-07-17",26,23333,24462,21049,726,6562,8288,17193,0,5,-36,1093,991,0,-436,-188,1019,1398,997,993
"2024-07-17",27,23285,24329,21028,737,6562,8276,17193,0,8,52,1092,991,0,-418,-118,1019,1398,996,991
"2024-07-17",28,23088,24057,20879,748,6562,7752,17193,0,9,130,1092,991,0,-396,-64,1019,1398,996,989
"2024-07-17",29,23047,23976,20891,759,6562,7467,17193,0,6,260,1093,991,0,-351,-72,1000,1398,997,989
"2024-07-17",30,23206,24037,21073,770,6562,7390,17193,0,8,441,1093,991,0,-320,-3,999,1398,996,1000
"2024-07-17",31,23145,24034,20996,779,6562,6986,17193,0,8,452,1093,991,1,-307,-74,818,1398,996,1394
"2024-07-17",32,23729,24532,21569,787,6562,6486,17193,0,8,561,1093,991,0,-289,-6,812,1399,997,1421
"2024-07-17",33,24424,25308,22220,793,6562,6115,17193,0,8,686,1093,991,1,-333,-43,800,1399,996,1421
"2024-07-17",34,25150,26117,22958,798,6562,5168,17193,0,8,997,1093,991,0,-331,-128,799,1399,996,1420
"2024-07-17",35,26396,27474,24028,809,6562,4438,17193,0,8,1207,1092,991,0,-291,-279,989,1399,973,1421
"2024-07-17",36,27311,28607,24904,820,6562,3622,17193,0,8,1059,1091,987,1,-398,-390,995,1399,969,1408
"2024-07-17",37,27803,29011,25442,807,6562,2661,17193,0,5,1211,973,829,1,-419,-284,670,1399,880,955
"2024-07-17",38,28159,29361,25865,794,6562,1922,17193,0,5,1342,970,820,0,-436,-261,640,1399,872,908
"2024-07-17",39,28147,29257,25875,773,6562,1345,17193,0,4,1954,1064,871,1,-339,-123,-144,1399,759,350
"2024-07-17",40,28144,29327,25892,751,6562,845,17193,0,3,1894,1067,861,0,-429,-60,-191,1399,738,316
"2024-07-17",41,27799,28787,25530,761,6562,402,17193,0,4,1845,912,396,0,-446,0,-38,1399,259,530
"2024-07-17",42,27624,28646,25395,771,6562,87,17193,0,2,1874,889,358,1,-451,-33,-36,1399,230,551
"2024-07-17",43,27308,28866,25106,821,6562,1,17193,0,3,1774,368,146,0,-451,-132,-472,1398,281,778
"2024-07-17",44,26862,28555,24725,871,6562,0,17193,0,6,1634,336,134,0,-451,-247,-489,1399,281,787
"2024-07-17",45,25908,27383,23835,912,6562,0,17193,0,4,1435,562,221,0,-451,-268,-252,1399,196,558
"2024-07-17",46,24826,26252,22882,953,6562,0,17193,0,9,1561,580,234,0,-452,-232,-233,1399,200,552
"2024-07-17",47,23194,24225,21442,964,6562,0,17193,0,7,1764,979,486,0,-383,-141,421,1399,548,936
"2024-07-17",48,21835,22591,20228,975,6562,0,17193,0,6,1969,1003,504,1,-249,-1,455,1399,572,957
"2024-07-18",1,21367,22176,19839,971,6562,0,17193,0,9,1827,1219,555,0,-284,-16,477,1399,628,707
"2024-07-18",2,20782,21764,19295,966,6562,0,17193,0,295,1771,1234,559,0,-187,0,478,1399,634,687
"2024-07-18",3,20418,21612,18922,959,6562,0,17193,0,449,1422,1514,579,0,-245,0,500,1399,710,613
"2024-07-18",4,20177,21694,18716,951,6562,0,17193,0,853,1666,1535,580,0,-164,0,500,1399,723,610
"2024-07-18",5,20027,21513,18561,942,6562,0,17193,0,863,1755,1827,573,0,-123,0,152,1399,974,704
"2024-07-18",6,19758,21383,18303,933,6562,0,17193,0,983,1760,1846,578,0,-142,0,138,1399,990,709
"2024-07-18",7,19543,21181,18140,934,6562,0,17193,0,981,1622,1993,800,1,-157,0,201,1399,996,608
"2024-07-18",8,19358,20966,17988,935,6562,0,17193,0,976,1662,2002,814,0,-132,0,203,1399,992,586
"2024-07-18",9,18885,20378,17466,950,6562,0,17193,0,967,1730,1971,757,0,-26,0,20,1398,855,39
"2024-07-18",10,19019,20369,17572,965,6562,0,17193,0,838,1793,1968,751,1,-12,0,8,1399,845,0
"2024-07-18",11,19061,20509,17607,974,6562,2,17193,0,365,2006,1839,661,1,68,0,-539,1398,783,-44
"2024-07-18",12,19791,21089,18302,982,6562,132,17193,0,185,2168,1831,647,0,209,0,-565,1399,777,-48
"2024-07-18",13,21455,22465,19830,985,6562,550,17193,0,28,2552,1625,360,0,289,12,-394,1398,708,-88
"2024-07-18",14,22866,23828,21106,988,6562,1045,17193,0,17,2510,1619,354,1,154,69,-373,1397,707,-72
"2024-07-18",15,24730,25292,22783,1014,6562,1747,17193,0,16,2253,1711,838,0,21,-46,383,1397,837,589
"2024-07-18",16,25643,26420,23308,1039,6562,2591,17193,0,16,2372,1715,872,0,-68,-193,430,1397,850,634
"2024-07-18",17,25441,26518,23315,1118,6562,3497,17193,0,13,2160,1493,910,0,-219,-345,945,1397,987,694
"2024-07-18",18,24989,26361,22873,1197,6562,4318,17193,0,12,1999,1494,915,0,-370,-490,969,1397,996,698
"2024-07-18",19,24935,26422,22727,1292,6562,5303,17193,0,10,2030,1856,987,0,-450,-527,1017,1397,996,698
"2024-07-18",20,23905,25389,21711,1386,6562,6278,17193,0,7,1944,1256,991,0,-450,-527,1019,1397,997,698
"2024-07-18",21,23274,24759,21071,1466,6562,7286,17193,0,8,1813,1253,991,0,-450,-527,1019,1397,997,698
"2024-07-18",22,22358,23843,20143,1545,6562,8155,17193,0,8,1593,1253,991,0,-450,-527,1019,1397,997,698
"2024-07-18",23,21935,23379,19802,1594,6562,8931,17193,0,8,1615,1253,991,0,-409,-527,1019,1397,997,698
"2024-07-18",24,21584,22979,19477,1642,6562,9446,17193,0,8,1631,1253,991,0,-360,-527,1019,1397,996,698
"2024-07-18",25,21434,22830,19375,1671,6562,9769,17193,0,9,1762,1252,991,0,-360,-527,1019,1397,996,698
"2024-07-18",26,21433,22829,19424,1699,6562,9994,17193,0,9,1900,1253,991,0,-360,-527,1019,1397,996,698
"2024-07-18",27,21647,23040,19696,1695,6562,9678,17193,0,6,1999,1253,991,0,-360,-527,1019,1397,996,698
"2024-07-18",28,21618,23013,19696,1691,6562,9377,17193,0,9,2050,1253,991,0,-360,-526,1019,1397,996,698
"2024-07-18",29,21615,23011,19714,1670,6562,9228,17193,0,9,2137,1253,991,0,-360,-527,1000,1397,996,698
"2024-07-18",30,21811,23207,19918,1649,6562,8657,17193,0,8,1989,1253,992,0,-361,-527,999,1398,997,681
"2024-07-18",31,21757,23192,19778,1602,6562,7799,17193,0,7,1947,1253,992,0,-401,-527,999,1398,996,45
"2024-07-18",32,22299,23780,20314,1554,6562,7415,17193,0,5,1753,1253,992,0,-450,-526,999,1397,995,19
"2024-07-18",33,23744,25228,21688,1442,6562,6741,17193,0,7,1692,1253,992,0,-450,-527,915,1398,988,657
"2024-07-18",34,24874,26363,22756,1329,6562,5873,17193,0,12,1546,1253,981,1,-450,-527,898,1398,978,682
"2024-07-18",35,25564,27052,23353,1219,6562,4750,17193,0,11,1607,1255,600,0,-450,-527,166,1398,669,46
"2024-07-18",36,26867,28374,24567,1109,6562,3764,17193,0,13,1545,1247,574,0,-450,-527,123,1398,651,-17
"2024-07-18",37,27285,29676,24952,1001,6562,3019,17193,0,12,1561,807,562,0,-450,-526,-219,1398,699,-684
"2024-07-18",38,28205,30677,25856,892,6562,2201,17193,0,10,1612,782,566,0,-450,-527,-246,1398,701,-739
"2024-07-18",39,28004,31541,25696,830,6562,1438,17193,0,7,1874,727,719,1,-450,-526,-981,1398,639,-1073
"2024-07-18",40,28221,31821,25932,768,6562,734,17193,0,5,1811,715,721,0,-450,-527,-1021,1398,632,-1097
"2024-07-18",41,27607,31206,25410,749,6562,303,17193,0,4,1866,253,411,0,-450,-527,-1021,1398,482,-1097
"2024-07-18",42,27306,30901,25137,730,6562,54,17193,0,4,1797,230,394,0,-450,-526,-1021,1399,473,-1094
"2024-07-18",43,27385,30740,25214,746,6562,0,17193,0,11,1721,509,511,0,-450,-526,-874,1399,490,-994
"2024-07-18",44,27199,30542,25071,761,6562,0,17193,0,13,1657,524,511,0,-450,-526,-869,1399,485,-985
"2024-07-18",45,26236,29286,24221,776,6562,0,17193,0,15,1462,495,208,0,-450,-527,-660,1399,319,-898
"2024-07-18",46,25243,28249,23314,791,6562,0,17193,0,12,1449,514,199,1,-450,-527,-642,1399,313,-875
"2024-07-18",47,23989,25718,22151,798,6562,0,17193,0,9,1030,1333,618,0,-450,-527,9,1399,476,-243
"2024-07-18",48,22899,24597,21113,805,6562,0,17193,0,13,1162,1383,649,0,-451,-527,40,1399,489,-207
"2024-07-19",1,21961,24258,20256,793,6563,0,17193,0,15,1221,1335,739,0,-451,-527,-340,1399,547,-464
"2024-07-19",2,21418,23688,19772,781,6563,0,17193,0,22,1315,1334,746,0,-383,-526,-354,1399,551,-485
"2024-07-19",3,20987,23436,19387,783,6563,0,17193,0,353,1447,1534,795,0,-302,-527,-143,1399,591,-624
"2024-07-19",4,20433,22895,18891,784,6563,0,17193,0,357,962,1543,798,0,-302,-527,-136,1399,597,-640
"2024-07-19",5,19972,22498,18481,787,6563,0,17193,0,354,567,1552,794,0,-302,-518,59,1399,691,-852
"2024-07-19",6,19496,22250,18074,789,6563,0,17193,0,626,507,1550,792,0,-301,-457,67,1399,697,-870
"2024-07-19",7,19587,22358,18148,794,6563,0,17193,0,653,692,1402,745,0,-302,-308,196,1399,699,-1008
"2024-07-19",8,19283,22250,17850,798,6563,0,17193,0,893,904,1396,743,0,-301,-255,197,1399,696,-1018
"2024-07-19",9,19155,22003,17731,847,6563,0,17193,0,605,905,1633,789,0,-301,-118,-265,1399,593,-1059
"2024-07-19",10,18995,21839,17621,895,6563,0,17193,0,591,1074,1647,792,0,-302,-104,-285,1399,587,-1062
"2024-07-19",11,19186,21961,17813,919,6563,2,17193,0,356,1335,1860,800,1,-286,-10,-532,1399,623,-1091
"2024-07-19",12,19645,22140,18278,942,6563,132,17193,0,205,1714,1867,802,0,-157,0,-539,1399,631,-1094
"2024-07-19",13,21183,23067,19723,958,6563,541,17193,0,15,2058,1717,853,1,-61,0,-214,1398,804,-1094
"2024-07-19",14,22334,24264,20741,974,6563,1123,17193,0,15,2090,1708,858,0,-189,-11,-194,1398,818,-1021
"2024-07-19",15,24038,25016,22270,998,6563,1894,17193,0,16,2145,1654,899,0,-328,-134,411,1398,894,242
"2024-07-19",16,24384,25487,22562,1021,6563,2857,17193,0,16,2477,1659,904,0,-302,-285,446,1397,901,383
"2024-07-19",17,25267,26636,23421,1108,6563,3855,17193,0,16,2258,1982,986,0,-417,-436,975,1397,990,950
"2024-07-19",18,24701,26138,22796,1195,6563,4903,17193,0,16,2148,2002,991,0,-450,-471,999,1397,996,998
"2024-07-19",19,24561,25815,22529,1291,6563,5940,17193,0,16,2264,2003,992,0,-413,-325,995,1398,994,1321
"2024-07-19",20,24079,25302,22092,1387,6563,7008,17193,0,16,2405,2002,992,0,-437,-270,994,1397,994,1340
"2024-07-19",21,23271,24255,21294,1523,6563,8022,17193,0,16,2572,2003,992,0,-342,-126,1018,1397,996,1231
"2024-07-19",22,22635,23590,20786,1659,6563,8839,17193,0,16,2611,2003,992,0,-430,-9,1019,1397,996,1220
"2024-07-19",23,22214,23094,20406,1754,6563,9538,17193,0,13,2728,2002,992,0,-367,55,1019,1397,995,1106
"2024-07-19",24,21777,22534,20024,1848,6563,10124,17193,0,15,3076,2002,992,0,-242,11,1019,1397,996,1100
"2024-07-19",25,21728,22531,19997,1927,6563,10532,17193,0,15,3292,2002,992,0,-288,0,1019,1397,996,1156
"2024-07-19",26,21489,22435,19755,2005,6563,10747,17193,0,92,3441,2002,992,0,-304,-50,1019,1397,995,1159
"2024-07-19",27,21036,22056,19361,2038,6563,10674,17193,0,19,3329,2001,992,0,-304,-197,1019,1397,995,1092
"2024-07-19",28,21040,22086,19416,2071,6563,10476,17193,0,13,3319,2002,992,1,-304,-229,1019,1398,996,1085
"2024-07-19",29,21255,22326,19607,2094,6563,9955,17193,0,13,3435,2002,992,0,-304,-254,1000,1398,996,998
"2024-07-19",30,21388,22562,19727,2116,6563,9397,17193,0,13,3601,2001,991,0,-304,-357,999,1398,995,989
"2024-07-19",31,21441,22625,19788,2132,6563,8631,17193,0,13,3749,1986,947,0,-304,-367,827,1397,995,856
"2024-07-19",32,22140,23383,20456,2147,6563,7886,17193,0,13,3575,1983,939,0,-304,-426,821,1398,982,830
"2024-07-19",33,22212,23333,20467,2111,6563,7005,17193,0,15,3431,1835,769,0,-319,-287,639,1398,531,221
"2024-07-19",34,23573,24794,21797,2074,6563,6000,17193,0,14,3245,1822,755,0,-430,-277,633,1399,501,160
"2024-07-19",35,24648,26533,22776,2008,6563,5172,17193,0,14,3013,1567,681,0,-451,-385,603,1399,472,-535
"2024-07-19",36,25808,27878,23863,1941,6563,4091,17193,0,14,2845,1551,675,0,-451,-509,577,1399,470,-596
"2024-07-19",37,26245,29100,24375,1835,6563,2978,17193,0,9,2912,1345,671,0,-451,-527,-307,1399,500,-1061
"2024-07-19",38,26852,29800,24978,1728,6563,2170,17193,0,6,2936,1316,667,0,-451,-526,-373,1399,505,-1092
"2024-07-19",39,26844,30406,24977,1623,6563,1480,17193,0,5,3242,605,544,0,-451,-526,-988,1399,609,-1092
"2024-07-19",40,26899,30492,25053,1517,6563,837,17193,0,7,3067,545,533,0,-451,-527,-1018,1399,609,-1090
"2024-07-19",41,26610,29945,24804,1449,6563,367,17193,0,9,2995,-54,405,1,-451,-527,-784,1399,356,-1010
"2024-07-19",42,26798,30145,25058,1380,6563,62,17193,0,8,3292,-97,387,1,-451,-526,-775,1399,334,-990
"2024-07-19",43,26766,29418,25041,1339,6563,0,17193,0,5,3087,204,61,1,-451,-526,-684,1399,127,-486
"2024-07-19",44,26548,29155,24811,1298,6563,0,17193,0,5,3021,237,42,0,-451,-527,-679,1399,121,-445
"2024-07-19",45,26285,28298,24513,1256,6563,0,17193,0,11,2853,218,158,0,-451,-526,-309,1399,354,-216
"2024-07-19",46,25000,26978,23332,1214,6563,0,17193,0,9,2875,264,181,0,-452,-527,-294,1399,374,-196
"2024-07-19",47,23924,25301,22350,1191,6563,0,17193,0,6,2633,1393,744,0,-396,-460,13,1399,562,-15
"2024-07-19",48,22639,23851,21091,1168,6563,0,17193,0,10,2626,1484,784,1,-392,-310,47,1399,580,0
"2024-07-20",1,21944,23030,20364,1137,6563,0,17193,0,13,2512,1438,838,0,-391,-182,904,1399,795,71
"2024-07-20",2,21608,22613,20008,1105,6563,0,17193,0,16,2405,1434,841,1,-392,-97,959,1398,811,75
"2024-07-20",3,21109,22287,19554,1076,6563,0,17193,0,16,2388,1292,808,0,-392,-216,936,1398,846,-54
"2024-07-20",4,20709,21965,19231,1046,6563,0,17193,0,86,2622,1292,809,0,-392,-203,935,1398,849,-75
"2024-07-20",5,20091,22100,18597,1007,6563,0,17193,0,330,2341,1622,897,0,-391,-328,909,1397,894,-460
"2024-07-20",6,19666,21490,18180,967,6563,0,17193,0,74,2140,1644,902,0,-392,-370,908,1398,897,-488
"2024-07-20",7,19318,21130,17834,930,6563,0,17193,0,74,1932,1748,891,0,-391,-301,865,1398,897,-546
"2024-07-20",8,19219,21031,17709,893,6563,0,17193,0,74,1792,1755,891,0,-391,-297,864,1398,897,-550
"2024-07-20",9,19022,20791,17513,896,6563,0,17193,0,127,1728,1838,891,0,-391,-214,853,1398,897,-537
"2024-07-20",10,18829,20567,17340,899,6563,0,17193,0,73,1944,1845,891,1,-392,-246,853,1398,898,-527
"2024-07-20",11,18755,20370,17323,871,6563,2,17193,0,129,1906,1929,891,1,-391,-397,965,1397,920,-198
"2024-07-20",12,18778,20400,17343,843,6563,157,17193,0,72,1901,1935,891,0,-391,-499,969,1398,920,-160
"2024-07-20",13,19388,20964,17875,827,6563,475,17193,0,162,2140,1998,894,1,-398,-516,998,1398,898,429
"2024-07-20",14,19865,21418,18409,811,6563,858,17193,0,76,2331,2002,896,0,-451,-526,999,1397,900,481
"2024-07-20",15,20674,22178,19069,803,6563,1418,17193,0,25,1947,2001,986,0,-452,-527,999,1397,989,908
"2024-07-20",16,21317,22808,19559,794,6563,1918,17193,0,12,1780,2001,992,0,-452,-527,999,1397,995,939
"2024-07-20",17,22104,23593,20287,809,6563,2403,17193,0,10,1637,2001,992,0,-452,-527,999,1397,996,985
"2024-07-20",18,22803,24291,20885,824,6563,2990,17193,0,10,1586,2001,992,0,-451,-527,999,1397,996,989
"2024-07-20",19,23226,24715,21293,830,6563,3652,17193,0,10,1532,2002,992,0,-452,-527,1018,1397,996,989
"2024-07-20",20,23288,24776,21334,836,6563,4069,17193,0,10,1389,2001,992,0,-451,-527,1019,1397,996,989
"2024-07-20",21,23325,24813,21272,879,6563,4326,17193,0,9,1225,2002,992,1,-452,-527,1019,1397,996,989
"2024-07-20",22,23149,24637,21092,921,6563,4726,17193,0,9,1060,2001,992,0,-452,-527,1019,1397,996,989
"2024-07-20",23,23076,24564,21041,943,6563,5178,17193,0,10,1058,2001,992,1,-451,-527,1019,1397,995,989
"2024-07-20",24,22944,24427,20874,964,6563,5203,17193,0,11,910,2001,992,0,-445,-527,1019,1397,995,989
"2024-07-20",25,22936,24298,20829,989,6563,5125,17193,0,8,903,2002,992,0,-340,-514,1019,1397,996,989
"2024-07-20",26,22862,24128,20744,1014,6563,5133,17193,0,8,927,2001,992,0,-315,-443,1019,1397,996,989
"2024-07-20",27,22666,23748,20558,1004,6563,4931,17193,0,9,791,2002,992,0,-281,-292,1019,1398,996,989
"2024-07-20",28,22567,23524,20472,994,6563,5179,17193,0,9,826,2002,992,0,-290,-158,1019,1398,996,989
"2024-07-20",29,22858,23738,20782,967,6563,4438,17193,0,9,702,2001,992,0,-331,-40,1000,1398,996,989
"2024-07-20",30,22834,23726,20696,939,6563,4303,17193,0,9,544,2002,992,1,-272,-111,999,1398,996,989
"2024-07-20",31,22793,23465,20595,901,6563,3985,17193,0,9,250,2002,991,0,-143,-20,999,1398,996,989
"2024-07-20",32,23095,23646,20901,862,6563,3642,17193,0,9,155,2002,991,0,-42,0,999,1399,996,989
"2024-07-20",33,23870,24378,21601,816,6563,3181,17193,0,8,114,2002,992,0,6,0,999,1399,997,989
"2024-07-20",34,24615,25123,22253,769,6563,2704,17193,0,8,293,2002,992,0,60,8,999,1399,997,995
"2024-07-20",35,25306,25821,22874,724,6563,2207,17193,0,8,200,2002,992,0,-7,0,999,1399,996,1221
"2024-07-20",36,25827,26396,23372,678,6563,1719,17193,0,8,429,2002,992,0,-61,0,999,1399,996,1239
"2024-07-20",37,26262,26770,23862,642,6563,1581,17193,0,8,880,2002,992,0,0,0,999,1399,996,1339
"2024-07-20",38,26460,27027,24113,605,6563,1282,17193,0,8,981,2002,992,0,-59,0,999,1399,997,1298
"2024-07-20",39,25815,26482,23592,589,6563,859,17193,0,8,1226,2002,992,0,-159,0,897,1399,996,269
"2024-07-20",40,25912,26706,23762,572,6563,466,17193,0,8,1447,2002,992,0,-286,0,893,1399,996,194
"2024-07-20",41,25984,26826,23889,584,6563,204,17193,0,8,1350,2003,992,1,-334,0,719,1399,996,969
"2024-07-20",42,25657,26643,23577,596,6563,47,17193,0,8,1048,2003,992,1,-443,-35,671,1399,996,1033
"2024-07-20",43,25194,26752,23203,642,6563,0,17193,0,8,1460,1999,987,1,-451,-175,-424,1399,979,1376
"2024-07-20",44,25170,26834,23182,687,6563,0,17193,0,11,1623,1999,987,0,-438,-207,-508,1399,977,1398
"2024-07-20",45,24263,26102,22311,737,6563,0,17193,0,10,1641,1973,973,0,-451,-345,-533,1399,976,1348
"2024-07-20",46,23128,25012,21314,786,6563,0,17193,0,34,1472,1969,972,0,-451,-431,-468,1399,977,1341
"2024-07-20",47,22215,23584,20528,861,6563,0,17193,0,49,1502,1834,939,1,-413,-407,808,1399,995,1221
"2024-07-20",48,21256,22630,19699,936,6563,0,17193,0,163,1743,1828,938,0,-451,-260,922,1399,996,1214
"2024-07-21",1,20384,22208,18960,1077,6563,0,17193,0,627,2130,1937,989,0,-396,-301,677,1398,996,1295
"2024-07-21",2,19759,21935,18434,1218,6563,0,17193,0,904,2336,1941,992,0,-371,-401,668,1398,996,1295
"2024-07-21",3,19396,21482,18192,1266,6563,0,17193,0,809,2638,1871,992,0,-371,-406,651,1398,997,1070
"2024-07-21",4,18931,21089,17827,1313,6563,0,17193,0,989,2788,1865,992,1,-371,-298,648,1398,996,1045
"2024-07-21",5,18349,20187,17334,1344,6563,0,17193,0,665,2535,1786,988,0,-371,-302,224,1397,997,689
"2024-07-21",6,17917,19982,16897,1375,6563,0,17193,0,983,2515,1784,988,0,-371,-211,211,1397,996,591
"2024-07-21",7,17291,19926,16246,1367,6563,0,17193,0,796,2257,1993,992,0,-371,-290,722,1397,996,-678
"2024-07-21",8,17240,19942,16177,1359,6563,0,17193,0,741,2023,2003,992,0,-371,-286,745,1397,996,-804
"2024-07-21",9,16922,19374,15840,1333,6563,0,17193,0,697,1566,2003,992,0,-371,-174,704,1397,996,-710
"2024-07-21",10,16765,19266,15640,1307,6563,0,17193,0,697,1207,2003,992,0,-371,-232,702,1399,996,-701
"2024-07-21",11,16515,18910,15350,1262,6563,0,17193,0,692,941,2002,992,0,-371,-237,699,1398,996,-595
"2024-07-21",12,16381,18671,15179,1217,6563,97,17193,0,692,808,1995,992,0,-371,-161,699,1399,994,-566
"2024-07-21",13,16945,18561,15632,1209,6563,426,17193,0,556,619,1599,992,1,-371,-189,804,1399,951,219
"2024-07-21",14,17239,18737,15893,1201,6563,822,17193,0,294,568,1584,992,0,-371,-333,808,1398,950,259
"2024-07-21",15,17684,19393,16241,1210,6563,1409,17193,0,307,748,1981,992,0,-371,-277,993,1399,993,-254
"2024-07-21",16,18068,19759,16539,1219,6563,1975,17193,0,303,589,2002,992,1,-426,-179,999,1398,996,-283
"2024-07-21",17,18863,20110,17238,1259,6563,2701,17193,0,213,379,2002,992,1,-451,-67,999,1398,996,-16
"2024-07-21",18,19012,20097,17315,1298,6563,3858,17193,0,19,427,2001,991,0,-451,-115,999,1397,996,33
"2024-07-21",19,19423,21046,17652,1306,6563,4755,17193,0,406,516,2002,991,0,-452,-265,1018,1398,996,919
"2024-07-21",20,19516,21229,17710,1313,6563,5608,17193,0,495,636,2002,991,0,-451,-267,1019,1397,996,989
"2024-07-21",21,19650,21507,17789,1340,6563,6073,17193,0,572,852,2002,992,0,-452,-333,1019,1398,996,989
"2024-07-21",22,19477,21026,17674,1367,6563,6402,17193,0,242,1027,2002,992,1,-452,-355,1019,1397,996,989
"2024-07-21",23,19743,21147,17955,1374,6563,6544,17193,0,17,1223,2002,992,0,-451,-436,1019,1397,996,989
"2024-07-21",24,19692,21186,17872,1381,6563,6688,17193,0,21,1330,2002,992,0,-452,-521,1019,1397,996,989
"2024-07-21",25,19717,21097,17913,1392,6563,6552,17193,0,21,1352,2002,992,1,-451,-408,1019,1397,996,989
"2024-07-21",26,19677,20958,17923,1402,6563,7168,17193,0,21,1308,2002,992,0,-452,-308,1019,1397,996,989
"2024-07-21",27,19576,20810,17844,1391,6563,6761,17193,0,21,1407,2002,991,0,-451,-262,1019,1397,996,989
"2024-07-21",28,19254,20464,17559,1379,6563,6995,17193,0,21,1463,2002,991,0,-452,-237,1019,1397,996,989
"2024-07-21",29,18849,20096,17184,1368,6563,7129,17193,0,21,1336,2002,991,1,-451,-275,1000,1397,996,989
"2024-07-21",30,18698,19955,17001,1356,6563,7332,17193,0,21,1059,2002,991,0,-452,-284,999,1397,997,989
"2024-07-21",31,18830,20231,17034,1347,6563,7013,17193,0,15,734,2002,991,1,-451,-435,999,1397,996,989
"2024-07-21",32,19108,20534,17254,1338,6563,6559,17193,0,10,622,2003,991,0,-452,-464,999,1397,997,983
"2024-07-21",33,20442,21674,18468,1291,6563,5800,17193,0,10,666,2002,991,1,-408,-314,999,1397,996,764
"2024-07-21",34,21452,22734,19305,1243,6563,5144,17193,0,10,350,2002,991,0,-450,-322,998,1397,996,746
"2024-07-21",35,22335,23762,20044,1165,6563,4397,17193,0,15,407,2003,992,0,-452,-460,720,1398,996,647
"2024-07-21",36,23320,24674,20956,1086,6563,3934,17193,0,17,581,2002,992,1,-451,-386,710,1398,996,632
"2024-07-21",37,24288,25482,21914,997,6563,3050,17193,0,6,542,2002,992,1,-452,-236,954,1398,996,362
"2024-07-21",38,25018,26152,22664,908,6563,2249,17193,0,6,644,2001,991,0,-451,-177,963,1398,996,275
"2024-07-21",39,25084,27073,22764,823,6563,1510,17193,0,4,798,2001,992,1,-452,-96,975,1398,996,-937
"2024-07-21",40,25055,27189,22779,738,6563,920,17193,0,6,826,2001,992,0,-451,-124,976,1397,995,-1053
"2024-07-21",41,25202,27153,22948,702,6563,396,17193,0,4,712,2002,992,0,-452,-142,948,1398,996,-853
"2024-07-21",42,25093,26941,22845,665,6563,78,17193,0,7,674,2002,992,0,-450,-59,947,1398,996,-832
"2024-07-21",43,24827,26573,22617,685,6563,0,17193,0,11,776,2002,992,0,-451,-170,681,1397,996,-614
"2024-07-21",44,24692,26370,22494,704,6563,0,17193,0,7,587,2002,992,1,-452,-125,671,1398,996,-594
"2024-07-21",45,24078,25462,21951,743,6563,0,17193,0,9,365,2003,992,0,-451,-33,705,1398,996,-391
"2024-07-21",46,22918,24390,20883,782,6563,0,17193,0,9,431,2003,992,0,-451,-128,707,1397,996,-384
"2024-07-21",47,21714,23437,19787,833,6563,0,17193,0,8,631,2002,992,0,-452,-112,988,1398,996,-651
"2024-07-21",48,20654,22232,18833,883,6563,0,17193,0,9,625,2002,992,0,-417,-4,999,1398,996,-648
"2024-07-22",1,20029,20885,18241,880,6563,0,17193,0,14,662,2001,992,0,-342,0,999,1398,996,137
"2024-07-22",2,19526,20339,17757,876,6563,0,17193,0,13,712,2002,992,0,-300,0,999,1398,996,191
"2024-07-22",3,19134,19975,17396,908,6563,0,17193,0,10,705,2001,992,0,-331,0,999,1398,996,198
"2024-07-22",4,18902,19755,17203,940,6563,0,17193,0,9,492,2001,992,0,-331,-13,999,1398,995,191
"2024-07-22",5,18559,19565,16895,957,6563,0,17193,0,9,237,2002,992,0,-331,-86,999,1398,995,-80
"2024-07-22",6,18546,19679,16886,974,6563,0,17193,0,72,424,2001,992,1,-331,-126,999,1398,995,-104
"2024-07-22",7,18192,19782,16519,984,6563,0,17193,0,230,383,2001,992,0,-331,-223,999,1398,995,-306
"2024-07-22",8,17964,19755,16266,994,6563,0,17193,0,363,22,2002,992,0,-331,-272,999,1398,995,-325
"2024-07-22",9,17968,19828,16264,1003,6563,0,17193,0,363,-210,2002,992,0,-331,-140,970,1398,995,-526
"2024-07-22",10,18026,20063,16291,1012,6563,0,17193,0,495,-255,2001,992,1,-331,-159,969,1398,995,-552
"2024-07-22",11,18235,20392,16451,1025,6563,0,17193,0,285,-10,2001,992,0,-331,-35,998,1398,995,-1006
"2024-07-22",12,18780,20767,16961,1037,6563,51,17193,0,121,-97,2002,992,0,-331,0,998,1398,995,-1035
"2024-07-22",13,20287,22103,18390,1073,6563,237,17193,0,15,73,2002,992,0,-331,-28,672,1398,996,-942
"2024-07-22",14,21407,23244,19411,1108,6563,588,17193,0,14,22,2002,992,1,-333,-154,660,1397,996,-836
"2024-07-22",15,23436,24683,21240,1147,6563,1036,17193,0,9,-240,2002,992,0,-432,-306,981,1397,995,597
"2024-07-22",16,24256,25626,21922,1186,6563,1480,17193,0,10,-152,2001,992,1,-452,-408,994,1397,996,773
"2024-07-22",17,25419,26898,22950,1262,6563,1917,17193,0,8,-165,2002,992,0,-452,-519,763,1398,996,1382
"2024-07-22",18,25694,27182,23130,1337,6563,2386,17193,0,10,-385,2002,992,0,-451,-527,754,1397,996,1424
"2024-07-22",19,26141,27632,23595,1400,6563,2751,17193,0,12,-443,1978,992,0,-452,-527,703,1397,996,1424
"2024-07-22",20,26047,27538,23481,1463,6563,3138,17193,0,12,-436,1963,992,1,-452,-527,701,1398,997,1424
"2024-07-22",21,25798,27282,23196,1520,6563,3788,17193,0,6,-482,1418,991,0,-451,-527,842,1397,996,1424
"2024-07-22",22,25964,27457,23339,1577,6563,4059,17193,0,13,-665,1398,992,0,-452,-528,847,1398,996,1424
"2024-07-22",23,25959,27455,23280,1581,6563,4381,17193,0,17,-938,1943,992,1,-452,-527,612,1397,996,1424
"2024-07-22",24,25959,27454,23271,1585,6563,4865,17193,0,17,-1042,1978,992,0,-451,-527,603,1397,996,1423
"2024-07-22",25,25964,27458,23339,1600,6563,5349,17193,0,15,-1300,2002,992,0,-452,-527,437,1397,996,1423
"2024-07-22",26,25804,27230,23168,1615,6563,5841,17193,0,14,-1384,2002,992,1,-385,-527,431,1397,995,1424
"2024-07-22",27,25216,26518,22622,1617,6563,5936,17193,0,14,-1357,2003,992,0,-261,-527,338,1397,995,1424
"2024-07-22",28,24452,25754,21874,1619,6563,6333,17193,0,14,-1304,2003,992,0,-261,-527,334,1398,996,1424
"2024-07-22",29,24155,25458,21584,1618,6563,6886,17193,0,14,-1284,2003,992,0,-262,-527,315,1398,996,1424
"2024-07-22",30,23825,25168,21377,1617,6563,6935,17193,0,14,-1218,2003,992,1,-302,-527,314,1398,996,1424
"2024-07-22",31,23650,25117,21252,1604,6563,6812,17193,0,11,-1331,2003,991,1,-430,-526,269,1398,996,1424
"2024-07-22",32,23981,25471,21580,1590,6563,6195,17193,0,12,-1187,1990,992,0,-451,-527,267,1398,996,1416
"2024-07-22",33,24069,25558,21619,1552,6563,5636,17193,0,12,-1150,1411,992,0,-451,-526,267,1398,996,1129
"2024-07-22",34,24862,26350,22407,1514,6563,4855,17193,0,10,-1081,1369,991,0,-451,-527,268,1398,996,1106
"2024-07-22",35,25922,27411,23355,1453,6563,4028,17193,0,11,-1068,1369,992,0,-451,-527,575,1398,997,999
"2024-07-22",36,26768,28255,24164,1392,6563,3460,17193,0,10,-674,1369,992,1,-451,-526,587,1399,998,991
"2024-07-22",37,27603,29091,25040,1299,6563,2683,17193,0,10,41,1369,992,0,-451,-527,589,1398,998,945
"2024-07-22",38,27953,29438,25369,1205,6563,1917,17193,0,9,179,1370,992,0,-449,-527,589,1399,997,842
"2024-07-22",39,27484,29531,25027,1095,6563,1261,17193,0,5,531,1369,992,0,-365,-526,554,1399,998,-651
"2024-07-22",40,27461,29650,25071,985,6563,679,17193,0,7,623,1370,992,0,-370,-484,552,1399,998,-828
"2024-07-22",41,27051,29551,24643,923,6563,251,17193,0,7,506,1369,992,0,-447,-469,653,1399,997,-1077
"2024-07-22",42,26611,29097,24206,861,6563,35,17193,0,5,499,1369,992,0,-451,-473,656,1398,997,-1057
"2024-07-22",43,26793,28251,24395,842,6563,0,17193,0,9,255,1370,992,0,-451,-463,706,1399,998,-35
"2024-07-22",44,26183,27667,23803,823,6563,0,17193,0,7,380,1369,992,0,-451,-526,707,1399,997,52
"2024-07-22",45,25126,26611,22802,800,6563,0,17193,0,7,-233,1370,992,1,-451,-527,753,1399,984,344
"2024-07-22",46,24074,25550,21834,777,6563,0,17193,0,7,-410,1370,992,0,-451,-518,754,1399,983,360
"2024-07-22",47,22979,24315,20915,750,6563,0,17193,0,6,-212,1369,992,0,-383,-447,756,1399,996,194
"2024-07-22",48,22025,23094,20042,723,6563,0,17193,0,9,-42,1369,992,0,-264,-296,756,1399,996,196
"2024-07-23",1,21288,22307,19336,685,6563,0,17193,0,14,-116,1369,992,0,-301,-204,850,1399,996,706
"2024-07-23",2,20791,21670,18925,647,6563,0,17193,0,11,-79,1370,992,0,-301,-67,853,1399,996,744
"2024-07-23",3,20469,21667,18639,637,6563,0,17193,0,355,-3,1370,992,0,-301,-42,994,1399,998,810
"2024-07-23",4,20098,21316,18319,626,6563,0,17193,0,415,82,1369,992,1,-288,-15,999,1399,997,816
"2024-07-23",5,19813,21352,18066,622,6563,0,17193,0,667,195,1370,992,0,-231,-141,999,1399,997,842
"2024-07-23",6,19615,21227,17862,618,6563,0,17193,0,695,204,1369,992,0,-231,-186,999,1399,996,843
"2024-07-23",7,19291,20905,17517,615,6563,0,17193,0,696,208,1369,992,1,-230,-188,999,1399,998,756
"2024-07-23",8,19049,20686,17312,611,6563,0,17193,0,687,281,1369,992,0,-230,-220,999,1399,997,738
"2024-07-23",9,18953,20262,17214,608,6563,0,17193,0,485,311,1369,992,0,-230,-94,999,1399,997,335
"2024-07-23",10,18977,20284,17279,605,6563,0,17193,0,407,411,1369,992,0,-230,-170,999,1399,997,239
"2024-07-23",11,19121,21031,17401,601,6563,0,17193,0,43,473,1369,992,0,-230,-162,951,1399,998,-975
"2024-07-23",12,19816,21886,18055,597,6563,70,17193,0,14,410,1369,992,0,-244,-218,949,1399,997,-1094
"2024-07-23",13,21306,23372,19437,598,6563,336,17193,0,12,313,1369,992,0,-301,-259,964,1399,998,-994
"2024-07-23",14,22187,24429,20138,599,6563,732,17193,0,9,343,1369,992,0,-370,-410,965,1399,997,-953
"2024-07-23",15,23894,25425,21700,621,6563,1290,17193,0,8,221,1369,992,0,-451,-521,998,1399,997,-51
"2024-07-23",16,24685,26172,22386,642,6563,1931,17193,0,8,131,1369,992,0,-452,-527,999,1399,998,44
"2024-07-23",17,25575,27062,23140,665,6563,2676,17193,0,7,-301,1369,992,0,-452,-528,999,1398,997,930
"2024-07-23",18,25863,27352,23389,688,6563,3293,17193,0,9,-364,1369,992,0,-452,-528,999,1398,997,990
"2024-07-23",19,26037,27527,23530,703,6563,3954,17193,0,9,-442,1369,991,0,-452,-529,1018,1397,998,990
"2024-07-23",20,25775,27263,23201,717,6563,4547,17193,0,7,-622,1369,991,0,-452,-529,1019,1397,998,990
"2024-07-23",21,25390,26878,22881,725,6563,5194,17193,0,7,-592,1369,991,0,-452,-529,1019,1397,997,990
"2024-07-23",22,25221,26708,22717,733,6563,5983,17193,0,7,-616,1369,991,0,-452,-528,1019,1397,997,990
"2024-07-23",23,25048,26537,22574,726,6563,6531,17193,0,9,-563,1370,991,0,-452,-528,1019,1397,997,990
"2024-07-23",24,24905,26394,22453,719,6563,6561,17193,0,9,-536,1369,991,0,-452,-528,1019,1397,998,990
"2024-07-23",25,24868,26357,22367,718,6563,6605,17193,0,9,-716,1369,991,0,-452,-528,1019,1397,998,990
"2024-07-23",26,24663,26152,22211,716,6563,6856,17193,0,9,-868,1370,992,0,-452,-528,1019,1397,998,990
"2024-07-23",27,24473,25961,22066,727,6563,6652,17193,0,9,-835,1369,991,0,-452,-527,1019,1397,998,990
"2024-07-23",28,24124,25612,21742,737,6563,6773,17193,0,9,-1083,1370,992,0,-452,-527,1019,1397,998,990
"2024-07-23",29,24100,25588,21757,745,6563,6919,17193,0,9,-1110,1370,992,0,-452,-527,1000,1397,999,990
"2024-07-23",30,23983,25471,21618,753,6563,6842,17193,0,9,-864,1370,992,0,-452,-527,999,1398,999,990
"2024-07-23",31,23898,25384,21436,743,6563,6717,17193,0,7,-1342,1369,991,0,-452,-527,999,1397,998,990
"2024-07-23",32,24031,25520,21669,732,6563,6276,17193,0,10,-1279,1370,992,0,-452,-527,999,1398,998,988
"2024-07-23",33,24548,26037,22170,724,6563,5771,17193,0,10,-584,1370,992,0,-452,-527,999,1398,998,901
"2024-07-23",34,25449,26935,22945,716,6563,5148,17193,0,7,-719,1370,992,0,-452,-527,999,1399,998,892
"2024-07-23",35,26416,27903,23818,686,6563,4488,17193,0,8,-810,1370,992,0,-452,-527,999,1399,998,755
"2024-07-23",36,27050,28534,24475,655,6563,3401,17193,0,5,-652,1369,992,0,-452,-527,999,1399,997,736
"2024-07-23",37,27744,29228,25188,610,6563,2609,17193,0,5,-209,1370,992,0,-452,-527,999,1399,998,424
"2024-07-23",38,28125,29610,25599,564,6563,1877,17193,0,6,0,1370,992,0,-452,-527,999,1399,998,385
"2024-07-23",39,27965,29662,25554,523,6563,1162,17193,0,4,282,1370,992,0,-452,-527,950,1398,998,-214
"2024-07-23",40,27782,29497,25394,482,6563,605,17193,0,4,374,1370,992,0,-452,-527,948,1399,998,-232
"2024-07-23",41,27924,29409,25548,462,6563,243,17193,0,6,309,1369,992,0,-452,-527,997,1399,998,596
"2024-07-23",42,27588,29073,25235,442,6563,42,17193,0,6,169,1370,992,0,-452,-527,999,1399,998,661
"2024-07-23",43,27186,28674,24861,425,6563,0,17193,0,9,-26,1370,992,0,-452,-527,923,1399,998,958
"2024-07-23",44,26610,28097,24288,408,6563,0,17193,0,9,-225,1370,992,0,-452,-526,920,1399,997,977
"2024-07-23",45,25563,27051,23252,377,6563,0,17193,0,10,-417,1369,991,0,-452,-526,983,1399,991,893
"2024-07-23",46,24887,26378,22619,345,6563,0,17193,0,12,-427,1370,991,0,-452,-527,986,1399,990,890
"2024-07-23",47,23495,24985,21400,329,6563,0,17193,0,11,-314,1370,992,0,-452,-527,998,1399,997,982
"2024-07-23",48,22735,24151,20726,313,6563,0,17193,0,6,-185,1369,992,0,-383,-527,999,1399,998,989
"2024-07-24",1,21950,23286,20013,298,6563,0,17193,0,7,-183,1322,991,0,-302,-527,903,1399,998,973
"2024-07-24",2,21529,22872,19646,282,6563,0,17193,0,14,-203,1321,992,0,-302,-527,900,1399,998,966
"2024-07-24",3,21022,22626,19210,284,6563,0,17193,0,275,-141,1367,992,0,-302,-527,995,1399,998,740
"2024-07-24",4,20728,22458,18954,285,6563,0,17193,0,401,-56,1369,992,0,-302,-527,999,1399,998,711
"2024-07-24",5,19923,21932,18190,294,6563,0,17193,0,680,-48,1370,990,0,-302,-527,999,1399,998,224
"2024-07-24",6,19810,21809,18088,302,6563,0,17193,0,701,15,1369,990,1,-271,-527,999,1399,998,201
"2024-07-24",7,19811,21792,18110,308,6563,0,17193,0,702,32,1370,992,0,-252,-527,999,1399,999,613
"2024-07-24",8,19774,21843,18082,313,6563,0,17193,0,790,122,1370,992,0,-252,-527,999,1399,997,648
"2024-07-24",9,19623,21892,17934,342,6563,0,17193,0,989,338,1369,991,1,-252,-528,947,1398,939,860
"2024-07-24",10,19620,21887,17934,370,6563,0,17193,0,987,453,1369,990,0,-252,-528,907,1398,933,878
"2024-07-24",11,19463,21281,17808,372,6563,0,17193,0,399,616,1324,928,0,-252,-528,-139,1397,859,980
"2024-07-24",12,19983,21649,18309,374,6563,60,17193,0,169,601,1322,925,0,-252,-528,-217,1397,856,998
"2024-07-24",13,21418,22812,19622,371,6563,313,17193,0,11,688,1333,978,0,-271,-529,-83,1397,989,1395
"2024-07-24",14,22574,23915,20621,367,6563,703,17193,0,10,588,1333,982,0,-302,-476,-53,1397,998,1411
"2024-07-24",15,23647,25055,21488,380,6563,1258,17193,0,13,277,1367,991,0,-370,-525,842,1397,998,1019
"2024-07-24",16,24607,26095,22400,393,6563,1871,17193,0,8,242,1368,991,0,-452,-528,900,1397,997,992
"2024-07-24",17,25304,26790,23091,436,6563,2645,17193,0,4,519,1369,991,0,-452,-530,726,1397,998,992
"2024-07-24",18,25362,26850,23092,479,6563,3538,17193,0,7,575,1370,991,0,-452,-529,721,1397,998,992
"2024-07-24",19,25588,27075,23221,536,6563,4261,17193,0,7,478,1369,991,0,-452,-528,1008,1397,997,992
"2024-07-24",20,25406,26893,23031,592,6563,5271,17193,0,7,494,1369,991,0,-452,-528,1019,1397,997,992
"2024-07-24",21,24888,26376,22593,705,6563,6001,17193,0,7,421,1369,991,0,-452,-529,1019,1397,998,992
"2024-07-24",22,25025,26510,22839,818,6563,6147,17193,0,7,586,1369,991,0,-452,-526,1019,1397,997,992
"2024-07-24",23,24726,26051,22553,912,6563,6495,17193,0,12,738,1369,991,0,-383,-430,990,1397,997,992
"2024-07-24",24,24633,25774,22431,1006,6563,6696,17193,0,11,713,1370,991,0,-246,-384,989,1397,998,992
"2024-07-24",25,24913,25989,22735,1114,6563,6366,17193,0,11,586,1369,991,0,-322,-243,1018,1397,997,992
"2024-07-24",26,24994,26082,22875,1222,6563,6568,17193,0,11,654,1369,991,0,-442,-135,1019,1398,997,992
"2024-07-24",27,25166,26340,23077,1324,6563,6031,17193,0,11,841,1369,991,0,-451,-212,1019,1397,997,992
"2024-07-24",28,25141,26373,23054,1426,6563,5798,17193,0,11,1030,1369,991,0,-445,-276,1019,1398,997,992
"2024-07-24",29,25313,26593,23281,1539,6563,5392,17193,0,11,1163,1370,991,0,-429,-340,1000,1398,997,992
"2024-07-24",30,25548,26803,23576,1651,6563,5195,17193,0,9,1219,1370,991,0,-408,-338,999,1398,997,1002
"2024-07-24",31,25700,26861,23798,1751,6563,4749,17193,0,9,1198,1369,991,0,-422,-230,999,1398,998,1380
"2024-07-24",32,26279,27532,24381,1851,6563,4076,17193,0,9,1608,1368,990,0,-451,-293,999,1397,998,1406
"2024-07-24",33,26655,27894,24777,1906,6563,3438,17193,0,24,1898,1368,990,0,-451,-264,999,1397,998,1420
"2024-07-24",34,27527,28796,25550,1960,6563,2486,17193,0,11,2049,1365,989,0,-451,-307,999,1397,997,1421
"2024-07-24",35,28283,29526,26298,1974,6563,2032,17193,0,14,2084,1102,952,0,-451,-278,848,1397,963,1421
"2024-07-24",36,28720,30072,26680,1987,6563,1561,17193,0,14,2138,1084,945,0,-451,-387,842,1398,957,1400
"2024-07-24",37,28710,29973,26689,1966,6563,1171,17193,0,19,2242,817,796,0,-451,-293,556,1399,838,608
"2024-07-24",38,28529,29798,26519,1945,6563,829,17193,0,19,2044,801,778,0,-451,-299,526,1399,819,538
"2024-07-24",39,27878,29458,25954,1908,6563,638,17193,0,13,2394,690,484,0,-452,-306,-280,1398,448,-29
"2024-07-24",40,27393,29078,25550,1870,6563,428,17193,0,7,2350,685,465,0,-451,-312,-333,1398,421,-82
"2024-07-24",41,26307,29063,24517,1866,6563,164,17193,0,6,2400,648,491,0,-451,-434,-822,1398,266,-543
"2024-07-24",42,26380,29214,24667,1862,6563,11,17193,0,6,2552,634,484,0,-451,-462,-843,1398,248,-572
"2024-07-24",43,26151,28533,24443,1887,6563,0,17193,0,6,2514,7,164,0,-452,-361,-552,1398,-25,-486
"2024-07-24",44,25505,27885,23764,1911,6563,0,17193,0,6,2102,-25,132,0,-452,-326,-541,1398,-52,-478
"2024-07-24",45,24191,26911,22491,1923,6563,0,17193,0,8,1887,50,-245,0,-452,-332,-432,1398,-354,-397
"2024-07-24",46,23189,25955,21600,1935,6563,0,17193,0,8,1932,103,-226,0,-452,-428,-429,1398,-320,-403
"2024-07-24",47,22515,25131,21068,1941,6563,0,17193,0,11,2046,1272,882,0,-386,-414,-467,1399,855,-838
"2024-07-24",48,21066,23482,19679,1946,6563,0,17193,0,15,1976,1370,973,0,-308,-264,-466,1399,950,-863
"2024-07-25",1,20384,22734,19026,1889,6563,0,17193,0,580,1610,1370,990,0,-295,-268,-37,1398,994,-670
"2024-07-25",2,19899,22473,18496,1831,6563,0,17193,0,927,1606,1370,992,0,-279,-195,-20,1399,997,-653
"2024-07-25",3,19929,22420,18548,1795,6563,0,17193,0,979,1717,1371,991,0,-279,-231,135,1399,998,-502
"2024-07-25",4,19944,22388,18544,1758,6563,0,17193,0,1010,1659,1372,991,0,-279,-158,140,1398,998,-497
"2024-07-25",5,19444,22139,18027,1706,6563,0,17193,0,1001,1668,1372,991,0,-278,-176,-29,1399,998,-711
"2024-07-25",6,19030,21820,17682,1653,6563,0,17193,0,990,1390,1372,991,0,-278,-255,-35,1399,998,-732
"2024-07-25",7,18521,21516,17204,1587,6563,0,17193,0,982,1467,1372,991,0,-278,-290,105,1398,999,-945
"2024-07-25",8,18343,21330,17008,1521,6563,0,17193,0,984,1320,1372,991,0,-279,-262,107,1399,999,-962
"2024-07-25",9,18211,21503,16859,1480,6563,0,17193,0,989,1165,1372,991,1,-279,-119,-356,1399,999,-1049
"2024-07-25",10,18124,21478,16791,1439,6563,0,17193,0,987,936,1372,991,0,-279,-160,-375,1399,999,-1053
"2024-07-25",11,18460,21554,17139,1399,6563,0,17193,0,972,940,1372,991,0,-279,-111,-286,1399,998,-946
"2024-07-25",12,18878,21550,17507,1358,6563,14,17193,0,546,893,1372,991,0,-279,-125,-282,1399,998,-940
"2024-07-25",13,20516,22673,18943,1314,6563,108,17193,0,38,725,1371,991,0,-315,-277,35,1399,998,-1027
"2024-07-25",14,21738,24184,20011,1270,6563,315,17193,0,150,581,1372,991,0,-360,-427,53,1398,997,-1009
"2024-07-25",15,24006,25565,22063,1286,6563,622,17193,0,13,304,1370,991,0,-402,-525,620,1398,965,-119
"2024-07-25",16,25268,26782,23196,1301,6563,896,17193,0,10,379,1370,991,0,-452,-527,648,1397,964,-25
"2024-07-25",17,26606,28096,24384,1356,6563,1288,17193,0,10,352,1369,991,0,-452,-528,986,1398,996,913
"2024-07-25",18,27392,28883,25014,1411,6563,1675,17193,0,10,230,1291,991,0,-452,-529,999,1398,999,990
"2024-07-25",19,27694,29183,25258,1432,6563,2057,17193,0,9,164,1257,991,0,-452,-528,1018,1398,998,990
"2024-07-25",20,27753,29240,25347,1452,6563,2400,17193,0,7,135,1256,991,0,-452,-528,1019,1398,999,990
"2024-07-25",21,27485,28970,25094,1501,6563,2458,17193,0,6,77,1256,991,0,-452,-527,1019,1397,999,990
"2024-07-25",22,27462,28950,25065,1549,6563,2825,17193,0,8,97,1257,991,1,-452,-528,1019,1398,998,996
"2024-07-25",23,27556,29044,25166,1579,6563,3017,17193,0,8,7,1258,991,1,-452,-528,1019,1398,999,1230
"2024-07-25",24,27339,28817,24994,1609,6563,3242,17193,0,7,55,1258,991,0,-444,-527,1019,1398,999,1241
"2024-07-25",25,27118,28543,24789,1644,6563,3794,17193,0,7,102,1258,991,0,-445,-473,1019,1398,998,1008
"2024-07-25",26,26911,28208,24623,1678,6563,4337,17193,0,7,295,1257,991,0,-335,-455,1019,1398,999,992
"2024-07-25",27,26900,28023,24582,1696,6563,3826,17193,0,26,582,1257,991,0,-249,-348,1019,1398,999,992
"2024-07-25",28,26861,27895,24531,1714,6563,4050,17193,0,11,506,1258,991,0,-255,-268,1019,1398,999,992
"2024-07-25",29,26964,27886,24639,1697,6563,3420,17193,0,8,694,1257,991,0,-179,-235,1000,1398,999,992
"2024-07-25",30,26881,27728,24582,1679,6563,3163,17193,0,8,859,1258,991,0,-148,-191,999,1398,999,992
"2024-07-25",31,26926,27607,24684,1667,6563,2753,17193,0,7,846,1258,991,0,-58,-116,999,1398,999,992
"2024-07-25",32,27157,27737,24875,1655,6563,2842,17193,0,5,676,1258,991,0,-56,-19,999,1398,998,988
"2024-07-25",33,27183,27690,24835,1625,6563,2413,17193,0,7,630,1258,991,0,28,0,953,1398,999,866
"2024-07-25",34,27971,28479,25622,1595,6563,2151,17193,0,8,446,1257,991,1,67,0,951,1398,999,836
"2024-07-25",35,28509,29017,26114,1589,6563,1677,17193,0,8,606,1257,991,0,81,0,837,1398,998,23
"2024-07-25",36,29139,29722,26704,1582,6563,1616,17193,0,8,535,1257,991,0,-28,0,816,1398,998,-47
"2024-07-25",37,28373,29406,26015,1568,6563,1379,17193,0,8,888,1259,991,0,38,0,24,1398,998,-525
"2024-07-25",38,28125,29240,25827,1553,6563,1057,17193,0,8,1022,1259,991,0,0,0,-38,1398,998,-569
"2024-07-25",39,28150,30395,25943,1509,6563,817,17193,0,6,1216,1260,992,0,12,-3,-774,1398,998,-962
"2024-07-25",40,27893,30380,25741,1464,6563,475,17193,0,6,1378,1260,992,0,-68,-108,-814,1398,998,-991
"2024-07-25",41,27820,30381,25679,1422,6563,206,17193,0,7,1109,1259,992,0,-193,-259,-527,1398,998,-1075
"2024-07-25",42,27237,29891,25108,1379,6563,35,17193,0,6,813,1259,992,0,-205,-346,-517,1398,998,-1080
"2024-07-25",43,26904,29463,24824,1373,6563,0,17193,0,7,687,1259,992,0,-260,-388,-445,1399,998,-959
"2024-07-25",44,26492,29088,24417,1366,6563,0,17193,0,8,540,1259,987,0,-294,-402,-443,1399,998,-949
"2024-07-25",45,25409,27854,23379,1350,6563,0,17193,0,8,-10,1246,819,0,-429,-354,-253,1399,997,-901
"2024-07-25",46,24007,26433,22080,1334,6563,0,17193,0,7,-78,1246,812,1,-451,-385,-201,1399,998,-882
"2024-07-25",47,22438,24071,20704,1330,6563,0,17193,0,7,224,1256,980,1,-383,-335,911,1399,998,-408
"2024-07-25",48,21482,22849,19864,1326,6563,0,17193,0,7,610,1257,992,0,-302,-183,999,1399,998,-375
"2024-07-26",1,20722,22267,19171,1322,6563,0,17193,0,271,790,1257,992,0,-302,-127,933,1399,998,-345
"2024-07-26",2,20200,21658,18714,1318,6563,0,17193,0,297,1023,1257,992,1,-301,-24,930,1399,998,-336
"2024-07-26",3,19958,21302,18486,1301,6563,0,17193,0,403,1210,1257,992,0,-301,-55,920,1399,999,-85
"2024-07-26",4,19859,21152,18379,1283,6563,0,17193,0,406,1338,1257,992,0,-301,-12,919,1399,999,-74
"2024-07-26",5,19432,21067,17995,1264,6563,0,17193,0,412,1310,1257,991,0,-301,-121,919,1399,999,-301
"2024-07-26",6,19117,20917,17727,1244,6563,0,17193,0,504,1317,1257,992,0,-301,-179,919,1399,999,-316
"2024-07-26",7,18902,20633,17537,1229,6563,0,17193,0,411,1294,1257,991,0,-301,-222,854,1399,998,-297
"2024-07-26",8,18845,20584,17473,1214,6563,0,17193,0,413,1235,1257,991,0,-301,-226,851,1399,999,-299
"2024-07-26",9,18549,20340,17184,1182,6563,0,17193,0,413,1210,1258,991,0,-301,-118,827,1399,998,-459
"2024-07-26",10,18423,20260,17139,1150,6563,0,17193,0,411,1419,1258,989,0,-301,-143,824,1399,999,-482
"2024-07-26",11,18436,20259,17168,1129,6563,0,17193,0,100,1586,1259,901,0,-302,-26,411,1399,999,-895
"2024-07-26",12,18976,20719,17677,1107,6563,73,17193,0,14,1528,1259,897,0,-302,0,394,1398,998,-927
"2024-07-26",13,20257,22191,18791,1090,6563,460,17193,0,10,1593,1258,985,0,-276,-67,643,1398,952,-1081
"2024-07-26",14,21156,23248,19591,1073,6563,1054,17193,0,29,1392,1258,991,0,-277,-219,653,1397,951,-1067
"2024-07-26",15,22424,23897,20688,1090,6563,1724,17193,0,6,930,1257,992,0,-419,-371,986,1397,996,-177
"2024-07-26",16,22638,24181,20777,1107,6563,2725,17193,0,8,707,1257,991,0,-451,-505,999,1397,999,-79
"2024-07-26",17,23346,24834,21387,1150,6563,3764,17193,0,8,721,1256,991,0,-452,-528,999,1397,999,911
"2024-07-26",18,23425,24912,21420,1192,6563,4786,17193,0,8,700,1257,991,0,-451,-528,999,1397,999,989
"2024-07-26",19,23198,24687,21213,1237,6563,5657,17193,0,8,586,1257,991,0,-452,-529,1018,1397,998,989
"2024-07-26",20,22660,24145,20667,1282,6563,6506,17193,0,5,497,1256,991,0,-452,-528,1019,1397,998,989
"2024-07-26",21,22210,23695,20263,1337,6563,7142,17193,0,5,534,1256,991,0,-452,-528,1019,1397,998,989
"2024-07-26",22,22100,23567,20151,1391,6563,7639,17193,0,5,545,1256,991,0,-451,-511,1019,1397,998,989
"2024-07-26",23,22182,23571,20218,1440,6563,8191,17193,0,5,484,1256,991,0,-451,-433,1019,1397,998,989
"2024-07-26",24,22316,23712,20368,1488,6563,8269,17193,0,5,628,1257,991,0,-451,-440,1019,1397,998,989
"2024-07-26",25,22188,23434,20252,1555,6563,8612,17193,0,7,757,1257,991,0,-389,-350,1019,1397,998,989
"2024-07-26",26,21925,23190,19989,1621,6563,7988,17193,0,30,944,1257,991,0,-351,-384,1019,1397,999,989
"2024-07-26",27,21569,23071,19668,1613,6563,7919,17193,0,153,859,1256,991,0,-351,-498,1019,1397,998,989
"2024-07-26",28,20992,22442,19178,1605,6563,7736,17193,0,211,721,1256,992,0,-351,-388,1019,1397,998,990
"2024-07-26",29,20701,22196,18920,1582,6563,8026,17193,0,342,840,1256,991,0,-351,-302,1000,1397,998,989
"2024-07-26",30,20859,22368,19067,1558,6563,7311,17193,0,352,1154,1257,991,0,-351,-306,999,1398,998,989
"2024-07-26",31,21180,22468,19333,1524,6563,7074,17193,0,169,1074,1256,991,1,-351,-268,999,1398,998,963
"2024-07-26",32,21353,22705,19464,1490,6563,6679,17193,0,238,1103,1256,991,0,-380,-234,999,1397,998,936
"2024-07-26",33,21430,22752,19479,1440,6563,6222,17193,0,136,1052,1256,992,0,-451,-235,972,1398,998,61
"2024-07-26",34,22141,23309,20165,1390,6563,5706,17193,0,42,1089,1256,991,0,-452,-155,971,1398,998,-19
"2024-07-26",35,23324,25226,21252,1317,6563,4718,17193,0,5,1283,1256,992,0,-452,-231,840,1397,997,-714
"2024-07-26",36,24229,26341,22017,1244,6563,3969,17193,0,8,1226,1256,991,0,-451,-383,832,1398,997,-770
"2024-07-26",37,24792,27332,22640,1145,6563,3236,17193,0,8,1337,1258,992,0,-451,-511,376,1398,998,-1070
"2024-07-26",38,25462,28041,23259,1045,6563,2424,17193,0,10,1149,1258,992,0,-452,-527,357,1399,998,-1090
"2024-07-26",39,26061,28590,23852,926,6563,1574,17193,0,4,1064,1257,991,0,-451,-479,418,1399,997,-1095
"2024-07-26",40,26283,28860,24076,806,6563,882,17193,0,4,812,1258,991,0,-452,-524,420,1399,997,-1097
"2024-07-26",41,26218,28795,24004,753,6563,328,17193,0,3,985,1258,981,0,-451,-526,437,1399,998,-1097
"2024-07-26",42,25881,28458,23701,699,6563,46,17193,0,4,947,1256,979,0,-451,-527,437,1399,998,-1095
"2024-07-26",43,25348,27843,23232,701,6563,0,17193,0,7,838,1154,936,0,-452,-527,201,1399,998,-1009
"2024-07-26",44,25149,27636,23037,702,6563,0,17193,0,8,791,1151,932,0,-452,-527,190,1399,998,-1000
"2024-07-26",45,24253,26804,22150,702,6563,0,17193,0,11,794,1254,889,0,-452,-527,-133,1399,997,-928
"2024-07-26",46,23840,26359,21789,701,6563,0,17193,0,10,706,1259,889,0,-451,-526,-109,1399,997,-923
"2024-07-26",47,22863,25307,20919,704,6563,0,17193,0,10,730,1256,985,0,-451,-526,914,1399,998,-957
"2024-07-26",48,21611,24037,19766,707,6563,0,17193,0,8,706,1256,991,0,-452,-502,989,1399,998,-964
"2024-07-27",1,20763,23103,19043,684,6563,0,17193,0,8,454,1256,992,0,-384,-364,999,1399,997,-1084
"2024-07-27",2,20183,22315,18467,661,6563,0,17193,0,8,316,1255,991,0,-321,-212,999,1399,998,-1091
"2024-07-27",3,19791,21815,18132,635,6563,0,17193,0,8,228,1256,991,0,-321,-104,941,1399,998,-1091
"2024-07-27",4,19472,21481,17869,608,6563,0,17193,0,8,228,1257,991,0,-321,-88,939,1399,998,-1092
"2024-07-27",5,19095,21251,17503,586,6563,0,17193,0,64,267,1257,991,1,-321,-179,980,1399,998,-1092
"2024-07-27",6,18714,20882,17143,563,6563,0,17193,0,67,151,1257,991,0,-321,-188,981,1399,999,-1092
"2024-07-27",7,18265,20313,16692,533,6563,0,17193,0,67,70,1257,991,0,-321,-68,823,1399,998,-1092
"2024-07-27",8,17920,20044,16332,502,6563,0,17193,0,67,-123,1258,991,0,-321,-145,817,1399,999,-1091
"2024-07-27",9,17759,19783,16194,495,6563,0,17193,0,12,-144,1259,991,0,-321,-99,823,1399,998,-1092
"2024-07-27",10,17642,19741,16073,488,6563,0,17193,0,8,-189,1259,991,0,-322,-177,823,1399,998,-1092
"2024-07-27",11,17543,19763,15966,472,6563,0,17193,0,8,-179,1260,992,0,-322,-298,986,1399,999,-1092
"2024-07-27",12,17496,19715,15900,455,6563,60,17193,0,8,-10,1259,991,0,-321,-301,991,1399,999,-1089
"2024-07-27",13,18169,20228,16510,438,6563,387,17193,0,8,-20,1259,991,0,-321,-229,999,1399,998,-1001
"2024-07-27",14,18488,20528,16773,421,6563,829,17193,0,8,33,1259,991,0,-321,-256,999,1399,998,-955
"2024-07-27",15,19326,20614,17501,418,6563,1552,17193,0,8,60,1260,992,0,-372,-408,994,1399,999,100
"2024-07-27",16,19583,21007,17639,414,6563,2408,17193,0,8,1,1259,991,0,-451,-465,994,1399,998,202
"2024-07-27",17,20200,21685,18110,433,6563,3182,17193,0,8,-53,1259,991,0,-451,-526,998,1399,998,936
"2024-07-27",18,20148,21635,17950,451,6563,4434,17193,0,8,-227,1260,992,0,-452,-527,998,1399,999,986
"2024-07-27",19,20092,21578,17856,472,6563,5415,17193,0,8,-355,1259,991,0,-451,-527,1018,1399,998,986
"2024-07-27",20,19812,21299,17567,492,6563,6164,17193,0,8,-644,1260,992,0,-452,-527,1019,1399,998,986
"2024-07-27",21,19621,21105,17359,514,6563,6877,17193,0,7,-709,1259,991,0,-451,-526,1019,1399,998,986
"2024-07-27",22,19388,20873,17142,535,6563,7758,17193,0,6,-763,1260,991,0,-451,-528,1019,1399,998,986
"2024-07-27",23,19155,20645,16941,561,6563,8154,17193,0,11,-836,1260,992,0,-452,-527,1019,1399,999,986
"2024-07-27",24,19249,20738,17084,586,6563,7915,17193,0,11,-802,1259,991,0,-451,-527,1019,1399,998,986
"2024-07-27",25,19450,20940,17302,608,6563,7608,17193,0,11,-653,1259,991,0,-452,-527,1019,1399,998,986
"2024-07-27",26,19406,20895,17302,629,6563,7574,17193,0,11,-657,1260,991,0,-451,-527,1019,1399,998,986
"2024-07-27",27,19227,20717,17188,654,6563,7536,17193,0,11,-541,1259,991,0,-452,-527,1014,1399,997,969
"2024-07-27",28,19145,20635,17146,679,6563,7360,17193,0,11,-490,1260,991,0,-452,-527,1014,1399,997,968
"2024-07-27",29,18928,20418,16967,707,6563,6939,17193,0,11,-491,1260,991,0,-452,-527,1000,1399,998,984
"2024-07-27",30,18988,20476,17040,735,6563,6820,17193,0,10,-456,1259,991,0,-451,-527,999,1399,998,970
"2024-07-27",31,19157,20641,17215,741,6563,6687,17193,0,5,-447,1260,991,0,-452,-527,999,1399,998,385
"2024-07-27",32,19559,21040,17641,746,6563,5749,17193,0,4,-315,1260,991,0,-451,-526,999,1399,998,319
"2024-07-27",33,20185,22191,18211,753,6563,5163,17193,0,5,169,1259,991,1,-451,-462,998,1399,997,-588
"2024-07-27",34,21017,22996,18981,759,6563,4789,17193,0,9,89,1259,991,0,-452,-369,998,1399,998,-649
"2024-07-27",35,22249,24328,20080,730,6563,4356,17193,0,9,83,1260,991,0,-452,-490,999,1399,998,-628
"2024-07-27",36,23103,25226,20858,700,6563,3522,17193,0,9,154,1260,991,0,-452,-527,999,1399,998,-635
"2024-07-27",37,23614,26054,21395,660,6563,2783,17193,0,9,418,1259,991,1,-452,-527,999,1399,998,-952
"2024-07-27",38,24012,26475,21814,620,6563,2140,17193,0,9,339,1259,991,0,-451,-526,999,1399,997,-977
"2024-07-27",39,24333,26905,22191,557,6563,1512,17193,0,9,640,1260,992,0,-452,-527,999,1399,998,-1084
"2024-07-27",40,24516,27079,22373,494,6563,865,17193,0,9,628,1259,991,0,-451,-526,999,1399,998,-1077
"2024-07-27",41,24426,26474,22288,475,6563,323,17193,0,9,337,1260,991,1,-452,-527,999,1399,998,-560
"2024-07-27",42,24243,26237,22155,456,6563,41,17193,0,9,204,1260,991,0,-451,-526,999,1399,999,-508
"2024-07-27",43,24586,26074,22521,469,6563,0,17193,0,9,304,1259,965,1,-452,-527,999,1399,999,80
"2024-07-27",44,24406,25894,22311,481,6563,0,17193,0,9,170,1260,964,0,-452,-527,999,1399,999,113
"2024-07-27",45,23716,25348,21644,492,6563,0,17193,0,9,55,1260,990,0,-451,-526,999,1399,998,-146
"2024-07-27",46,22908,24562,20919,502,6563,0,17193,0,9,90,1261,992,0,-452,-527,999,1399,999,-166
"2024-07-27",47,21536,23236,19633,507,6563,0,17193,0,8,134,1260,991,0,-452,-527,999,1399,999,-213
"2024-07-27",48,20515,22138,18722,512,6563,0,17193,0,8,-81,1260,991,0,-383,-526,999,1399,999,-206
"2024-07-28",1,19916,21253,18182,500,6563,0,17193,0,8,-321,1260,991,0,-302,-527,999,1399,999,178
"2024-07-28",2,19328,20663,17649,487,6563,0,17193,0,8,-525,1260,991,0,-301,-526,999,1399,999,214
"2024-07-28",3,18963,20299,17355,479,6563,0,17193,0,8,-622,1260,991,0,-301,-527,998,1399,999,509
"2024-07-28",4,18655,19989,17120,471,6563,0,17193,0,6,-518,1261,992,0,-301,-527,998,1400,999,531
"2024-07-28",5,18291,19625,16779,468,6563,0,17193,0,7,-522,1260,991,0,-301,-526,999,1399,999,617
"2024-07-28",6,17816,19206,16329,465,6563,0,17193,0,62,-491,1260,991,0,-301,-527,999,1399,999,614
"2024-07-28",7,17377,18715,15912,452,6563,0,17193,0,10,-419,1260,991,0,-301,-527,999,1399,999,232
"2024-07-28",8,17242,18580,15770,438,6563,0,17193,0,10,-446,1260,991,0,-301,-527,999,1399,999,207
"2024-07-28",9,17070,18467,15595,434,6563,0,17193,0,68,-410,1260,991,1,-302,-527,999,1399,999,314
"2024-07-28",10,17057,18534,15600,430,6563,0,17193,0,148,-294,1260,991,0,-302,-527,999,1399,999,329
"2024-07-28",11,16892,18571,15412,404,6563,0,17193,0,350,-332,1260,991,0,-302,-527,999,1399,999,563
"2024-07-28",12,16768,18443,15290,377,6563,59,17193,0,346,-355,1261,992,0,-302,-527,999,1399,999,579
"2024-07-28",13,17001,18624,15468,344,6563,414,17193,0,294,-240,1260,991,0,-302,-527,999,1399,999,585
"2024-07-28",14,17194,18578,15635,310,6563,1064,17193,0,55,-273,1260,992,0,-302,-527,999,1399,1000,596
"2024-07-28",15,17477,18818,15831,289,6563,1916,17193,0,12,-442,1260,991,0,-302,-527,999,1398,999,961
"2024-07-28",16,17210,18551,15494,267,6563,2896,17193,0,12,-494,947,991,0,-302,-527,999,1399,999,987
"2024-07-28",17,17003,18412,15224,265,6563,3936,17193,0,12,-549,253,992,0,-370,-527,999,1399,1000,987
"2024-07-28",18,16851,18343,15033,263,6563,4985,17193,0,14,-610,253,991,0,-451,-527,999,1398,999,986
"2024-07-28",19,17046,18541,15083,271,6563,6084,17193,0,16,-512,253,992,0,-452,-527,1018,1398,999,987
"2024-07-28",20,16883,18377,14867,278,6563,7167,17193,0,16,-782,253,992,0,-451,-527,1019,1398,999,986
"2024-07-28",21,16914,18405,14869,316,6563,8159,17193,0,12,-1119,252,992,0,-452,-527,1019,1398,999,986
"2024-07-28",22,16831,18321,14824,354,6563,8893,17193,0,11,-954,252,992,0,-452,-527,1019,1398,999,986
"2024-07-28",23,16787,18277,14823,392,6563,9455,17193,0,11,-896,251,992,0,-452,-527,1019,1398,999,987
"2024-07-28",24,16869,18359,14930,429,6563,9759,17193,0,11,-879,250,992,0,-452,-527,1019,1398,999,986
"2024-07-28",25,16926,18397,15003,471,6563,9870,17193,0,7,-860,250,992,0,-452,-512,1019,1398,998,987
"2024-07-28",26,16936,18319,15070,513,6563,9814,17193,0,6,-799,250,992,0,-452,-425,1019,1399,998,987
"2024-07-28",27,16901,18138,15087,550,6563,9674,17193,0,9,-644,250,992,0,-420,-308,1019,1399,999,986
"2024-07-28",28,16876,18104,15123,586,6563,9631,17193,0,11,-795,250,992,0,-452,-265,1019,1399,999,987
"2024-07-28",29,16965,18176,15251,631,6563,9290,17193,0,11,-572,250,992,0,-452,-248,1000,1399,999,987
"2024-07-28",30,16764,18020,15092,675,6563,8848,17193,0,82,-564,267,992,0,-452,-222,999,1399,999,986
"2024-07-28",31,17164,18151,15404,710,6563,8413,17193,0,10,-472,1181,992,0,-406,-71,999,1399,998,986
"2024-07-28",32,17724,18660,15965,744,6563,7724,17193,0,7,-478,1260,992,0,-408,-21,999,1399,998,986
"2024-07-28",33,18697,19763,16839,789,6563,7011,17193,0,7,-514,1259,992,0,-452,-107,999,1399,998,987
"2024-07-28",34,19685,20773,17785,834,6563,6210,17193,0,7,-325,1259,992,0,-452,-129,999,1399,999,997
"2024-07-28",35,21164,22386,19152,856,6563,5234,17193,0,12,-111,1259,992,1,-452,-258,999,1399,998,1393
"2024-07-28",36,22357,23541,20322,878,6563,4240,17193,0,11,140,1260,992,1,-452,-221,999,1399,999,1420
"2024-07-28",37,23311,24598,21288,873,6563,3266,17193,0,11,549,1260,992,1,-435,-341,999,1399,998,1420
"2024-07-28",38,24071,25421,22059,868,6563,2428,17193,0,13,735,1259,992,0,-452,-385,999,1399,999,1414
"2024-07-28",39,24716,26182,22726,842,6563,1612,17193,0,6,1101,1259,992,0,-452,-508,999,1399,999,1181
"2024-07-28",40,25019,26510,22977,816,6563,844,17193,0,11,950,1260,992,0,-453,-527,999,1399,999,1154
"2024-07-28",41,24941,26433,22912,834,6563,321,17193,0,14,1133,1259,992,0,-452,-526,999,1399,999,752
"2024-07-28",42,24964,26456,22889,851,6563,38,17193,0,14,1297,1260,992,0,-452,-526,999,1399,998,728
"2024-07-28",43,25113,26571,23089,905,6563,0,17193,0,14,1120,1260,992,0,-452,-492,999,1399,999,888
"2024-07-28",44,25024,26504,23013,959,6563,0,17193,0,14,1109,1260,992,0,-452,-514,999,1399,999,900
"2024-07-28",45,24087,25540,22143,979,6563,0,17193,0,13,1030,1259,992,0,-452,-488,999,1399,999,887
"2024-07-28",46,22839,24326,21015,998,6563,0,17193,0,15,855,1259,992,0,-453,-519,999,1399,999,880
"2024-07-28",47,21382,22743,19683,1010,6563,0,17193,0,15,746,1260,992,0,-386,-460,999,1399,999,677
"2024-07-28",48,20447,21598,18847,1021,6563,0,17193,0,14,664,1260,992,0,-328,-309,999,1399,1000,649
"2024-07-29",1,19641,20671,18080,987,6563,0,17193,0,72,753,1259,992,0,-301,-157,999,1399,999,123
"2024-07-29",2,19238,20241,17704,953,6563,0,17193,0,78,931,1259,992,0,-302,-123,999,1399,1000,97
"2024-07-29",3,18949,20150,17464,942,6563,0,17193,0,198,959,1259,992,0,-301,-202,999,1399,1000,482
"2024-07-29",4,18802,20176,17372,930,6563,0,17193,0,349,1093,1260,992,0,-302,-223,999,1399,1000,500
"2024-07-29",5,18549,20073,17136,920,6563,0,17193,0,349,1171,1259,992,0,-301,-374,999,1399,1000,139
"2024-07-29",6,18257,19824,16864,910,6563,0,17193,0,348,1185,1260,992,0,-302,-417,999,1399,1000,111
"2024-07-29",7,18050,19554,16667,894,6563,0,17193,0,346,1038,1259,992,1,-301,-357,999,1399,999,7
"2024-07-29",8,17899,19388,16498,877,6563,0,17193,0,348,916,1259,992,0,-302,-339,999,1399,1000,0
"2024-07-29",9,17819,19284,16445,899,6563,0,17193,0,345,932,1259,992,0,-302,-318,999,1399,999,0
"2024-07-29",10,17871,19297,16518,920,6563,0,17193,0,344,1039,1260,992,0,-302,-279,998,1398,1000,-1
"2024-07-29",11,18158,19266,16757,909,6563,0,17193,0,49,1082,1259,992,0,-301,-127,716,1398,999,-131
"2024-07-29",12,18808,19776,17439,898,6563,45,17193,0,14,1217,1259,992,0,-302,-8,706,1397,999,-144
"2024-07-29",13,20131,21179,18636,864,6563,398,17193,0,13,1293,1260,992,0,-267,-9,989,1397,999,-259
"2024-07-29",14,21250,22420,19635,829,6563,1026,17193,0,13,1450,1260,991,0,-294,-129,999,1397,999,-234
"2024-07-29",15,22698,23922,20949,824,6563,1806,17193,0,13,1389,1260,992,0,-430,-281,999,1397,999,676
"2024-07-29",16,23240,24587,21392,819,6563,2737,17193,0,13,1459,1260,991,0,-451,-383,999,1397,1000,763
"2024-07-29",17,23891,25363,21854,871,6563,3752,17193,0,11,1418,1260,992,1,-452,-509,999,1397,999,1351
"2024-07-29",18,23793,25284,21702,923,6563,4829,17193,0,11,1521,1259,991,0,-451,-529,999,1397,999,1381
"2024-07-29",19,23463,24954,21411,982,6563,5974,17193,0,11,1388,1260,992,0,-452,-528,1018,1397,999,1018
"2024-07-29",20,22841,24332,20746,1040,6563,7075,17193,0,11,1448,1260,992,0,-452,-528,1019,1397,999,992
"2024-07-29",21,21966,23454,19936,1136,6563,8072,17193,0,11,1408,1259,991,0,-451,-526,1019,1397,999,992
"2024-07-29",22,21238,22633,19230,1231,6563,8959,17193,0,11,1497,1259,992,0,-451,-433,1019,1397,999,993
"2024-07-29",23,20488,21884,18574,1296,6563,9751,17193,0,14,1449,1259,991,0,-451,-431,1019,1397,999,993
"2024-07-29",24,20547,21860,18545,1360,6563,10143,17193,0,15,1441,1259,992,1,-452,-346,1019,1397,999,993
"2024-07-29",25,20476,21722,18494,1408,6563,10326,17193,0,15,1435,1259,991,0,-452,-279,1019,1397,998,993
"2024-07-29",26,20159,21465,18251,1455,6563,10599,17193,0,15,1332,1260,991,0,-451,-340,1019,1397,999,992
"2024-07-29",27,20017,21301,18137,1447,6563,10528,17193,0,15,1168,1260,991,0,-452,-317,1019,1397,998,990
"2024-07-29",28,19985,21253,18054,1438,6563,10384,17193,0,15,1184,1260,991,0,-394,-359,1019,1397,999,984
"2024-07-29",29,20084,21409,18187,1426,6563,10121,17193,0,15,1538,1260,991,0,-392,-418,1000,1397,998,984
"2024-07-29",30,20292,21598,18389,1414,6563,9732,17193,0,12,1457,1260,991,0,-379,-415,999,1397,999,984
"2024-07-29",31,20806,22172,18904,1400,6563,9133,17193,0,11,1571,1260,991,1,-389,-466,999,1398,999,984
"2024-07-29",32,21526,22863,19655,1385,6563,8312,17193,0,10,1617,1260,991,0,-397,-430,999,1398,998,985
"2024-07-29",33,22266,23588,20380,1385,6563,7371,17193,0,9,1457,1259,991,0,-434,-379,999,1398,998,984
"2024-07-29",34,23670,25140,21662,1385,6563,6420,17193,0,13,1042,1258,990,0,-451,-506,999,1398,998,890
"2024-07-29",35,24650,26689,22448,1325,6563,5421,17193,0,14,884,1150,960,1,-451,-526,970,1398,998,-548
"2024-07-29",36,26146,28360,23841,1265,6563,4210,17193,0,14,932,1146,958,0,-452,-527,969,1399,997,-721
"2024-07-29",37,27032,29558,24752,1153,6563,3297,17193,0,15,1382,1246,928,0,-451,-526,839,1398,997,-1034
"2024-07-29",38,27665,30220,25368,1040,6563,2269,17193,0,19,1360,1251,928,0,-452,-527,797,1399,998,-1057
"2024-07-29",39,27999,30814,25645,959,6563,1480,17193,0,8,1504,1258,987,0,-451,-526,-240,1398,997,-1090
"2024-07-29",40,27657,30553,25310,877,6563,953,17193,0,8,1040,1258,992,0,-452,-527,-316,1399,997,-1093
"2024-07-29",41,27492,30557,25169,863,6563,334,17193,0,9,1077,1258,992,0,-452,-527,-484,1398,997,-1093
"2024-07-29",42,27405,30459,25040,848,6563,32,17193,0,6,1105,1258,992,0,-451,-526,-478,1399,997,-1093
"2024-07-29",43,27427,30009,25071,841,6563,0,17193,0,10,927,1258,992,0,-452,-527,200,1399,996,-1093
"2024-07-29",44,26979,29550,24607,833,6563,0,17193,0,8,905,1257,992,0,-451,-526,236,1399,996,-1086
"2024-07-29",45,26179,28503,23897,813,6563,0,17193,0,6,741,1138,985,0,-452,-527,421,1399,997,-839
"2024-07-29",46,24785,27089,22655,792,6563,0,17193,0,12,719,1133,984,0,-451,-526,433,1399,997,-815
"2024-07-29",47,23346,25495,21453,758,6563,0,17193,0,163,949,1253,992,1,-392,-527,974,1399,997,-567
"2024-07-29",48,22393,24344,20678,723,6563,0,17193,0,14,1286,1259,992,0,-361,-527,999,1399,997,-549
"2024-07-30",1,21684,23662,20013,698,6563,0,17193,0,54,1172,1259,992,0,-361,-527,999,1400,998,-536
"2024-07-30",2,21074,23067,19439,673,6563,0,17193,0,76,905,1259,992,0,-361,-526,999,1399,998,-530
"2024-07-30",3,20629,22744,19045,654,6563,0,17193,0,343,608,1259,992,0,-361,-527,999,1399,997,-384
"2024-07-30",4,20123,22254,18575,635,6563,0,17193,0,357,240,1258,992,0,-361,-527,999,1399,997,-386
"2024-07-30",5,19836,22386,18271,611,6563,0,17193,0,310,478,1259,992,0,-361,-527,999,1399,997,-852
"2024-07-30",6,19508,22086,17968,587,6563,0,17193,0,360,630,1258,992,0,-361,-471,999,1399,997,-886
"2024-07-30",7,19214,21827,17666,563,6563,0,17193,0,358,699,1259,992,0,-361,-407,999,1399,997,-987
"2024-07-30",8,18897,21496,17363,538,6563,0,17193,0,353,779,1258,992,0,-361,-388,999,1399,997,-997
"2024-07-30",9,18866,21537,17317,538,6563,0,17193,0,353,875,1258,992,0,-361,-374,996,1399,997,-1083
"2024-07-30",10,18798,21348,17268,537,6563,0,17193,0,263,1065,1258,992,0,-361,-338,996,1399,998,-1088
"2024-07-30",11,18946,21288,17413,532,6563,0,17193,0,10,1106,1259,992,0,-361,-383,995,1398,997,-1088
"2024-07-30",12,19416,21742,17826,526,6563,49,17193,0,10,1164,1258,992,0,-361,-370,995,1399,997,-1085
"2024-07-30",13,20819,23093,19086,514,6563,406,17193,0,12,1190,1258,991,0,-361,-464,999,1398,997,-937
"2024-07-30",14,21728,24013,19870,501,6563,919,17193,0,10,1110,1259,991,0,-420,-527,999,1397,997,-828
"2024-07-30",15,23234,24721,21165,538,6563,1687,17193,0,8,688,1259,991,0,-452,-527,999,1397,997,603
"2024-07-30",16,23597,25090,21455,575,6563,2568,17193,0,13,778,1259,991,0,-452,-528,999,1397,997,770
"2024-07-30",17,24159,25649,22026,621,6563,3386,17193,0,10,686,1259,992,0,-452,-528,999,1397,997,1057
"2024-07-30",18,24316,25807,22158,667,6563,4289,17193,0,11,763,1258,992,0,-452,-528,999,1397,997,1075
"2024-07-30",19,24132,25621,21862,698,6563,5317,17193,0,9,521,1259,992,0,-452,-528,1018,1397,997,998
"2024-07-30",20,23799,25288,21561,728,6563,6593,17193,0,9,598,1259,992,0,-452,-528,1019,1397,997,992
"2024-07-30",21,23322,24811,21133,756,6563,7226,17193,0,9,612,1258,992,0,-452,-528,1019,1397,997,992
"2024-07-30",22,22799,24292,20658,783,6563,8297,17193,0,13,780,1259,992,0,-452,-528,1019,1397,997,992
"2024-07-30",23,22479,23974,20329,822,6563,9156,17193,0,15,861,1259,992,0,-452,-528,1019,1397,997,992
"2024-07-30",24,22003,23498,19966,860,6563,9841,17193,0,15,800,1259,992,0,-452,-528,1019,1397,998,992
"2024-07-30",25,21922,23416,19936,901,6563,10383,17193,0,15,885,1259,992,0,-452,-527,1019,1397,997,992
"2024-07-30",26,21550,23044,19602,942,6563,10506,17193,0,15,910,1259,992,0,-452,-527,1019,1398,997,992
"2024-07-30",27,21215,22709,19299,985,6563,10581,17193,0,15,1057,1259,992,0,-452,-527,1019,1398,998,992
"2024-07-30",28,21070,22564,19214,1028,6563,10554,17193,0,15,1177,1258,992,1,-452,-527,1019,1398,998,992
"2024-07-30",29,21162,22654,19310,1064,6563,10189,17193,0,13,1297,1258,992,0,-452,-527,1000,1397,997,992
"2024-07-30",30,21342,22835,19498,1100,6563,9471,17193,0,14,1278,1258,992,1,-452,-527,999,1398,997,992
"2024-07-30",31,21825,23317,20048,1115,6563,8668,17193,0,13,1356,1258,992,0,-452,-527,999,1398,997,992
"2024-07-30",32,22502,23994,20728,1130,6563,7890,17193,0,13,1573,1258,992,0,-452,-527,999,1398,997,988
"2024-07-30",33,23326,24818,21379,1130,6563,7084,17193,0,13,1613,1249,983,0,-452,-527,952,1399,997,858
"2024-07-30",34,24506,25998,22568,1130,6563,6022,17193,0,14,1471,1247,981,0,-452,-526,949,1398,997,724
"2024-07-30",35,25200,27576,23142,1123,6563,4928,17193,0,10,1463,1179,918,0,-452,-527,593,1399,997,-887
"2024-07-30",36,26637,29207,24491,1116,6563,3867,17193,0,14,1418,1164,908,0,-452,-527,578,1399,997,-1077
"2024-07-30",37,27450,29641,25318,1060,6563,3028,17193,0,11,1458,562,686,0,-452,-526,341,1399,991,-702
"2024-07-30",38,27922,30090,25710,1004,6563,2132,17193,0,4,1415,529,678,0,-452,-527,325,1399,991,-685
"2024-07-30",39,27738,30510,25541,899,6563,1419,17193,0,5,1463,488,938,0,-452,-526,-272,1399,998,-1017
"2024-07-30",40,27790,30610,25493,794,6563,696,17193,0,2,1145,501,957,0,-452,-526,-301,1399,999,-1039
"2024-07-30",41,28087,30597,25702,745,6563,251,17193,0,3,680,1024,990,0,-452,-527,-49,1399,997,-979
"2024-07-30",42,28080,30575,25646,696,6563,22,17193,0,4,754,1057,991,1,-452,-527,-40,1399,998,-972
"2024-07-30",43,27577,29971,25173,682,6563,0,17193,0,8,499,1020,962,0,-452,-527,-45,1399,998,-862
"2024-07-30",44,27039,29415,24576,668,6563,0,17193,0,12,239,1016,957,0,-452,-527,-43,1399,993,-842
"2024-07-30",45,26566,28475,24122,633,6563,0,17193,0,13,-117,821,866,0,-452,-527,383,1399,832,-417
"2024-07-30",46,25167,27036,22834,597,6563,0,17193,0,10,-187,819,863,0,-452,-526,405,1399,824,-381
"2024-07-30",47,23994,25566,21825,566,6563,0,17193,0,10,-65,1218,984,0,-397,-527,904,1399,908,-138
"2024-07-30",48,22825,24350,20745,534,6563,0,17193,0,10,30,1238,992,0,-372,-526,927,1399,916,-117
"2024-07-31",1,21971,23377,19960,522,6563,0,17193,0,8,-37,1257,992,0,-372,-526,997,1399,992,53
"2024-07-31",2,21485,22894,19498,509,6563,0,17193,0,10,-154,1258,992,0,-372,-527,999,1399,997,65
"2024-07-31",3,20895,22627,18952,504,6563,0,17193,0,334,-73,1258,992,1,-372,-526,999,1399,997,51
"2024-07-31",4,20764,22556,18827,498,6563,0,17193,0,393,99,1258,992,0,-372,-527,999,1399,997,45
"2024-07-31",5,20390,22586,18457,495,6563,0,17193,0,641,84,1258,992,0,-372,-526,999,1399,997,-157
"2024-07-31",6,20186,22411,18290,491,6563,0,17193,0,637,32,1258,992,0,-372,-527,999,1399,997,-189
"2024-07-31",7,19741,22619,17850,478,6563,0,17193,0,634,-25,1258,992,0,-372,-526,999,1399,997,-846
"2024-07-31",8,19613,22538,17705,464,6563,0,17193,0,632,-215,1258,992,0,-372,-527,999,1399,997,-894
"2024-07-31",9,19584,22657,17640,471,6563,0,17193,0,635,-176,1258,992,0,-372,-527,947,1399,997,-1039
"2024-07-31",10,19486,22565,17559,477,6563,0,17193,0,631,-114,1258,992,1,-372,-527,939,1399,997,-1049
"2024-07-31",11,19674,22334,17760,473,6563,0,17193,0,212,8,1258,992,0,-372,-527,377,1399,996,-1049
"2024-07-31",12,20036,22548,18116,469,6563,26,17193,0,64,6,1258,992,0,-372,-527,355,1399,997,-1049
"2024-07-31",13,21526,24020,19464,460,6563,303,17193,0,5,-57,1258,992,0,-372,-527,908,1399,997,-1090
"2024-07-31",14,22572,25049,20427,451,6563,853,17193,0,5,-197,1258,992,0,-427,-527,933,1399,997,-1018
"2024-07-31",15,24068,25554,21744,428,6563,1472,17193,0,5,-463,1258,991,0,-452,-529,944,1399,996,297
"2024-07-31",16,25074,26559,22625,404,6563,2296,17193,0,5,-521,1258,991,0,-452,-528,944,1398,997,442
"2024-07-31",17,25803,27289,23227,412,6563,3089,17193,0,5,-581,1258,991,1,-452,-529,833,1398,997,954
"2024-07-31",18,25680,27166,23080,420,6563,4146,17193,0,5,-609,1258,991,0,-452,-529,829,1399,997,990
"2024-07-31",19,25354,26840,22726,429,6563,5204,17193,0,5,-661,1258,991,0,-452,-529,1013,1398,997,1033
"2024-07-31",20,24700,26190,22071,438,6563,6391,17193,0,8,-1131,1258,992,0,-452,-530,1019,1398,997,1044
"2024-07-31",21,23798,25392,21250,468,6563,7343,17193,0,113,-1289,1258,992,0,-452,-529,1019,1398,997,1342
"2024-07-31",22,23235,25017,20701,497,6563,7993,17193,0,301,-1400,1258,992,0,-452,-529,1019,1398,997,1356
"2024-07-31",23,22952,24795,20453,520,6563,8864,17193,0,363,-1015,1258,992,1,-452,-528,1019,1398,997,1112
"2024-07-31",24,22727,24790,20233,543,6563,9518,17193,0,583,-1041,1258,992,0,-452,-528,1019,1398,997,1092
"2024-07-31",25,22605,24725,20108,568,6563,9939,17193,0,640,-922,1258,992,0,-452,-528,1019,1398,997,1000
"2024-07-31",26,22446,24613,20028,593,6563,9943,17193,0,688,-1066,1258,992,0,-452,-527,1019,1397,997,999
"2024-07-31",27,22453,24624,20049,615,6563,10081,17193,0,691,-1201,1258,992,0,-452,-528,1019,1397,997,1220
"2024-07-31",28,22326,24492,19974,637,6563,10001,17193,0,686,-1187,1258,992,1,-452,-528,1019,1398,997,1240
"2024-07-31",29,22380,24549,20055,667,6563,9455,17193,0,690,-885,1258,992,1,-452,-527,1000,1397,997,1412
"2024-07-31",30,22526,24688,20210,697,6563,9114,17193,0,683,-1090,1258,992,0,-452,-527,999,1398,997,1413
"2024-07-31",31,22905,24724,20584,720,6563,8557,17193,0,339,-1041,1258,992,0,-452,-528,947,1398,997,991
"2024-07-31",32,23489,24984,21146,742,6563,7670,17193,0,16,-1188,1258,992,0,-452,-527,945,1399,996,937
"2024-07-31",33,23950,25481,21567,762,6563,6809,17193,0,53,-739,1258,992,0,-452,-526,646,1399,997,60
"2024-07-31",34,24839,26334,22404,782,6563,5545,17193,0,16,-809,1258,992,0,-452,-527,635,1399,996,0
"2024-07-31",35,26070,27618,23491,781,6563,4742,17193,0,14,-724,1258,992,0,-452,-527,889,1399,997,-55
"2024-07-31",36,27171,28730,24530,780,6563,3750,17193,0,17,-644,1258,992,0,-452,-527,895,1399,997,-63
"2024-07-31",37,27740,29377,25115,769,6563,2703,17193,0,10,-425,1258,992,0,-452,-526,454,1399,997,-149
"2024-07-31",38,28290,29944,25653,757,6563,2032,17193,0,10,-255,1258,992,1,-452,-527,420,1399,998,-165
"2024-07-31",39,28100,30465,25547,709,6563,1183,17193,0,9,284,1258,992,0,-452,-526,-334,1399,997,-544
"2024-07-31",40,28223,30628,25717,661,6563,606,17193,0,10,316,1258,992,0,-452,-527,-359,1399,997,-557
"2024-07-31",41,28658,30188,26076,626,6563,209,17193,0,10,-53,1258,992,0,-452,-527,434,1399,997,-41
"2024-07-31",42,28521,30009,25986,591,6563,12,17193,0,10,-90,1258,989,0,-452,-526,480,1399,995,0
"2024-07-31",43,28473,29959,25933,570,6563,0,17193,0,7,-30,1258,865,0,-452,-527,451,1399,906,0
"2024-07-31",44,27898,29395,25363,549,6563,0,17193,0,15,31,1258,854,0,-452,-527,449,1399,893,-3
"2024-07-31",45,26696,28356,24217,532,6563,0,17193,0,11,-214,1258,800,0,-452,-527,77,1399,654,-170
"2024-07-31",46,25684,27267,23354,515,6563,0,17193,0,8,-305,1258,798,0,-381,-526,74,1399,648,-168
"2024-07-31",47,24258,25665,22064,500,6563,0,17193,0,8,-304,1224,854,0,-372,-527,745,1399,975,312
"2024-07-31",48,23088,24484,20984,485,6563,0,17193,0,8,-184,1220,861,0,-372,-516,781,1399,996,323
"2024-08-01",1,22217,24007,20187,470,6563,0,17193,0,8,-22,1128,984,0,-322,-413,857,1399,997,-547
"2024-08-01",2,21890,23758,19887,455,6563,0,17193,0,8,-16,1124,992,1,-322,-430,860,1399,997,-608
"2024-08-01",3,21434,23481,19484,439,6563,0,17193,0,11,-50,1248,992,1,-322,-523,909,1399,997,-691
"2024-08-01",4,21139,23430,19241,423,6563,0,17193,0,267,0,1255,992,0,-322,-505,911,1399,998,-697
"2024-08-01",5,20735,22990,18856,413,6563,0,17193,0,287,19,1258,992,0,-322,-482,995,1399,997,-664
"2024-08-01",6,20450,22747,18575,403,6563,0,17193,0,288,-304,1258,992,0,-322,-519,998,1399,997,-668
"2024-08-01",7,20148,22743,18315,395,6563,0,17193,0,339,-484,1258,992,0,-322,-509,854,1399,997,-925
"2024-08-01",8,20048,22640,18194,387,6563,0,17193,0,345,-708,1258,992,1,-322,-481,848,1399,997,-944
"2024-08-01",9,19789,22402,17929,390,6563,0,17193,0,345,-726,1258,992,0,-322,-440,475,1399,997,-1006
"2024-08-01",10,19647,22234,17826,393,6563,0,17193,0,328,-581,1258,992,0,-322,-424,442,1399,997,-1013
"2024-08-01",11,19973,22536,18128,385,6563,0,17193,0,12,-311,1258,992,0,-322,-273,-371,1399,998,-1085
"2024-08-01",12,20282,22757,18416,376,6563,5,17193,0,6,-139,1258,991,1,-322,-178,-382,1399,998,-1087
"2024-08-01",13,21948,24023,19940,361,6563,101,17193,0,6,-195,1218,969,0,-355,-257,653,1399,997,-957
"2024-08-01",14,23104,25206,21004,345,6563,328,17193,0,10,-43,1209,967,0,-374,-371,727,1399,998,-847
"2024-08-01",15,24385,25850,22096,331,6563,688,17193,0,11,-98,791,935,0,-448,-506,344,1398,998,605
"2024-08-01",16,25281,26768,22893,316,6563,1219,17193,0,7,-109,779,934,0,-452,-528,338,1398,998,772
"2024-08-01",17,26626,28112,24078,314,6563,1845,17193,0,6,6,1232,988,0,-452,-528,967,1398,998,973
"2024-08-01",18,26544,28031,23934,311,6563,2605,17193,0,7,-16,1258,992,0,-452,-528,994,1398,997,987
"2024-08-01",19,26100,27585,23462,308,6563,3514,17193,0,6,240,1258,992,0,-452,-527,490,1397,997,987
"2024-08-01",20,25529,27016,22889,305,6563,4845,17193,0,8,250,1258,992,0,-451,-528,467,1398,998,987
"2024-08-01",21,24859,26344,22187,328,6563,5776,17193,0,7,-299,1258,992,0,-451,-527,569,1397,997,987
"2024-08-01",22,24240,25729,21570,350,6563,7031,17193,0,11,-489,1258,992,0,-451,-527,573,1398,998,987
"2024-08-01",23,24173,25663,21474,372,6563,8112,17193,0,12,-423,1216,992,0,-451,-527,774,1397,997,987
"2024-08-01",24,23845,25336,21204,394,6563,9070,17193,0,13,-724,1206,991,0,-451,-527,772,1397,997,987
"2024-08-01",25,23092,24583,20467,434,6563,9364,17193,0,12,-633,865,964,0,-451,-528,127,1398,998,987
"2024-08-01",26,22814,24303,20247,473,6563,9573,17193,0,11,-536,844,962,1,-451,-527,98,1398,997,987
"2024-08-01",27,23002,24492,20516,509,6563,9457,17193,0,12,-550,910,928,1,-451,-527,611,1398,997,987
"2024-08-01",28,22945,24410,20476,544,6563,9394,17193,0,8,-642,918,928,0,-430,-527,634,1398,997,977
"2024-08-01",29,22991,24428,20649,592,6563,8767,17193,0,7,-416,1184,973,0,-451,-479,538,1398,997,603
"2024-08-01",30,23339,24712,21101,639,6563,8113,17193,0,7,-313,1198,977,1,-450,-416,536,1397,996,571
"2024-08-01",31,23718,25059,21495,680,6563,7364,17193,0,8,-211,1252,991,0,-451,-382,942,1398,968,358
"2024-08-01",32,24204,25550,22033,721,6563,6921,17193,0,8,-105,1256,992,0,-451,-387,959,1397,966,320
"2024-08-01",33,24611,26500,22408,775,6563,6116,17193,0,8,-116,1365,992,0,-451,-380,921,1398,963,-550
"2024-08-01",34,25616,27671,23307,828,6563,5086,17193,0,8,-112,1370,992,0,-451,-495,919,1398,963,-601
"2024-08-01",35,26590,28327,24180,834,6563,4134,17193,0,8,65,1371,992,1,-451,-505,640,1398,994,-273
"2024-08-01",36,27299,29039,24839,840,6563,3370,17193,0,12,284,1370,992,0,-451,-526,629,1398,996,-251
"2024-08-01",37,27965,29733,25476,794,6563,2672,17193,0,8,484,1370,992,0,-452,-527,761,1398,997,-281
"2024-08-01",38,28262,30036,25750,748,6563,1799,17193,0,5,451,1370,992,0,-451,-525,765,1398,997,-293
"2024-08-01",39,28288,30332,25756,676,6563,1096,17193,0,6,536,1370,992,0,-452,-430,677,1399,997,-656
"2024-08-01",40,28394,30388,25829,604,6563,614,17193,0,11,628,1370,992,1,-451,-358,673,1399,997,-674
"2024-08-01",41,28478,30348,25921,575,6563,216,17193,0,12,510,1371,992,0,-451,-486,839,1399,997,-421
"2024-08-01",42,28253,30044,25769,546,6563,14,17193,0,13,368,1370,990,1,-451,-431,841,1399,993,-396
"2024-08-01",43,27876,29242,25379,528,6563,0,17193,0,12,277,1371,915,0,-452,-301,351,1399,845,-101
"2024-08-01",44,27586,28863,25074,510,6563,0,17193,0,3,111,1371,907,0,-431,-256,330,1399,836,-87
"2024-08-01",45,26600,27836,24223,507,6563,0,17193,0,6,277,1371,814,0,-309,-105,277,1399,841,-316
"2024-08-01",46,25513,26648,23268,503,6563,0,17193,0,5,422,1371,812,0,-309,-2,281,1399,845,-319
"2024-08-01",47,23985,24740,21870,515,6563,0,17193,0,9,601,1370,954,0,-246,0,830,1399,987,155
"2024-08-01",48,22933,23558,20924,526,6563,0,17193,0,9,990,1370,965,0,-116,0,856,1399,996,188
"2024-08-02",1,22188,22780,20265,519,6563,0,17193,0,9,687,1369,990,0,-83,0,990,1399,997,188
"2024-08-02",2,21630,22138,19827,511,6563,0,17193,0,8,616,1369,992,0,43,0,994,1399,997,185
"2024-08-02",3,21095,21601,19362,527,6563,0,17193,0,6,676,1369,992,1,150,0,955,1399,996,85
"2024-08-02",4,20834,21340,19139,542,6563,0,17193,0,6,488,1370,992,0,155,0,953,1399,997,71
"2024-08-02",5,20454,21136,18805,573,6563,0,17193,0,6,524,1369,992,1,191,0,992,1399,997,-176
"2024-08-02",6,20158,20870,18518,603,6563,0,17193,0,6,541,1369,992,0,200,0,994,1399,997,-206
"2024-08-02",7,19757,20886,18168,624,6563,0,17193,0,6,731,1369,992,0,200,0,833,1399,997,-623
"2024-08-02",8,19677,20844,18139,644,6563,0,17193,0,6,894,1370,992,0,200,0,823,1399,997,-661
"2024-08-02",9,19428,20952,17978,719,6563,0,17193,0,6,999,1370,992,0,200,0,333,1399,997,-1018
"2024-08-02",10,19458,21010,18053,793,6563,0,17193,0,8,1152,1370,992,0,200,0,282,1399,997,-1044
"2024-08-02",11,19139,21398,17767,852,6563,0,17193,0,10,1391,1347,978,0,213,36,-659,1398,997,-1090
"2024-08-02",12,19589,21879,18199,911,6563,15,17193,0,14,1514,1346,978,0,337,16,-694,1398,996,-1082
"2024-08-02",13,21277,22419,19721,969,6563,236,17193,0,9,1607,1238,988,1,400,135,243,1398,951,-633
"2024-08-02",14,22261,23348,20735,1026,6563,618,17193,0,8,1816,1232,985,0,371,134,307,1398,950,-579
"2024-08-02",15,23441,23949,21819,1059,6563,1201,17193,0,8,1972,1173,869,0,232,13,735,1397,994,235
"2024-08-02",16,24198,24706,22514,1092,6563,1870,17193,0,8,2102,1172,863,0,82,36,753,1397,995,295
"2024-08-02",17,25347,25870,23528,1193,6563,2589,17193,0,8,2636,1254,921,0,-15,0,739,1397,942,433
"2024-08-02",18,25316,25896,23359,1294,6563,3362,17193,0,12,2683,1260,927,0,-68,0,738,1397,940,451
"2024-08-02",19,25282,25790,23329,1428,6563,4283,17193,0,8,3035,1361,988,0,19,0,947,1397,993,733
"2024-08-02",20,24633,25141,22764,1561,6563,5061,17193,0,8,3242,1366,992,1,0,0,955,1397,997,759
"2024-08-02",21,23880,24388,22257,1722,6563,5875,17193,0,8,3630,1369,992,0,0,0,1017,1397,997,972
"2024-08-02",22,23362,23918,21754,1883,6563,6642,17193,0,8,3516,1370,992,0,-48,0,1019,1397,997,981
"2024-08-02",23,23174,23849,21295,2024,6563,6986,17193,0,23,3419,1363,992,0,-135,-17,914,1397,997,757
"2024-08-02",24,22582,23783,20770,2165,6563,7790,17193,0,398,3335,1363,992,0,-266,-37,910,1397,997,739
"2024-08-02",25,22470,23974,20718,2266,6563,8166,17193,0,668,3195,1370,992,0,-300,-36,976,1397,997,647
"2024-08-02",26,21985,23865,20318,2366,6563,8122,17193,0,995,3299,1370,992,0,-300,-85,978,1397,997,641
"2024-08-02",27,21824,23783,20123,2417,6563,8533,17193,0,991,3246,1370,992,0,-300,-168,984,1397,997,777
"2024-08-02",28,21419,23421,19693,2468,6563,8305,17193,0,983,3110,1370,992,1,-300,-219,984,1395,997,791
"2024-08-02",29,21319,23368,19613,2521,6563,8285,17193,0,979,3167,1370,992,0,-300,-270,998,1369,997,958
"2024-08-02",30,21278,23392,19601,2573,6563,7672,17193,0,972,3030,1370,992,1,-300,-342,999,1355,997,955
"2024-08-02",31,21524,23354,19811,2601,6563,7282,17193,0,574,3021,1370,992,0,-300,-456,999,1218,996,378
"2024-08-02",32,22354,23809,20565,2629,6563,6409,17193,0,128,3033,1370,992,0,-300,-527,999,1214,997,325
"2024-08-02",33,22769,24284,20962,2606,6563,5424,17193,0,48,3177,1369,992,0,-300,-526,999,1377,996,-141
"2024-08-02",34,23714,25169,21809,2582,6563,4664,17193,0,11,3008,1369,992,1,-300,-527,999,1397,997,-117
"2024-08-02",35,24946,26815,22971,2521,6563,3836,17193,0,12,2640,1370,992,0,-369,-460,999,1398,997,-528
"2024-08-02",36,25903,27770,23874,2460,6563,2808,17193,0,12,2345,1370,992,0,-451,-323,994,1398,997,-581
"2024-08-02",37,26298,28554,24231,2325,6563,1937,17193,0,13,2280,1370,992,0,-451,-297,483,1398,997,-995
"2024-08-02",38,26580,28866,24480,2190,6563,1375,17193,0,12,1877,1370,992,0,-451,-297,457,1399,997,-1026
"2024-08-02",39,26241,28588,24206,2080,6563,759,17193,0,12,1859,1370,991,0,-451,-297,19,1399,996,-1087
"2024-08-02",40,26588,28937,24580,1969,6563,347,17193,0,8,1848,1371,990,0,-451,-299,0,1399,995,-1091
"2024-08-02",41,26217,28467,24224,1847,6563,84,17193,0,9,1514,1371,943,1,-451,-298,11,1399,948,-992
"2024-08-02",42,25897,28127,23922,1724,6563,3,17193,0,9,1212,1371,942,1,-451,-300,13,1399,944,-970
"2024-08-02",43,25847,27551,23866,1616,6563,0,17193,0,11,929,1370,989,0,-451,-298,399,1399,963,-444
"2024-08-02",44,25339,27011,23422,1507,6563,0,17193,0,9,947,1368,987,0,-451,-299,415,1399,960,-413
"2024-08-02",45,24182,26048,22447,1425,6563,0,17193,0,9,874,1226,804,0,-451,-316,321,1399,825,-590
"2024-08-02",46,23354,25368,21681,1342,6563,0,17193,0,7,687,1218,797,0,-451,-446,327,1399,821,-610
"2024-08-02",47,22273,24608,20614,1264,6563,0,17193,0,7,736,1267,980,0,-429,-526,966,1399,986,-873
"2024-08-02",48,21549,23857,19823,1186,6563,0,17193,0,7,891,1269,992,0,-388,-527,999,1399,997,-886
"2024-08-03",1,20798,22871,19184,1147,6563,0,17193,0,7,592,1269,992,1,-358,-526,999,1399,997,-682
"2024-08-03",2,20203,22157,18651,1108,6563,0,17193,0,7,412,1271,992,0,-332,-439,999,1399,997,-676
"2024-08-03",3,19780,21908,18278,1073,6563,0,17193,0,7,373,1363,992,0,-317,-288,999,1399,997,-1016
"2024-08-03",4,19518,21684,18058,1038,6563,0,17193,0,7,467,1369,992,1,-311,-314,999,1399,997,-1034
"2024-08-03",5,19178,21271,17713,1007,6563,0,17193,0,7,360,1369,992,0,-311,-465,999,1399,997,-810
"2024-08-03",6,18910,21051,17475,975,6563,0,17193,0,7,232,1369,992,0,-307,-527,999,1399,997,-800
"2024-08-03",7,18427,20770,17005,945,6563,0,17193,0,7,155,1369,992,0,-301,-526,999,1399,997,-1009
"2024-08-03",8,18464,20825,16992,915,6563,0,17193,0,7,65,1369,991,0,-302,-527,999,1399,997,-1025
"2024-08-03",9,18155,20580,16708,909,6563,0,17193,0,7,221,1370,992,0,-302,-527,967,1399,997,-1089
"2024-08-03",10,18110,20538,16636,903,6563,0,17193,0,7,466,1369,992,1,-302,-527,966,1399,997,-1092
"2024-08-03",11,18011,20392,16620,891,6563,0,17193,0,7,591,1369,992,0,-302,-527,998,1399,997,-1045
"2024-08-03",12,18056,20368,16647,878,6563,14,17193,0,7,444,1369,991,0,-302,-481,999,1399,996,-1022
"2024-08-03",13,18577,20197,17125,864,6563,175,17193,0,7,362,1369,991,0,-302,-472,999,1399,996,-339
"2024-08-03",14,19116,20562,17618,849,6563,422,17193,0,8,458,1369,991,0,-320,-380,999,1399,996,-238
"2024-08-03",15,20027,21381,18422,872,6563,718,17193,0,9,17,1369,991,0,-356,-489,999,1399,997,890
"2024-08-03",16,20590,21994,18930,894,6563,1298,17193,0,7,-132,1369,991,0,-395,-502,999,1399,997,991
"2024-08-03",17,21166,22500,19423,952,6563,2037,17193,0,7,-182,1368,992,1,-435,-392,999,1399,997,991
"2024-08-03",18,21160,22473,19384,1009,6563,2674,17193,0,8,84,1368,992,0,-431,-374,999,1399,997,991
"2024-08-03",19,21451,22507,19627,1050,6563,3448,17193,0,6,523,1368,992,0,-322,-228,1018,1399,997,992
"2024-08-03",20,21350,22326,19548,1091,6563,4217,17193,0,9,476,1367,991,0,-391,-76,1019,1398,997,991
"2024-08-03",21,21250,22093,19412,1153,6563,4822,17193,0,9,630,1368,992,0,-334,0,1019,1398,997,991
"2024-08-03",22,20887,21627,19091,1214,6563,5798,17193,0,9,951,1368,992,0,-231,0,1019,1398,996,991
"2024-08-03",23,20403,21088,18570,1258,6563,6107,17193,0,9,828,1368,992,0,-176,0,1019,1398,996,991
"2024-08-03",24,19905,20584,18038,1302,6563,6791,17193,0,9,623,1370,992,0,-170,0,1019,1398,996,991
"2024-08-03",25,19581,20239,17715,1351,6563,7307,17193,0,9,650,1180,992,0,-149,0,1019,1399,997,991
"2024-08-03",26,19292,20001,17471,1399,6563,7198,17193,0,15,764,1166,991,0,-179,-15,1019,1399,997,991
"2024-08-03",27,18929,19894,17175,1442,6563,7692,17193,0,15,721,1166,991,0,-309,-141,1019,1398,997,991
"2024-08-03",28,18678,19827,16948,1484,6563,7448,17193,0,25,580,1166,992,0,-437,-187,1019,1399,997,991
"2024-08-03",29,18385,19793,16713,1527,6563,7222,17193,0,129,457,1166,991,0,-451,-328,1000,1399,997,991
"2024-08-03",30,18134,19540,16440,1570,6563,6807,17193,0,133,233,1166,991,0,-451,-322,999,1399,997,991
"2024-08-03",31,17970,19550,16250,1602,6563,6710,17193,0,305,373,1191,991,0,-451,-324,975,1399,996,991
"2024-08-03",32,18233,19887,16522,1634,6563,6676,17193,0,487,310,1192,992,0,-451,-216,974,1399,997,991
"2024-08-03",33,18623,20404,16879,1644,6563,6378,17193,0,613,211,1166,992,0,-451,-217,998,1399,996,991
"2024-08-03",34,19469,20822,17642,1654,6563,5631,17193,0,382,277,1171,992,0,-394,-77,999,1399,991,916
"2024-08-03",35,20690,21870,18756,1622,6563,4785,17193,0,13,468,1354,992,0,-249,7,999,1399,813,-418
"2024-08-03",36,21723,23111,19752,1589,6563,4052,17193,0,10,317,1366,992,0,-294,-30,999,1399,802,-554
"2024-08-03",37,22510,24212,20492,1474,6563,2995,17193,0,11,265,1364,992,0,-429,-169,999,1399,805,-593
"2024-08-03",38,23449,25258,21368,1358,6563,2109,17193,0,14,403,1360,992,0,-451,-235,999,1399,807,-609
"2024-08-03",39,23708,26108,21698,1197,6563,1350,17193,0,15,609,1180,992,0,-452,-369,999,1399,894,-1064
"2024-08-03",40,24018,26546,21992,1035,6563,683,17193,0,15,614,1167,992,1,-451,-466,999,1399,902,-1096
"2024-08-03",41,24215,26802,22160,938,6563,179,17193,0,12,675,1110,992,1,-452,-527,961,1399,991,-1096
"2024-08-03",42,23991,26552,21980,840,6563,6,17193,0,12,479,1107,992,0,-451,-526,959,1399,997,-1072
"2024-08-03",43,24159,25865,22148,814,6563,0,17193,0,8,299,1070,992,0,-451,-526,998,1398,997,-221
"2024-08-03",44,23981,25633,21941,788,6563,0,17193,0,11,414,1068,992,0,-451,-527,999,1399,997,-163
"2024-08-03",45,23209,24904,21195,766,6563,0,17193,0,11,251,1106,992,1,-452,-527,961,1399,997,-205
"2024-08-03",46,22498,24194,20563,744,6563,0,17193,0,10,-105,1111,992,0,-451,-527,959,1398,997,-208
"2024-08-03",47,21486,23113,19636,734,6563,0,17193,0,9,-357,1354,992,0,-383,-527,998,1399,996,-208
"2024-08-03",48,20633,22109,18864,723,6563,0,17193,0,9,-197,1367,992,0,-233,-526,999,1399,997,-208
"2024-08-04",1,20080,21423,18350,667,6563,0,17193,0,9,-201,1367,992,0,-129,-527,998,1399,997,-178
"2024-08-04",2,19569,20898,17924,611,6563,0,17193,0,7,12,1367,992,0,-125,-527,998,1398,997,-170
"2024-08-04",3,19068,20156,17469,615,6563,0,17193,0,5,35,1367,992,1,-126,-457,923,1399,997,51
"2024-08-04",4,18654,19770,17154,618,6563,0,17193,0,10,192,1368,991,0,-219,-387,920,1399,998,63
"2024-08-04",5,18220,19327,16775,614,6563,0,17193,0,10,237,1368,992,1,-300,-297,949,1399,998,1
"2024-08-04",6,17808,18895,16423,609,6563,0,17193,0,10,203,1368,992,0,-300,-272,950,1399,997,-5
"2024-08-04",7,17392,18539,15996,606,6563,0,17193,0,10,34,1368,992,0,-300,-146,975,1399,998,-191
"2024-08-04",8,17181,18386,15753,603,6563,0,17193,0,66,74,1368,992,0,-300,-143,976,1399,998,-196
"2024-08-04",9,17105,18269,15688,606,6563,0,17193,0,69,16,1368,992,1,-300,-295,998,1399,997,82
"2024-08-04",10,17040,18345,15588,609,6563,0,17193,0,70,-10,1368,991,0,-300,-435,999,1399,998,110
"2024-08-04",11,17050,18285,15617,618,6563,0,17193,0,70,6,1368,991,0,-300,-365,994,1399,998,446
"2024-08-04",12,16902,18054,15519,627,6563,7,17193,0,69,48,1368,991,0,-300,-283,994,1399,997,481
"2024-08-04",13,17132,18330,15719,631,6563,163,17193,0,14,64,1368,991,0,-300,-384,994,1398,997,920
"2024-08-04",14,17241,18415,15819,634,6563,497,17193,0,16,176,1368,992,0,-300,-358,994,1399,997,951
"2024-08-04",15,17623,18859,16195,675,6563,917,17193,0,128,462,1367,991,0,-300,-308,999,1398,997,984
"2024-08-04",16,18139,19032,16683,716,6563,1436,17193,0,17,684,1367,991,0,-220,-156,999,1398,997,986
"2024-08-04",17,18817,19429,17306,806,6563,1939,17193,0,17,1039,1367,992,1,-74,-21,999,1398,996,986
"2024-08-04",18,19377,19894,17845,895,6563,2349,17193,0,17,1344,1367,991,0,33,0,999,1397,996,986
"2024-08-04",19,19669,20186,18056,1020,6563,3064,17193,0,17,1598,1367,992,0,174,0,1018,1398,996,986
"2024-08-04",20,19881,20398,18252,1144,6563,3688,17193,0,17,1943,1367,992,0,250,0,1019,1398,997,986
"2024-08-04",21,19967,20483,18278,1284,6563,4258,17193,0,16,2117,1366,991,0,294,0,1019,1398,996,986
"2024-08-04",22,19807,20321,18062,1424,6563,4885,17193,0,14,2001,1366,991,0,316,0,1019,1398,996,986
"2024-08-04",23,19961,20511,18258,1559,6563,5185,17193,0,19,2117,1367,992,0,315,-31,1019,1398,997,986
"2024-08-04",24,20204,20766,18504,1694,6563,5504,17193,0,62,2263,1367,991,0,166,14,1019,1397,996,986
"2024-08-04",25,20131,21155,18462,1808,6563,5404,17193,0,524,2586,1367,992,0,17,123,1019,1398,996,986
"2024-08-04",26,19727,21079,18188,1921,6563,5726,17193,0,787,2877,1360,991,0,-65,106,1019,1398,996,983
"2024-08-04",27,19244,20420,17753,2031,6563,5864,17193,0,676,2931,963,969,0,27,4,1019,1398,997,856
"2024-08-04",28,18811,19964,17392,2140,6563,6039,17193,0,653,3062,942,967,0,49,0,1019,1398,997,850
"2024-08-04",29,18780,20040,17433,2215,6563,5755,17193,0,760,3375,828,946,0,44,0,1000,1397,997,977
"2024-08-04",30,18677,20002,17348,2289,6563,5703,17193,0,802,3280,820,940,0,44,-23,999,1397,997,973
"2024-08-04",31,18672,19674,17361,2345,6563,5742,17193,0,502,3431,808,790,0,21,0,873,1397,998,512
"2024-08-04",32,19121,20473,17724,2400,6563,5269,17193,0,852,3566,820,785,0,28,0,868,1397,998,486
"2024-08-04",33,19875,21204,18380,2383,6563,4715,17193,0,829,3194,1326,978,0,19,0,597,1397,997,752
"2024-08-04",34,20900,21789,19368,2366,6563,4142,17193,0,389,3310,1358,991,0,150,0,587,1397,997,766
"2024-08-04",35,22049,22570,20438,2322,6563,3536,17193,0,21,3444,1320,983,0,270,0,634,1397,997,560
"2024-08-04",36,23133,23723,21443,2277,6563,2733,17193,0,90,3702,1314,980,0,247,65,635,1397,997,535
"2024-08-04",37,23655,24172,21967,2244,6563,2144,17193,0,17,3965,1065,897,0,372,183,526,1397,997,185
"2024-08-04",38,24099,24613,22454,2211,6563,1429,17193,0,14,3923,1050,891,0,399,98,522,1397,997,142
"2024-08-04",39,23900,24912,22318,2189,6563,836,17193,0,15,3958,918,856,0,391,168,659,1397,997,-497
"2024-08-04",40,23916,24974,22443,2167,6563,418,17193,0,15,4072,913,852,0,399,161,660,1397,996,-543
"2024-08-04",41,23644,24777,22261,2183,6563,122,17193,0,4,3814,991,791,0,400,185,216,1397,976,-629
"2024-08-04",42,23402,24546,22092,2198,6563,3,17193,0,6,3963,983,782,0,400,152,194,1397,975,-638
"2024-08-04",43,23303,24789,21915,2264,6563,0,17193,0,1,3714,480,615,0,390,41,-220,1397,996,-765
"2024-08-04",44,22904,24418,21586,2330,6563,0,17193,0,8,3857,448,606,0,270,0,-237,1397,998,-769
"2024-08-04",45,21582,23102,20501,2369,6563,0,17193,0,9,3336,384,693,1,126,0,-428,1397,975,-583
"2024-08-04",46,20672,22202,19660,2407,6563,0,17193,0,14,3363,395,702,0,136,0,-435,1368,974,-581
"2024-08-04",47,19390,21628,18484,2427,6563,0,17193,0,286,3235,1030,843,0,80,67,-464,996,983,-988
"2024-08-04",48,18654,21439,17893,2447,6563,0,17193,0,735,3387,1063,851,0,-70,213,-465,920,983,-1015
"2024-08-05",1,17750,20631,17033,2440,6563,0,17193,0,857,3652,781,770,0,-57,252,-498,546,938,-969
"2024-08-05",2,17618,20500,16849,2433,6563,0,17193,0,884,3733,767,763,0,-34,252,-500,470,935,-964
"2024-08-05",3,17309,20309,16533,2436,6563,0,17193,0,811,3727,882,703,0,-8,252,-783,96,946,-898
"2024-08-05",4,17074,20169,16310,2438,6563,0,17193,0,902,3693,891,698,1,37,252,-794,44,947,-899
"2024-08-05",5,16885,20232,16086,2416,6563,0,17193,0,958,3645,983,673,0,-56,252,-728,-25,942,-1080
"2024-08-05",6,16779,20107,15924,2393,6563,0,17193,0,960,3313,987,669,1,-11,252,-726,-39,941,-1092
"2024-08-05",7,16212,19726,15308,2365,6563,0,17193,0,940,2981,904,556,1,67,252,-879,-103,944,-1092
"2024-08-05",8,16212,19733,15265,2337,6563,0,17193,0,938,2972,893,552,0,138,252,-884,-107,944,-1092
"2024-08-05",9,16109,19714,15153,2368,6563,0,17193,0,937,3204,509,676,0,282,252,-1012,-64,894,-1092
"2024-08-05",10,16168,19715,15252,2398,6563,0,17193,0,933,3521,473,678,0,320,252,-1016,-42,887,-1056
"2024-08-05",11,16519,19006,15590,2441,6563,0,17193,0,844,3733,-47,456,0,352,252,-1021,164,788,-75
"2024-08-05",12,16968,19380,16111,2484,6563,9,17193,0,818,3986,-73,450,0,383,252,-1021,219,787,0
"2024-08-05",13,18649,20970,17698,2551,6563,160,17193,0,800,3706,839,778,0,299,252,-1021,592,985,0
"2024-08-05",14,19938,21679,18838,2618,6563,435,17193,0,221,3686,930,801,1,154,252,-1020,668,998,0
"2024-08-05",15,21679,22893,20433,2695,6563,897,17193,0,19,3886,1283,797,0,21,252,-695,1040,998,0
"2024-08-05",16,22545,23715,21160,2772,6563,1376,17193,0,15,3744,1307,802,1,-32,224,-623,1107,997,0
"2024-08-05",17,23932,24621,22407,2900,6563,1878,17193,0,14,3270,1364,980,0,-175,84,618,1365,997,0
"2024-08-05",18,24459,25323,22863,3027,6563,2426,17193,0,9,3437,1367,992,0,-296,-59,725,1397,997,0
"2024-08-05",19,24805,25925,23149,3134,6563,3019,17193,0,7,3443,1366,992,0,-430,-183,1009,1397,996,0
"2024-08-05",20,24627,25876,22995,3241,6563,3736,17193,0,7,3478,1365,992,0,-451,-291,1019,1397,996,0
"2024-08-05",21,24509,25909,22846,3299,6563,4242,17193,0,8,3589,1366,992,0,-451,-441,1019,1397,997,0
"2024-08-05",22,24101,25589,22542,3356,6563,4624,17193,0,8,3585,1366,992,0,-452,-528,1019,1397,996,0
"2024-08-05",23,23911,25396,22357,3408,6563,4701,17193,0,6,3567,1365,992,0,-451,-528,1019,1397,997,0
"2024-08-05",24,23802,25287,22211,3459,6563,4979,17193,0,7,3406,1363,992,0,-451,-527,1019,1397,996,0
"2024-08-05",25,23950,25437,22305,3455,6563,5536,17193,0,8,3304,1273,992,0,-451,-528,1019,1397,996,0
"2024-08-05",26,23891,25379,22286,3451,6563,5665,17193,0,10,3270,1267,992,0,-451,-527,1019,1397,994,0
"2024-08-05",27,23712,25200,22103,3398,6563,5430,17193,0,10,3347,1264,992,0,-451,-527,1019,1397,905,0
"2024-08-05",28,23486,24974,21848,3345,6563,5159,17193,0,10,3183,1264,992,0,-451,-527,1019,1397,900,0
"2024-08-05",29,23523,25008,21835,3236,6563,5086,17193,0,7,2951,1263,992,0,-451,-527,1000,1397,899,0
"2024-08-05",30,23526,25008,21821,3126,6563,5115,17193,0,4,2772,1263,992,0,-451,-527,999,1397,896,0
"2024-08-05",31,23644,25132,21888,2995,6563,5114,17193,0,10,2812,1259,993,0,-451,-527,1000,1398,805,0
"2024-08-05",32,24159,25646,22270,2864,6563,4696,17193,0,10,2741,1261,992,0,-451,-526,999,1397,796,0
"2024-08-05",33,24566,26055,22584,2684,6563,3997,17193,0,11,2131,1354,992,1,-451,-527,999,1398,708,0
"2024-08-05",34,25573,27060,23461,2503,6563,3256,17193,0,9,2067,1361,992,0,-451,-527,989,1398,710,0
"2024-08-05",35,26609,28100,24319,2343,6563,2636,17193,0,14,2081,1359,992,0,-451,-526,341,1398,979,0
"2024-08-05",36,27337,28827,24952,2182,6563,2133,17193,0,13,1824,1358,985,0,-451,-526,282,1399,990,0
"2024-08-05",37,27765,29894,25381,2039,6563,1463,17193,0,19,1793,1278,729,0,-451,-527,-632,1399,766,0
"2024-08-05",38,28122,30303,25676,1896,6563,929,17193,0,12,1718,1273,708,0,-451,-527,-691,1399,754,0
"2024-08-05",39,28250,30543,25886,1814,6563,572,17193,0,6,1774,1166,605,0,-451,-527,-809,1399,825,0
"2024-08-05",40,28344,30640,26017,1731,6563,257,17193,0,6,1739,1153,597,0,-451,-527,-812,1399,827,0
"2024-08-05",41,27969,30464,25694,1674,6563,43,17193,0,6,1932,823,578,1,-451,-527,-1011,1399,724,0
"2024-08-05",42,27293,29789,25102,1616,6563,0,17193,0,6,1608,792,570,0,-451,-526,-1013,1399,709,0
"2024-08-05",43,26808,28787,24671,1591,6563,0,17193,0,6,1579,433,332,0,-451,-527,-495,1399,440,0
"2024-08-05",44,25968,27929,23830,1565,6563,0,17193,0,10,1318,409,318,0,-451,-527,-473,1399,428,0
"2024-08-05",45,24779,27065,22736,1552,6563,0,17193,0,13,1321,372,396,0,-451,-526,-796,1399,628,0
"2024-08-05",46,23377,25600,21447,1538,6563,0,17193,0,12,1313,397,417,0,-404,-527,-780,1399,650,0
"2024-08-05",47,22037,23671,20182,1500,6563,0,17193,0,179,1059,1302,955,0,-428,-527,151,1399,975,0
"2024-08-05",48,21116,22769,19329,1462,6563,0,17193,0,174,937,1362,987,1,-452,-527,214,1399,997,0
"2024-08-06",1,20338,22021,18607,1528,6563,0,17193,0,205,817,1355,800,0,-451,-527,7,1399,998,0
"2024-08-06",2,19843,21773,18199,1593,6563,0,17193,0,545,751,1353,788,0,-359,-526,0,1399,997,0
"2024-08-06",3,19458,21404,17890,1554,6563,0,17193,0,628,500,1278,826,0,-291,-527,188,1399,997,0
"2024-08-06",4,19135,20893,17618,1515,6563,0,17193,0,439,-1,1271,833,0,-292,-527,195,1399,997,0
"2024-08-06",5,18978,20434,17488,1449,6563,0,17193,0,137,-82,1191,980,1,-292,-527,350,1399,997,0
"2024-08-06",6,18667,20124,17225,1383,6563,0,17193,0,138,-78,1187,990,1,-292,-527,355,1399,997,0
"2024-08-06",7,18530,19986,17124,1305,6563,0,17193,0,138,-149,1257,964,0,-292,-526,447,1399,997,0
"2024-08-06",8,18550,19942,17052,1227,6563,0,17193,0,83,-271,1262,962,1,-292,-517,449,1399,997,0
"2024-08-06",9,18170,19457,16665,1146,6563,0,17193,0,79,-280,1339,950,0,-292,-416,58,1399,997,0
"2024-08-06",10,18222,19627,16703,1065,6563,0,17193,0,160,-18,1344,951,0,-292,-453,40,1399,998,0
"2024-08-06",11,18278,20004,16722,1008,6563,0,17193,0,167,305,1366,989,0,-292,-448,-319,1399,998,0
"2024-08-06",12,19189,20673,17565,951,6563,1,17193,0,11,288,1366,992,0,-292,-349,-332,1399,997,0
"2024-08-06",13,20549,22264,18816,923,6563,84,17193,0,55,455,1368,992,0,-292,-459,-409,1399,997,0
"2024-08-06",14,22040,23688,20197,894,6563,346,17193,0,11,364,1367,992,0,-334,-452,-351,1398,997,0
"2024-08-06",15,23670,25144,21598,902,6563,942,17193,0,9,-57,1365,992,0,-444,-521,890,1398,997,0
"2024-08-06",16,24295,25784,22143,909,6563,1601,17193,0,10,-43,1365,992,0,-452,-527,999,1399,997,0
"2024-08-06",17,25309,26794,23050,967,6563,2254,17193,0,5,176,1364,992,0,-451,-529,999,1397,996,0
"2024-08-06",18,25419,26903,23197,1024,6563,2953,17193,0,2,343,1364,992,0,-452,-530,999,1397,997,0
"2024-08-06",19,25459,26939,23305,1089,6563,3498,17193,0,4,458,1365,992,0,-452,-524,1018,1397,996,0
"2024-08-06",20,25279,26640,23160,1154,6563,4200,17193,0,10,641,1365,992,0,-437,-414,1019,1397,996,0
"2024-08-06",21,25175,26281,23087,1287,6563,4827,17193,0,5,805,1365,992,0,-338,-263,1019,1397,997,0
"2024-08-06",22,25160,26191,23102,1419,6563,5362,17193,0,4,1024,1365,992,0,-415,-112,1019,1397,997,0
"2024-08-06",23,24887,25714,22843,1570,6563,5441,17193,0,9,1369,1318,992,0,-318,28,972,1397,996,0
"2024-08-06",24,24729,25416,22753,1721,6563,5981,17193,0,8,1687,1313,992,0,-179,5,970,1397,997,0
"2024-08-06",25,24532,25119,22635,1870,6563,6046,17193,0,7,2276,1175,992,0,-80,0,1018,1399,997,0
"2024-08-06",26,24305,24936,22469,2019,6563,5936,17193,0,8,2406,1167,992,0,-123,0,1019,1398,996,0
"2024-08-06",27,23747,24482,21968,2146,6563,6191,17193,0,9,2076,1166,992,0,-226,0,1019,1397,996,0
"2024-08-06",28,23229,24009,21511,2273,6563,6150,17193,0,7,2138,1166,992,0,-231,-42,1019,1397,996,0
"2024-08-06",29,23003,23861,21303,2363,6563,5914,17193,0,7,2413,1217,992,0,-231,-120,1000,1397,996,0
"2024-08-06",30,22893,23727,21219,2453,6563,6004,17193,0,7,2594,1221,992,0,-231,-96,999,1397,996,0
"2024-08-06",31,22426,23319,20763,2518,6563,6233,17193,0,10,2692,1287,992,0,-231,-152,975,1398,996,0
"2024-08-06",32,22573,23642,20939,2583,6563,6402,17193,0,170,2791,1292,992,0,-231,-168,974,1398,996,0
"2024-08-06",33,22764,23826,21103,2577,6563,5936,17193,0,202,2553,1359,992,0,-245,-115,723,1398,997,0
"2024-08-06",34,23477,24628,21781,2570,6563,5291,17193,0,88,2459,1363,992,0,-370,-193,691,1398,996,0
"2024-08-06",35,24243,25555,22533,2531,6563,4479,17193,0,10,2689,1363,992,0,-451,-186,-165,1398,997,0
"2024-08-06",36,24964,26482,23166,2491,6563,3876,17193,0,11,2631,1363,992,0,-451,-330,-226,1398,995,0
"2024-08-06",37,25539,27775,23718,2364,6563,2937,17193,0,8,2770,1365,992,0,-452,-466,-810,1398,928,0
"2024-08-06",38,26206,28505,24348,2236,6563,2195,17193,0,6,2580,1365,990,0,-451,-504,-838,1398,925,0
"2024-08-06",39,26343,28647,24489,2065,6563,1339,17193,0,6,2554,1368,923,0,-410,-373,-1015,1397,993,0
"2024-08-06",40,26675,29077,24867,1893,6563,632,17193,0,6,2654,1369,921,0,-451,-424,-1021,1398,997,0
"2024-08-06",41,27052,29299,25202,1842,6563,161,17193,0,4,2457,1366,988,0,-451,-524,-768,1397,996,0
"2024-08-06",42,26562,28739,24738,1791,6563,2,17193,0,7,2247,1366,990,0,-390,-527,-753,1397,994,0
"2024-08-06",43,26673,28247,24818,1782,6563,0,17193,0,7,2307,1363,924,0,-351,-527,-189,1397,951,0
"2024-08-06",44,26026,27575,24166,1773,6563,0,17193,0,7,2230,1363,919,0,-351,-526,-165,1397,945,0
"2024-08-06",45,24766,26578,22942,1773,6563,0,17193,0,11,2359,1354,896,0,-312,-526,-463,1397,850,0
"2024-08-06",46,23308,25079,21616,1772,6563,0,17193,0,11,2152,1366,897,0,-302,-527,-431,1397,848,0
"2024-08-06",47,21994,23267,20422,1755,6563,0,17193,0,13,2215,1968,986,0,-239,-521,652,1397,987,0
"2024-08-06",48,20809,21996,19355,1738,6563,0,17193,0,60,2045,2004,992,0,-201,-426,731,1397,997,0
"2024-08-07",1,19847,21418,18431,1660,6563,0,17193,0,435,1771,2005,991,0,-201,-435,284,1398,997,0
"2024-08-07",2,19447,21238,18153,1582,6563,0,17193,0,594,1960,2000,990,0,-201,-496,264,1399,997,0
"2024-08-07",3,18916,20760,17676,1613,6563,0,17193,0,593,2035,1726,947,0,-201,-465,-85,1399,997,0
"2024-08-07",4,18636,20478,17454,1644,6563,0,17193,0,602,2225,1710,946,0,-201,-437,-102,1391,997,0
"2024-08-07",5,18628,20584,17506,1659,6563,0,17193,0,299,2352,1599,989,0,-230,-391,-536,1298,997,0
"2024-08-07",6,18140,20502,17002,1673,6563,0,17193,0,647,2490,1600,991,0,-251,-407,-557,1257,997,0
"2024-08-07",7,17508,20230,16461,1709,6563,0,17193,0,703,2626,1780,992,0,-251,-268,-1000,883,997,0
"2024-08-07",8,17439,20025,16381,1745,6563,0,17193,0,575,2697,1788,991,0,-251,-242,-1018,833,997,0
"2024-08-07",9,17292,19780,16331,1738,6563,0,17193,0,601,2732,1526,991,0,-251,-115,-1021,781,998,0
"2024-08-07",10,17211,19755,16265,1730,6563,0,17193,0,672,2803,1503,989,0,-251,-100,-1021,775,997,0
"2024-08-07",11,17643,19541,16697,1797,6563,0,17193,0,52,2915,1145,896,0,-251,-74,-1021,780,998,0
"2024-08-07",12,18002,19873,17020,1864,6563,7,17193,0,21,3078,1140,892,1,-251,-79,-1020,810,997,0
"2024-08-07",13,19508,21460,18454,1964,6563,199,17193,0,21,3026,1957,985,0,-251,-159,-1021,1184,997,0
"2024-08-07",14,20602,22577,19513,2063,6563,670,17193,0,19,3097,2008,992,0,-251,-186,-1019,1241,997,0
"2024-08-07",15,21874,23703,20667,2296,6563,1247,17193,0,17,3144,1996,988,0,-320,-337,-655,1380,997,0
"2024-08-07",16,22540,24621,21272,2528,6563,1801,17193,0,17,3186,1994,988,0,-440,-484,-640,1388,996,0
"2024-08-07",17,23221,24897,21952,2763,6563,2639,17193,0,7,3364,1952,987,1,-451,-475,-243,1280,996,0
"2024-08-07",18,23454,25150,22098,2998,6563,3262,17193,0,6,3293,1949,987,0,-451,-524,-215,1241,997,0
"2024-08-07",19,23483,25189,22110,3190,6563,3709,17193,0,6,3396,2001,991,0,-451,-529,-220,871,996,0
"2024-08-07",20,23361,25073,21942,3381,6563,4378,17193,0,12,3438,2005,992,0,-451,-529,-220,793,996,0
"2024-08-07",21,23022,24514,21645,3420,6563,5103,17193,0,12,3476,2005,991,0,-451,-529,104,422,996,0
"2024-08-07",22,22796,24291,21333,3459,6563,4810,17193,0,15,3235,2004,991,0,-451,-529,126,351,996,0
"2024-08-07",23,23150,24648,21686,3534,6563,4820,17193,0,65,3264,2003,992,0,-451,-482,528,110,996,0
"2024-08-07",24,23212,24798,21795,3608,6563,4986,17193,0,123,3438,2003,991,0,-451,-512,558,71,996,0
"2024-08-07",25,23326,25107,21874,3657,6563,4792,17193,0,323,3282,2004,991,0,-451,-507,443,15,997,0
"2024-08-07",26,23236,25134,21821,3705,6563,4788,17193,0,419,3271,2003,992,0,-451,-528,434,8,996,0
"2024-08-07",27,23179,25242,21757,3753,6563,5186,17193,0,583,3120,1865,992,0,-451,-529,757,30,996,0
"2024-08-07",28,22806,24953,21424,3801,6563,4594,17193,0,668,2992,1854,992,0,-451,-528,779,29,997,0
"2024-08-07",29,22697,24698,21327,3790,6563,4198,17193,0,470,2983,1810,992,0,-451,-528,326,-52,997,0
"2024-08-07",30,22841,24959,21481,3779,6563,4663,17193,0,604,3059,1807,992,1,-451,-509,295,-54,996,0
"2024-08-07",31,23117,25242,21749,3750,6563,4254,17193,0,647,3052,1805,992,0,-451,-527,907,88,996,0
"2024-08-07",32,23195,25260,21855,3721,6563,3773,17193,0,587,3006,1808,992,0,-451,-527,954,132,996,0
"2024-08-07",33,23642,25721,22220,3583,6563,3139,17193,0,601,2824,1987,992,0,-451,-527,742,503,996,0
"2024-08-07",34,24489,26068,23015,3444,6563,2643,17193,0,128,2904,2003,992,0,-451,-500,726,581,996,0
"2024-08-07",35,25497,26772,23902,3299,6563,2307,17193,0,11,2934,2003,992,0,-395,-369,542,951,996,0
"2024-08-07",36,25924,27254,24299,3153,6563,1798,17193,0,11,2657,2003,992,0,-446,-373,528,1027,996,0
"2024-08-07",37,26508,27722,24914,2963,6563,1424,17193,0,8,3047,2004,992,0,-452,-254,77,1349,996,0
"2024-08-07",38,26700,27976,25165,2772,6563,1072,17193,0,8,3008,2004,992,0,-452,-316,38,1397,996,0
"2024-08-07",39,26445,28489,24999,2555,6563,698,17193,0,2,2897,2005,992,1,-452,-444,-646,1397,996,0
"2024-08-07",40,26393,28509,24960,2338,6563,320,17193,0,6,3115,2005,992,0,-452,-459,-699,1397,996,0
"2024-08-07",41,26219,28457,24739,2204,6563,112,17193,0,1,2908,2006,992,0,-452,-527,-758,1397,996,0
"2024-08-07",42,25743,27985,24279,2070,6563,0,17193,0,1,2626,2007,992,0,-452,-527,-762,1397,996,0
"2024-08-07",43,25575,27590,24062,2018,6563,0,17193,0,1,2596,2005,992,0,-452,-527,-535,1398,996,0
"2024-08-07",44,24819,26819,23273,1965,6563,0,17193,0,2,2514,2005,992,0,-452,-527,-519,1398,996,0
"2024-08-07",45,23547,25924,22140,1948,6563,0,17193,0,8,2570,2007,992,1,-451,-526,-892,1398,996,0
"2024-08-07",46,22384,24793,21055,1931,6563,0,17193,0,14,2394,2007,992,1,-451,-526,-918,1398,997,0
"2024-08-07",47,21068,23515,19864,1901,6563,0,17193,0,12,2285,2008,992,0,-393,-527,-1015,1399,997,0
"2024-08-07",48,20468,22885,19297,1870,6563,0,17193,0,18,2111,2008,992,0,-351,-527,-1021,1375,997,0
"2024-08-08",1,19476,22402,18320,1809,6563,0,17193,0,528,1661,2007,992,0,-351,-526,-1021,1004,996,0
"2024-08-08",2,18994,22138,17868,1747,6563,0,17193,0,745,1675,2008,992,0,-351,-527,-1021,935,997,0
"2024-08-08",3,18805,21750,17697,1738,6563,0,17193,0,570,1705,2008,992,0,-351,-527,-997,705,997,0
"2024-08-08",4,18331,21703,17194,1728,6563,0,17193,0,999,1460,2008,992,0,-351,-527,-995,647,998,0
"2024-08-08",5,18056,21377,16947,1707,6563,0,17193,0,991,1375,2008,992,0,-351,-526,-953,277,997,0
"2024-08-08",6,17806,21047,16792,1685,6563,0,17193,0,913,1490,2008,992,0,-351,-527,-950,237,997,0
"2024-08-08",7,17509,20773,16509,1668,6563,0,17193,0,917,1460,2008,992,0,-351,-527,-969,466,997,0
"2024-08-08",8,17475,20792,16463,1651,6563,0,17193,0,969,1403,2008,992,1,-351,-527,-970,523,997,0
"2024-08-08",9,17346,20597,16292,1597,6563,0,17193,0,855,1362,2008,991,0,-351,-527,-1018,894,997,0
"2024-08-08",10,17420,20562,16365,1542,6563,0,17193,0,743,1444,2008,992,0,-351,-527,-1021,972,997,0
"2024-08-08",11,18086,21070,16916,1509,6563,0,17193,0,585,1490,2008,992,0,-351,-527,-1021,1343,997,0
"2024-08-08",12,18234,21205,17029,1476,6563,4,17193,0,513,1309,2008,991,1,-410,-527,-1021,1397,997,0
"2024-08-08",13,19802,21961,18417,1460,6563,174,17193,0,31,1011,2007,992,0,-451,-526,-651,1397,997,0
"2024-08-08",14,20886,22963,19384,1443,6563,644,17193,0,14,988,2007,992,0,-452,-527,-584,1397,997,0
"2024-08-08",15,22701,24187,20958,1472,6563,1194,17193,0,8,866,2003,992,1,-451,-527,637,1397,997,0
"2024-08-08",16,23614,25098,21728,1501,6563,1986,17193,0,6,795,2003,992,0,-451,-527,770,1397,997,0
"2024-08-08",17,24497,25983,22422,1589,6563,2842,17193,0,7,963,2003,992,0,-452,-527,984,1397,997,0
"2024-08-08",18,24785,26270,22683,1676,6563,3585,17193,0,6,896,2002,992,0,-452,-527,999,1397,996,0
"2024-08-08",19,24759,26243,22560,1749,6563,4311,17193,0,5,834,1913,992,0,-452,-527,1018,1397,997,0
"2024-08-08",20,24606,26089,22366,1822,6563,4744,17193,0,5,734,1905,992,0,-451,-527,1019,1397,997,0
"2024-08-08",21,24533,26018,22272,1919,6563,5002,17193,0,5,544,1860,992,0,-452,-528,1019,1397,997,0
"2024-08-08",22,24820,26303,22523,2015,6563,4770,17193,0,5,421,1856,992,0,-451,-527,1019,1397,995,0
"2024-08-08",23,25154,26638,22836,2162,6563,4451,17193,0,5,490,1853,992,0,-452,-527,1019,1397,861,0
"2024-08-08",24,25502,26986,23184,2309,6563,4221,17193,0,5,609,1849,992,0,-452,-527,1019,1397,851,0
"2024-08-08",25,26032,27515,23644,2437,6563,4100,17193,0,5,562,1532,992,0,-451,-527,1019,1397,984,0
"2024-08-08",26,26208,27692,23760,2564,6563,3578,17193,0,5,516,1505,992,0,-452,-527,1019,1397,995,0
"2024-08-08",27,26216,27703,23687,2595,6563,3130,17193,0,8,642,1504,992,0,-452,-527,1019,1397,909,0
"2024-08-08",28,26144,27632,23635,2625,6563,3004,17193,0,9,593,1504,992,0,-452,-527,1019,1397,901,0
"2024-08-08",29,26229,27713,23745,2624,6563,2705,17193,0,7,312,1555,992,0,-451,-526,1001,1397,851,0
"2024-08-08",30,26357,27841,23905,2622,6563,2542,17193,0,7,306,1557,992,0,-451,-526,999,1399,847,0
"2024-08-08",31,26411,27897,23951,2651,6563,1947,17193,0,7,198,1463,992,0,-452,-527,999,1399,942,0
"2024-08-08",32,26508,27945,24085,2679,6563,1727,17193,0,4,119,1455,992,1,-452,-481,999,1399,952,0
"2024-08-08",33,26647,28086,24203,2680,6563,1509,17193,0,10,-125,1457,992,0,-451,-478,999,1399,992,0
"2024-08-08",34,27176,28474,24653,2681,6563,1226,17193,0,10,-88,1456,992,1,-451,-337,999,1399,995,0
"2024-08-08",35,27870,29114,25267,2685,6563,1022,17193,0,15,-15,1366,992,0,-452,-277,999,1399,952,0
"2024-08-08",36,28301,29529,25639,2688,6563,804,17193,0,12,126,1363,992,0,-414,-302,904,1399,948,0
"2024-08-08",37,28047,29819,25482,2699,6563,634,17193,0,12,775,1957,992,0,-342,-209,-709,1399,992,0
"2024-08-08",38,27834,29756,25318,2710,6563,392,17193,0,9,629,2007,992,0,-302,-174,-937,1399,996,0
"2024-08-08",39,27616,29625,25135,2737,6563,243,17193,0,9,837,2006,992,0,-301,-183,-1016,1399,996,0
"2024-08-08",40,27639,29537,25094,2763,6563,95,17193,0,9,905,2007,992,0,-270,-97,-1022,1399,996,0
"2024-08-08",41,27089,29097,24637,2779,6563,10,17193,0,9,820,2006,992,0,-262,-215,-1022,1399,996,0
"2024-08-08",42,26586,28714,24241,2794,6563,0,17193,0,9,571,1992,989,0,-262,-336,-1021,1399,996,0
"2024-08-08",43,25925,28058,23648,2841,6563,0,17193,0,4,413,1095,776,0,-262,-346,-1021,1399,997,0
"2024-08-08",44,24878,27016,22747,2888,6563,0,17193,0,8,413,1015,752,0,-262,-347,-1021,1375,993,0
"2024-08-08",45,23592,25733,21560,2962,6563,0,17193,0,8,635,1258,489,0,-264,-348,-1021,1004,753,0
"2024-08-08",46,22212,24700,20307,3036,6563,0,17193,0,161,746,1250,462,0,-365,-441,-1021,926,725,0
"2024-08-08",47,20600,23216,18867,3117,6563,0,17193,0,182,1434,148,275,0,-387,-526,-1021,554,329,0
"2024-08-08",48,19685,22860,18171,3197,6563,0,17193,0,825,1909,43,255,0,-302,-527,-1021,476,293,0
"2024-08-09",1,18755,22900,17477,3258,6563,0,17193,0,959,2664,-836,115,1,-302,-527,-1021,105,212,0
"2024-08-09",2,18174,22467,17079,3319,6563,0,17193,0,1011,2667,-933,102,0,-302,-526,-1021,25,204,0
"2024-08-09",3,17561,22196,16683,3384,6563,0,17193,0,1015,2804,-981,46,0,-301,-526,-962,-350,166,0
"2024-08-09",4,17125,21825,16386,3448,6563,0,17193,0,1001,3247,-985,35,0,-301,-526,-958,-429,159,0
"2024-08-09",5,16804,22179,16127,3443,6563,0,17193,0,1006,3258,-1090,-262,0,-302,-527,-860,-812,-16,0
"2024-08-09",6,16453,21902,15806,3437,6563,0,17193,0,952,3196,-1097,-291,0,-302,-527,-853,-893,-34,0
"2024-08-09",7,16049,22017,15407,3415,6563,0,17193,0,991,3438,-984,-356,0,-302,-527,-911,-1282,-115,0
"2024-08-09",8,16203,22117,15516,3393,6563,0,17193,0,871,3526,-975,-359,0,-301,-526,-915,-1346,-121,0
"2024-08-09",9,16274,22010,15617,3337,6563,0,17193,0,861,3639,-861,-154,0,-302,-527,-1000,-1438,-93,0
"2024-08-09",10,16276,22113,15648,3280,6563,0,17193,0,978,3779,-855,-132,0,-301,-526,-1005,-1449,-91,0
"2024-08-09",11,16603,22376,15973,3197,6563,0,17193,0,727,3904,-1140,10,0,-302,-527,-1020,-1409,-148,0
"2024-08-09",12,16858,22597,16246,3114,6563,0,17193,0,720,3863,-1144,24,0,-301,-526,-1021,-1378,-149,0
"2024-08-09",13,18390,22625,17692,3087,6563,67,17193,0,771,3707,-144,103,0,-302,-527,-1004,-987,68,0
"2024-08-09",14,19490,23014,18671,3059,6563,383,17193,0,169,3381,-55,115,0,-366,-526,-1003,-905,96,0
"2024-08-09",15,21324,24285,20325,3216,6563,797,17193,0,306,3685,81,414,0,-392,-470,-771,-522,566,0
"2024-08-09",16,22147,24919,21031,3372,6563,1548,17193,0,302,4054,90,441,1,-352,-430,-747,-441,605,0
"2024-08-09",17,23076,24728,21882,3553,6563,2187,17193,0,305,3958,622,397,0,-352,-429,5,-66,494,0
"2024-08-09",18,23327,24892,22047,3733,6563,3187,17193,0,283,3900,675,393,0,-352,-430,67,13,479,0
"2024-08-09",19,23194,24956,21933,3855,6563,3978,17193,0,482,3922,860,383,0,-351,-429,17,386,160,0
"2024-08-09",20,22441,24428,21120,3977,6563,4974,17193,0,707,3718,866,383,0,-351,-429,14,435,131,0
"2024-08-09",21,21569,23624,20298,3998,6563,5931,17193,0,775,3393,128,405,0,-351,-429,222,347,134,0
"2024-08-09",22,20857,23092,19588,4018,6563,7104,17193,0,903,3326,71,404,0,-377,-455,237,330,137,0
"2024-08-09",23,20140,22507,18889,4052,6563,7826,17193,0,954,3225,238,194,0,-387,-526,209,262,318,0
"2024-08-09",24,19738,21991,18472,4086,6563,8693,17193,0,962,3458,254,177,0,-264,-527,207,232,334,0
"2024-08-09",25,19121,21475,17920,4119,6563,9293,17193,0,947,3301,325,320,0,-252,-527,-50,-78,334,0
"2024-08-09",26,18766,21046,17538,4151,6563,9800,17193,0,809,3342,319,325,0,-252,-527,-69,-123,331,0
"2024-08-09",27,18025,21082,16834,4168,6563,10323,17193,0,951,3269,-500,-223,0,-252,-527,185,-104,133,0
"2024-08-09",28,17802,20978,16635,4185,6563,10137,17193,0,936,3378,-593,-277,0,-252,-527,203,-91,112,0
"2024-08-09",29,17495,21153,16451,4181,6563,9664,17193,0,936,3309,-900,-432,0,-252,-526,457,48,-112,0
"2024-08-09",30,17309,20968,16329,4177,6563,9249,17193,0,883,3315,-928,-441,0,-252,-527,475,68,-128,0
"2024-08-09",31,17676,20879,16625,4173,6563,8724,17193,0,778,3172,-1103,-45,0,-251,-526,729,52,51,0
"2024-08-09",32,17909,21131,16829,4169,6563,7861,17193,0,819,2976,-1116,-9,0,-251,-527,747,73,68,0
"2024-08-09",33,18611,21543,17533,4074,6563,7160,17193,0,802,2730,-806,-55,0,-251,-518,814,444,121,0
"2024-08-09",34,19717,22212,18593,3979,6563,6241,17193,0,486,3118,-764,-60,0,-251,-434,813,523,132,0
"2024-08-09",35,21277,22764,20087,3845,6563,5283,17193,0,116,3421,153,-105,0,-251,-515,116,893,490,0
"2024-08-09",36,22205,23596,20970,3711,6563,4059,17193,0,13,3601,262,-101,0,-250,-527,53,971,521,0
"2024-08-09",37,23287,25273,22021,3440,6563,3075,17193,0,3,3477,709,379,0,-251,-527,-705,1342,546,0
"2024-08-09",38,23999,26044,22769,3168,6563,2207,17193,0,0,3335,747,432,0,-251,-527,-767,1397,553,0
"2024-08-09",39,24586,26866,23389,2899,6563,1273,17193,0,0,3263,1007,909,0,-250,-526,-1004,1397,841,0
"2024-08-09",40,24742,27041,23514,2630,6563,512,17193,0,0,3379,1027,952,0,-251,-527,-1021,1397,867,0
"2024-08-09",41,24621,26920,23327,2512,6563,92,17193,0,0,3479,819,907,0,-251,-527,-1021,1397,910,0
"2024-08-09",42,24444,26742,23200,2393,6563,0,17193,0,0,3537,796,901,0,-250,-527,-1021,1397,914,0
"2024-08-09",43,24248,26546,22945,2391,6563,0,17193,0,0,3568,280,773,0,-250,-527,-1021,1397,914,0
"2024-08-09",44,24038,26337,22661,2389,6563,0,17193,0,0,3413,237,761,0,-251,-527,-1021,1397,913,0
"2024-08-09",45,23340,25643,21952,2377,6563,0,17193,0,0,3320,659,747,0,-255,-527,-1021,1397,829,0
"2024-08-09",46,22319,24731,21036,2365,6563,0,17193,0,0,3340,699,740,0,-364,-527,-1021,1397,815,0
"2024-08-09",47,20550,23042,19486,2348,6563,0,17193,0,7,2969,1151,375,0,-437,-527,-1021,1398,393,0
"2024-08-09",48,19581,22039,18627,2330,6563,0,17193,0,10,3123,1184,341,0,-400,-527,-1021,1397,355,0
"2024-08-10",1,18907,21337,18059,2261,6563,0,17193,0,13,3143,831,314,0,-369,-527,-1021,1398,318,0
"2024-08-10",2,18523,21001,17696,2191,6563,0,17193,0,86,3001,795,310,0,-345,-526,-1021,1381,315,0
"2024-08-10",3,17940,20723,17163,2204,6563,0,17193,0,418,3133,329,245,0,-317,-527,-1021,1130,351,0
"2024-08-10",4,17775,20491,17064,2216,6563,0,17193,0,368,3121,288,236,0,-300,-527,-1021,1071,354,0
"2024-08-10",5,17186,19974,16526,2198,6563,0,17193,0,344,3157,-82,136,0,-314,-527,-1021,722,282,0
"2024-08-10",6,16975,19792,16306,2179,6563,0,17193,0,346,3277,-122,123,0,-301,-527,-1021,668,275,0
"2024-08-10",7,16620,19528,16001,2171,6563,0,17193,0,344,3135,-155,-81,0,-281,-526,-1021,623,258,0
"2024-08-10",8,16365,19575,15682,2163,6563,0,17193,0,624,3179,-157,-101,0,-280,-527,-1021,622,254,0
"2024-08-10",9,16347,19533,15692,2144,6563,0,17193,0,674,3338,-67,-118,0,-280,-527,-1020,701,115,0
"2024-08-10",10,16246,19366,15618,2125,6563,0,17193,0,618,3572,-56,-119,0,-280,-527,-1020,718,102,0
"2024-08-10",11,16297,19291,15705,2103,6563,0,17193,0,613,3622,69,-101,0,-280,-527,-973,795,49,0
"2024-08-10",12,16374,19362,15767,2080,6563,0,17193,0,614,3604,74,-97,0,-280,-527,-970,812,47,0
"2024-08-10",13,16981,20152,16321,2065,6563,108,17193,0,814,3420,376,93,0,-312,-527,-1018,886,258,0
"2024-08-10",14,17466,20326,16748,2049,6563,397,17193,0,470,3369,401,107,0,-341,-528,-1021,903,281,0
"2024-08-10",15,18486,20824,17715,2115,6563,824,17193,0,32,3552,324,-84,0,-370,-527,-825,994,504,0
"2024-08-10",16,18846,21167,18064,2181,6563,1317,17193,0,15,3535,316,-96,0,-397,-528,-785,996,529,0
"2024-08-10",17,19881,21363,19027,2289,6563,1764,17193,0,16,3361,157,308,0,-439,-527,277,810,814,0
"2024-08-10",18,20373,21867,19454,2396,6563,2188,17193,0,15,3552,147,351,0,-451,-528,381,781,841,0
"2024-08-10",19,21088,22581,20078,2486,6563,2630,17193,0,13,3443,602,656,0,-452,-528,685,748,963,0
"2024-08-10",20,21142,22634,20122,2575,6563,3204,17193,0,13,3474,640,684,0,-451,-528,707,757,974,0
"2024-08-10",21,21353,22845,20222,2634,6563,3619,17193,0,13,3310,847,685,0,-452,-527,998,978,997,0
"2024-08-10",22,21041,22537,19961,2693,6563,4159,17193,0,18,3390,867,689,0,-451,-527,1019,1031,999,0
"2024-08-10",23,21473,23476,20364,2749,6563,4132,17193,0,524,3224,1332,966,0,-452,-527,1019,1350,998,0
"2024-08-10",24,21220,23408,20139,2804,6563,4794,17193,0,709,3239,1370,992,0,-452,-527,1019,1397,998,0
"2024-08-10",25,20893,23261,19877,2818,6563,4523,17193,0,854,3268,1372,992,-35,-451,-528,1019,1397,998,0
"2024-08-10",26,20791,23008,19819,2831,6563,4663,17193,0,738,3243,1369,986,0,-452,-527,1019,1397,997,0
"2024-08-10",27,20222,22489,19273,2824,6563,4896,17193,0,789,3170,978,592,0,-451,-527,1019,1385,945,0
"2024-08-10",28,19827,22248,18907,2817,6563,4905,17193,0,942,3341,947,553,0,-452,-527,1019,1360,941,0
"2024-08-10",29,19221,21593,18360,2790,6563,5415,17193,0,932,3366,888,385,0,-413,-527,1001,988,995,0
"2024-08-10",30,18775,21144,17895,2762,6563,5729,17193,0,941,3323,873,368,0,-401,-527,999,944,996,0
"2024-08-10",31,18117,20409,17323,2708,6563,5588,17193,0,864,3262,165,285,0,-401,-527,533,1107,784,0
"2024-08-10",32,18294,20638,17521,2653,6563,5970,17193,0,917,3400,103,274,0,-401,-526,498,1145,763,0
"2024-08-10",33,18913,21080,18087,2554,6563,5487,17193,0,701,3221,362,36,0,-439,-527,532,1365,640,0
"2024-08-10",34,19580,21560,18669,2454,6563,5161,17193,0,501,3065,391,26,0,-452,-527,534,1398,633,0
"2024-08-10",35,21016,22628,19946,2315,6563,4266,17193,0,135,3150,927,799,0,-451,-526,271,1398,901,0
"2024-08-10",36,22046,23535,20823,2176,6563,3535,17193,0,10,3194,982,873,0,-452,-527,252,1398,925,0
"2024-08-10",37,23225,25306,21928,1932,6563,2859,17193,0,6,3260,1332,974,-596,-452,-527,295,1398,992,0
"2024-08-10",38,23883,26105,22571,1687,6563,1799,17193,0,6,3334,1373,983,-739,-451,-526,296,1398,998,0
"2024-08-10",39,24028,26275,22682,1454,6563,1041,17193,0,1,3038,1374,992,-508,-452,-527,-259,1398,998,0
"2024-08-10",40,24303,26561,22914,1221,6563,404,17193,0,2,2927,1374,992,-478,-451,-527,-300,1398,997,0
"2024-08-10",41,24687,26338,23192,1104,6563,72,17193,0,0,2262,1373,992,-172,-452,-527,126,1398,998,0
"2024-08-10",42,25005,26615,23438,987,6563,0,17193,0,1,2211,1373,992,-131,-451,-527,159,1399,999,0
"2024-08-10",43,25028,27024,23442,929,6563,0,17193,0,1,2194,1372,992,-516,-452,-527,699,1399,998,0
"2024-08-10",44,24284,26293,22653,870,6563,0,17193,0,6,1999,1372,992,-524,-452,-527,740,1398,998,0
"2024-08-10",45,23096,25086,21418,829,6563,0,17193,0,2,1905,1372,986,-511,-451,-526,692,1398,998,0
"2024-08-10",46,22175,24146,20581,788,6563,0,17193,0,0,1810,1372,986,-509,-435,-527,688,1399,998,0
"2024-08-10",47,21362,23094,19808,757,6563,0,17193,0,3,1431,1359,992,-304,-399,-526,861,1399,999,0
"2024-08-10",48,20658,22351,19148,726,6563,0,17193,0,7,1659,1358,992,-278,-381,-527,873,1399,999,0
"2024-08-11",1,19796,21318,18325,686,6563,0,17193,0,8,1523,1361,992,-111,-377,-526,763,1399,999,0
"2024-08-11",2,19312,20815,17878,646,6563,0,17193,0,9,1538,1361,992,-104,-363,-527,755,1399,999,0
"2024-08-11",3,19049,20542,17587,614,6563,0,17193,0,10,1505,1359,992,-109,-347,-527,964,1399,999,0
"2024-08-11",4,18845,20313,17416,582,6563,0,17193,0,12,1548,1359,992,-109,-341,-506,979,1399,999,0
"2024-08-11",5,18447,20033,16989,566,6563,0,17193,0,12,1436,1359,992,-207,-341,-526,785,1399,999,0
"2024-08-11",6,17989,19579,16575,549,6563,0,17193,0,12,1211,1359,992,-214,-337,-527,771,1399,999,0
"2024-08-11",7,17588,19107,16212,536,6563,0,17193,0,12,924,1364,992,-218,-327,-462,727,1399,999,0
"2024-08-11",8,17541,18975,16135,522,6563,0,17193,0,10,912,1365,992,-220,-317,-387,723,1399,999,0
"2024-08-11",9,17158,18903,15814,528,6563,0,17193,0,10,786,1364,992,-421,-307,-507,726,1399,999,0
"2024-08-11",10,16979,18733,15697,533,6563,0,17193,0,13,755,1364,992,-416,-301,-524,726,1399,999,0
"2024-08-11",11,17046,18331,15726,527,6563,0,17193,0,62,879,1364,992,86,-293,-430,613,1399,1000,0
"2024-08-11",12,16849,18067,15516,521,6563,1,17193,0,15,766,1364,992,103,-282,-421,604,1399,999,0
"2024-08-11",13,17104,18467,15688,511,6563,130,17193,0,13,458,1365,992,-184,-282,-384,897,1399,998,0
"2024-08-11",14,17218,18488,15869,501,6563,526,17193,0,13,329,1365,992,-212,-290,-255,918,1399,999,0
"2024-08-11",15,17765,18897,16289,483,6563,1189,17193,0,13,274,1363,992,502,-306,-313,994,1399,999,0
"2024-08-11",16,18153,19223,16551,465,6563,1927,17193,0,13,230,1363,992,623,-325,-232,999,1399,999,0
"2024-08-11",17,18858,19848,17083,484,6563,2751,17193,0,11,343,1364,992,996,-346,-133,999,1399,999,0
"2024-08-11",18,19218,20143,17306,502,6563,3796,17193,0,8,307,1364,992,1002,-356,-61,999,1399,999,0
"2024-08-11",19,19312,20344,17265,532,6563,4905,17193,0,8,98,1363,992,1003,-400,-124,1018,1399,999,0
"2024-08-11",20,19160,20262,17063,561,6563,5965,17193,0,6,-45,1363,992,1002,-452,-144,1019,1399,999,0
"2024-08-11",21,19117,20072,16936,606,6563,6903,17193,0,6,-81,1364,992,1003,-431,-18,1019,1399,999,0
"2024-08-11",22,18706,19607,16510,650,6563,7802,17193,0,6,-305,1364,992,1003,-359,-36,1019,1399,999,0
"2024-08-11",23,18407,19122,16268,685,6563,8742,17193,0,6,-228,1362,992,731,-209,40,1019,1399,999,0
"2024-08-11",24,17886,18476,15915,720,6563,9375,17193,0,6,-239,1361,992,692,-84,4,1019,1399,999,0
"2024-08-11",25,17650,18211,15732,760,6563,9843,17193,0,61,-362,1363,992,693,37,0,1019,1399,998,0
"2024-08-11",26,17275,18154,15389,800,6563,9950,17193,0,343,-541,1363,992,693,-36,0,1019,1399,998,0
"2024-08-11",27,17152,18035,15265,864,6563,9803,17193,0,383,-723,1362,992,693,0,0,1019,1399,998,0
"2024-08-11",28,16760,17666,14905,928,6563,9703,17193,0,406,-757,1362,992,693,8,0,1019,1399,998,0
"2024-08-11",29,16677,17584,14860,1002,6563,9532,17193,0,407,-567,1362,992,693,88,0,1001,1399,998,0
"2024-08-11",30,16536,17596,14729,1075,6563,9285,17193,0,560,-552,1362,992,693,208,0,999,1399,998,0
"2024-08-11",31,16670,17860,14860,1173,6563,8509,17193,0,690,-306,1361,992,665,295,0,999,1399,998,0
"2024-08-11",32,17142,18242,15363,1271,6563,7857,17193,0,600,-91,1361,992,663,396,2,999,1399,998,0
"2024-08-11",33,17956,18868,16166,1439,6563,7021,17193,0,412,282,1361,992,690,400,65,999,1399,998,0
"2024-08-11",34,19116,19774,17275,1606,6563,6031,17193,0,158,618,1361,992,655,400,116,999,1399,998,0
"2024-08-11",35,20625,21470,18707,1678,6563,5137,17193,0,10,1412,1365,992,-335,400,96,784,1399,998,0
"2024-08-11",36,22023,22927,20064,1750,6563,4106,17193,0,6,1956,1365,992,-398,400,52,768,1399,997,0
"2024-08-11",37,22982,24429,21018,1733,6563,3089,17193,0,6,2622,1360,992,-941,400,97,465,1399,997,0
"2024-08-11",38,24024,25515,22075,1715,6563,2084,17193,0,6,3140,1361,992,-985,400,22,443,1397,997,0
"2024-08-11",39,24353,25868,22409,1794,6563,1191,17193,0,2,2990,1361,992,-1013,400,86,130,1397,997,0
"2024-08-11",40,24811,26326,22861,1872,6563,463,17193,0,1,3018,1361,992,-1014,400,101,100,1397,997,0
"2024-08-11",41,24710,26892,22749,2020,6563,65,17193,0,3,3184,1363,992,-1014,370,7,-665,1397,997,0
"2024-08-11",42,24746,26989,22769,2167,6563,0,17193,0,1,3212,1363,992,-1014,359,0,-728,1397,997,0
"2024-08-11",43,24663,26914,22700,2294,6563,0,17193,0,0,3078,1362,992,-1014,237,73,-737,1397,997,0
"2024-08-11",44,24218,26480,22377,2421,6563,0,17193,0,11,2905,1354,990,-1014,87,152,-737,1397,996,0
"2024-08-11",45,23019,25589,21328,2479,6563,0,17193,0,9,2833,848,827,-1014,-45,27,-1002,1397,997,0
"2024-08-11",46,22039,24951,20602,2536,6563,0,17193,0,126,2811,798,806,-1013,-194,-58,-1021,1373,996,0
"2024-08-11",47,20256,23540,18966,2564,6563,0,17193,0,400,2820,209,468,-1015,-266,-82,-1021,1004,887,0
"2024-08-11",48,19384,22975,18207,2591,6563,0,17193,0,776,2939,159,436,-1014,-279,-1,-1021,925,876,0
"2024-08-12",1,18679,22403,17562,2625,6563,0,17193,0,791,2912,-74,393,-1014,-279,-45,-1021,554,812,0
"2024-08-12",2,18346,22271,17265,2659,6563,0,17193,0,825,2866,-92,387,-1015,-279,-193,-1021,476,804,0
"2024-08-12",3,18199,22176,17122,2660,6563,0,17193,0,780,2922,-39,224,-1014,-279,-344,-1021,105,700,0
"2024-08-12",4,17939,22161,16906,2660,6563,0,17193,0,921,2902,-36,209,-1013,-250,-481,-1021,25,688,0
"2024-08-12",5,17437,22150,16524,2674,6563,0,17193,0,976,2900,-58,203,-1014,-267,-527,-1021,-350,498,0
"2024-08-12",6,17092,21898,16224,2688,6563,0,17193,0,978,3072,-58,205,-1014,-279,-527,-1021,-429,479,0
"2024-08-12",7,16912,22023,16097,2676,6563,0,17193,0,962,3291,488,331,-1015,-275,-527,-1021,-811,344,0
"2024-08-12",8,16910,22027,16167,2663,6563,0,17193,0,961,3426,540,339,-1013,-203,-526,-1021,-893,333,0
"2024-08-12",9,16523,22276,15778,2728,6563,0,17193,0,951,3475,-240,62,-1015,-273,-470,-1021,-1283,441,0
"2024-08-12",10,16704,22442,15965,2793,6563,0,17193,0,954,3374,-319,37,-1014,-279,-320,-1021,-1331,450,0
"2024-08-12",11,17201,22357,16447,2797,6563,0,17193,0,833,3549,128,143,-1015,-279,-327,-1021,-1181,454,0
"2024-08-12",12,17648,22856,16899,2800,6563,0,17193,0,916,3692,186,157,-1014,-279,-344,-1021,-1134,454,0
"2024-08-12",13,19447,24388,18566,2762,6563,124,17193,0,904,3598,635,409,-1014,-279,-476,-1021,-747,407,0
"2024-08-12",14,20706,25417,19717,2723,6563,475,17193,0,678,3524,679,437,-1014,-343,-488,-1021,-667,405,0
"2024-08-12",15,22246,26378,21100,2699,6563,947,17193,0,339,3400,1166,662,-1014,-447,-525,-1021,-286,634,0
"2024-08-12",16,23292,27018,22042,2674,6563,1478,17193,0,7,3289,1210,687,-1015,-451,-527,-1020,-206,660,0
"2024-08-12",17,24613,27584,23142,2649,6563,2130,17193,0,11,3132,1340,951,-1015,-451,-527,-467,168,964,0
"2024-08-12",18,24981,27911,23488,2623,6563,2965,17193,0,13,3238,1351,976,-1014,-451,-527,-425,228,991,0
"2024-08-12",19,25417,27806,23831,2569,6563,3703,17193,0,10,3484,1357,984,-901,-451,-527,74,317,946,0
"2024-08-12",20,24711,27019,23131,2514,6563,4438,17193,0,16,3188,1356,984,-814,-451,-527,114,330,944,0
"2024-08-12",21,24307,26253,22586,2473,6563,5185,17193,0,467,2629,1224,971,450,-452,-527,696,332,994,0
"2024-08-12",22,24142,26095,22333,2431,6563,5732,17193,0,475,2245,1215,970,549,-451,-527,741,354,998,0
"2024-08-12",23,24815,26761,22866,2388,6563,6055,17193,0,531,2010,1347,990,970,-388,-527,911,706,999,0
"2024-08-12",24,24878,27057,22829,2344,6563,6255,17193,0,871,1834,1358,992,1002,-281,-527,923,781,999,0
"2024-08-12",25,24738,26678,22640,2282,6563,6638,17193,0,661,1512,1358,992,1003,-252,-527,1013,1151,998,0
"2024-08-12",26,24538,26341,22517,2220,6563,6895,17193,0,524,1406,1358,991,1002,-252,-527,1019,1216,998,0
"2024-08-12",27,24584,26265,22611,2159,6563,6953,17193,0,402,1375,1357,948,1003,-252,-527,1017,1374,999,0
"2024-08-12",28,24639,26017,22669,2097,6563,7063,17193,0,99,1364,1356,942,1003,-252,-527,1017,1397,998,0
"2024-08-12",29,24287,25581,22389,2020,6563,7114,17193,0,16,1345,1308,839,1003,-252,-526,996,1397,998,0
"2024-08-12",30,23972,25265,22067,1943,6563,7353,17193,0,14,1230,1305,832,1003,-252,-527,994,1397,999,0
"2024-08-12",31,24046,25339,22102,1896,6563,7278,17193,0,14,1484,1356,978,892,-252,-527,770,1393,998,0
"2024-08-12",32,24479,25760,22515,1848,6563,6862,17193,0,13,1696,1156,992,809,-252,-516,753,1393,998,0
"2024-08-12",33,24541,25786,22625,1800,6563,6223,17193,0,12,1872,1001,988,-87,-226,-420,592,1397,998,0
"2024-08-12",34,25440,26778,23467,1751,6563,5445,17193,0,5,1624,1001,987,-114,-216,-503,580,1397,998,0
"2024-08-12",35,25965,28189,23855,1688,6563,4707,17193,0,9,1633,1001,992,-938,-251,-526,252,1397,998,0
"2024-08-12",36,27103,29413,24904,1624,6563,3826,17193,0,18,1792,1095,990,-1014,-251,-527,200,1397,998,0
"2024-08-12",37,27609,30816,25417,1477,6563,2925,17193,0,8,1753,1361,873,-1014,-251,-526,-908,1397,998,0
"2024-08-12",38,28313,31628,25986,1329,6563,2043,17193,0,2,1764,1361,864,-1015,-251,-526,-1021,1397,998,0
"2024-08-12",39,28638,31953,26364,1191,6563,1211,17193,0,1,1648,1259,980,-1015,-251,-527,-1021,1397,991,0
"2024-08-12",40,28609,31894,26333,1053,6563,502,17193,0,1,1521,1246,990,-1013,-251,-499,-1021,1397,991,0
"2024-08-12",41,28559,31755,26264,1016,6563,77,17193,0,1,1358,896,905,-1015,-251,-503,-926,1398,988,0
"2024-08-12",42,28188,31257,25851,979,6563,0,17193,0,3,1577,865,899,-1014,-251,-401,-900,1397,988,0
"2024-08-12",43,28241,30139,25872,993,6563,0,17193,0,1,1118,1080,979,-651,-250,-496,74,1398,960,0
"2024-08-12",44,27460,29223,25124,1007,6563,0,17193,0,6,1120,1095,985,-583,-238,-436,165,1399,958,0
"2024-08-12",45,26287,27642,24106,1014,6563,0,17193,0,6,1242,830,836,-402,-161,-286,92,1398,928,0
"2024-08-12",46,25013,26208,23065,1020,6563,0,17193,0,9,1504,815,825,-389,-163,-134,87,1399,926,0
"2024-08-12",47,23242,24343,21411,1027,6563,0,17193,0,12,1344,1298,932,-463,-126,14,496,1399,960,0
"2024-08-12",48,22163,23144,20454,1034,6563,0,17193,0,10,1777,1339,939,-471,25,129,525,1399,964,0
"2024-08-13",1,21149,22480,19485,1006,6563,0,17193,0,4,1769,1193,706,-827,174,248,37,1399,996,0
"2024-08-13",2,20623,21965,19049,978,6563,0,17193,0,9,1853,1180,683,-833,324,150,1,1399,998,0
"2024-08-13",3,20294,21793,18799,997,6563,0,17193,0,4,1881,788,610,-995,400,96,537,1398,998,0
"2024-08-13",4,20243,21764,18748,1015,6563,0,17193,0,8,2217,757,599,-1013,399,41,577,1398,998,0
"2024-08-13",5,19586,21066,18163,1042,6563,0,17193,0,5,2134,778,403,-975,321,0,553,1398,998,0
"2024-08-13",6,19169,20701,17796,1069,6563,0,17193,0,61,2203,782,389,-971,323,0,551,1397,999,0
"2024-08-13",7,19317,20818,17994,1097,6563,0,17193,0,68,2381,975,732,-933,298,0,327,1397,993,0
"2024-08-13",8,18947,20450,17693,1125,6563,0,17193,0,72,2432,994,767,-931,221,0,295,1397,993,0
"2024-08-13",9,18775,20883,17572,1179,6563,0,17193,0,70,2792,1335,963,-910,346,26,-628,1397,993,0
"2024-08-13",10,18676,20857,17559,1233,6563,0,17193,0,62,3179,1365,981,-908,327,0,-711,1397,993,0
"2024-08-13",11,19119,21522,17906,1314,6563,0,17193,0,8,3405,1360,989,-1011,392,0,-884,1397,993,0
"2024-08-13",12,19485,21979,18274,1395,6563,0,17193,0,83,3622,1360,989,-1015,370,0,-896,1397,994,0
"2024-08-13",13,20777,23325,19459,1464,6563,138,17193,0,69,4148,1361,945,-1014,234,4,-965,1397,995,0
"2024-08-13",14,21603,24088,20187,1532,6563,708,17193,0,16,4119,1361,942,-1014,87,84,-955,1397,994,0
"2024-08-13",15,22991,24512,21445,1586,6563,1426,17193,0,8,3941,1360,952,-906,-61,10,-46,1397,944,0
"2024-08-13",16,23701,25299,22055,1639,6563,2158,17193,0,9,3952,1360,953,-819,-212,-58,47,1397,940,0
"2024-08-13",17,24507,25590,22722,1787,6563,3017,17193,0,10,3450,1360,979,283,-363,-210,921,1397,978,0
"2024-08-13",18,24282,25605,22585,1935,6563,4080,17193,0,11,3655,1360,981,336,-451,-361,999,1397,981,0
"2024-08-13",19,24457,25920,22615,2078,6563,4968,17193,0,11,3795,1363,991,900,-452,-500,985,1397,991,0
"2024-08-13",20,24075,25567,22235,2220,6563,5754,17193,0,11,3735,1363,992,943,-452,-529,983,1397,992,0
"2024-08-13",21,23326,24819,21560,2336,6563,6519,17193,0,11,3775,1363,988,696,-452,-530,1017,1397,998,0
"2024-08-13",22,22757,24249,21074,2452,6563,7215,17193,0,11,3812,1363,985,692,-451,-530,1019,1397,996,0
"2024-08-13",23,22322,23710,20650,2574,6563,7623,17193,0,11,3686,1360,810,981,-388,-489,1014,1397,856,0
"2024-08-13",24,22086,23416,20449,2696,6563,8348,17193,0,65,3605,1360,796,1001,-239,-526,1013,1397,844,0
"2024-08-13",25,21770,22963,20150,2806,6563,8814,17193,0,128,3526,1357,895,779,-114,-451,994,1397,775,0
"2024-08-13",26,21749,22954,20118,2916,6563,8685,17193,0,131,3473,1357,899,775,-100,-474,992,1397,766,0
"2024-08-13",27,21505,23119,19867,2938,6563,8819,17193,0,582,3684,1334,569,941,-101,-431,667,1397,629,0
"2024-08-13",28,21208,22874,19669,2960,6563,8697,17193,0,669,3644,1329,538,952,-101,-396,639,1397,620,0
"2024-08-13",29,21118,22161,19471,2935,6563,8052,17193,0,175,3493,1033,542,431,-100,-247,-21,1397,806,0
"2024-08-13",30,21609,22561,19936,2910,6563,7524,17193,0,182,3473,1008,546,384,-101,-95,-74,1397,822,0
"2024-08-13",31,21766,23002,20089,2857,6563,6920,17193,0,31,3151,944,775,-532,-101,-72,485,1397,761,0
"2024-08-13",32,22362,23755,20748,2804,6563,6047,17193,0,14,3279,941,798,-659,-100,-120,522,1397,759,0
"2024-08-13",33,23322,25066,21702,2704,6563,5224,17193,0,13,3553,1231,921,-802,-128,-162,-139,1397,974,0
"2024-08-13",34,25154,27118,23468,2604,6563,4190,17193,0,10,3509,1255,931,-812,-156,-292,-194,1397,991,0
"2024-08-13",35,26348,28952,24691,2506,6563,2937,17193,0,10,3568,1264,849,-926,-188,-211,-769,1397,852,0
"2024-08-13",36,27106,29694,25450,2408,6563,2282,17193,0,10,3727,1264,838,-931,-159,-177,-811,1397,839,0
"2024-08-13",37,27679,30618,26061,2250,6563,1648,17193,0,7,3874,1248,644,-1011,-88,-326,-1007,1398,800,0
"2024-08-13",38,27846,30906,26294,2091,6563,953,17193,0,6,3698,1247,623,-1014,-69,-450,-1021,1397,795,0
"2024-08-13",39,27889,31174,26362,1957,6563,443,17193,0,5,3615,1251,485,-1014,-218,-527,-1021,1397,753,0
"2024-08-13",40,27876,31208,26291,1823,6563,144,17193,0,2,3355,1252,476,-1013,-297,-499,-1021,1397,751,0
"2024-08-13",41,28033,31303,26352,1720,6563,20,17193,0,7,3238,1336,693,-891,-427,-527,-918,1397,813,0
"2024-08-13",42,27922,31198,26247,1617,6563,0,17193,0,7,3243,1343,709,-882,-450,-528,-909,1397,817,0
"2024-08-13",43,27453,30129,25824,1534,6563,0,17193,0,7,3071,1292,426,-800,-450,-527,-392,1397,688,0
"2024-08-13",44,26563,29198,24906,1450,6563,0,17193,0,9,2950,1288,403,-794,-450,-528,-354,1397,670,0
"2024-08-13",45,25330,27957,23763,1360,6563,0,17193,0,12,2758,1070,580,-747,-450,-528,-390,1397,278,0
"2024-08-13",46,24048,26660,22562,1270,6563,0,17193,0,12,2625,1054,595,-742,-437,-528,-393,1397,248,0
"2024-08-13",47,22718,24778,21235,1201,6563,0,17193,0,5,2426,1065,517,-715,-313,-527,40,1397,505,0
"2024-08-13",48,22120,24118,20675,1131,6563,0,17193,0,6,2582,1067,516,-713,-251,-528,71,1397,533,0
"2024-08-14",1,21278,23747,19841,1100,6622,0,17193,0,9,2582,1310,907,-818,-251,-528,-363,1397,831,0
"2024-08-14",2,20743,23522,19312,1069,6622,0,17193,0,281,2430,1329,944,-825,-250,-528,-395,1397,858,0
"2024-08-14",3,20449,23281,19005,1019,6622,0,17193,0,497,2131,1359,988,-831,-251,-527,-226,1397,914,0
"2024-08-14",4,20065,23387,18615,969,6622,0,17193,0,999,1929,1361,992,-831,-251,-527,-214,1398,920,0
"2024-08-14",5,19764,23337,18356,935,6622,0,17193,0,995,1933,1362,992,-909,-251,-527,-391,1398,980,0
"2024-08-14",6,19366,22743,17918,901,6622,0,17193,0,785,2091,1362,992,-912,-250,-527,-403,1398,986,0
"2024-08-14",7,19029,22622,17565,874,6622,0,17193,0,712,1921,1363,992,-983,-251,-527,-620,1398,973,0
"2024-08-14",8,18776,22389,17301,846,6622,0,17193,0,713,1929,1362,992,-986,-251,-527,-636,1398,971,0
"2024-08-14",9,18715,22614,17261,821,6622,0,17193,0,708,1863,1362,992,-1013,-250,-528,-900,1397,940,0
"2024-08-14",10,18606,22342,17109,795,6622,0,17193,0,524,1587,1363,992,-1015,-251,-527,-919,1397,938,0
"2024-08-14",11,19126,22588,17506,745,6622,0,17193,0,156,1699,1362,992,-1014,-250,-528,-1014,1397,993,0
"2024-08-14",12,19736,23206,18001,694,6622,0,17193,0,155,1751,1362,990,-1014,-251,-529,-1021,1397,997,0
"2024-08-14",13,21292,24661,19329,656,6622,26,17193,0,55,1517,1362,858,-1014,-251,-528,-1021,1397,954,0
"2024-08-14",14,22846,26169,20741,618,6622,264,17193,0,8,1287,1362,848,-1015,-251,-528,-1021,1397,950,0
"2024-08-14",15,24503,27886,22147,579,6622,636,17193,0,5,868,1364,979,-1014,-314,-529,-1021,1397,964,0
"2024-08-14",16,25339,28773,22867,540,6622,1263,17193,0,5,816,1364,992,-1013,-439,-529,-948,1397,967,0
"2024-08-14",17,26604,28563,24081,523,6622,1991,17193,0,6,179,1363,992,-474,-451,-528,512,1397,996,0
"2024-08-14",18,27046,28960,24499,506,6622,2718,17193,0,12,108,1363,992,-423,-451,-528,696,1397,999,0
"2024-08-14",19,26962,28455,24408,477,6622,3496,17193,0,14,43,1362,992,207,-451,-528,993,1397,999,0
"2024-08-14",20,26702,28195,24159,447,6622,4113,17193,0,14,94,1362,992,242,-451,-528,1014,1397,999,0
"2024-08-14",21,26165,27657,23656,444,6622,4856,17193,0,14,223,1362,992,377,-451,-527,1014,1397,999,0
"2024-08-14",22,25604,27058,23159,441,6622,5602,17193,0,12,257,1362,992,387,-435,-507,1014,1397,998,0
"2024-08-14",23,24796,26012,22423,460,6622,6432,17193,0,9,334,1364,992,668,-335,-372,1019,1397,999,0
"2024-08-14",24,24501,25656,22207,478,6622,6963,17193,0,9,464,1364,992,684,-425,-221,1019,1397,999,0
"2024-08-14",25,24733,25778,22490,524,6622,6906,17193,0,9,637,1364,991,310,-451,-85,957,1397,975,0
"2024-08-14",26,24698,25755,22493,569,6622,6739,17193,0,9,645,1364,991,301,-416,-132,952,1397,972,0
"2024-08-14",27,24467,25286,22367,642,6622,6158,17193,0,9,927,1355,992,-5,-275,-30,733,1397,996,0
"2024-08-14",28,24108,25335,22120,714,6622,5502,17193,0,9,977,1354,992,-470,-248,0,716,1397,998,0
"2024-08-14",29,24214,25626,22355,788,6622,5371,17193,0,6,1247,1361,992,-729,-177,0,894,1398,998,0
"2024-08-14",30,24343,25689,22582,861,6622,5380,17193,0,13,1492,1361,992,-736,-97,0,906,1398,997,0
"2024-08-14",31,24125,25700,22380,941,6622,5250,17193,0,13,1693,1370,992,-1010,-52,0,530,1397,998,0
"2024-08-14",32,24212,25793,22390,1020,6622,4982,17193,0,14,1714,1370,992,-1014,-53,0,502,1398,997,0
"2024-08-14",33,24816,26342,22965,1090,6622,4482,17193,0,12,2193,1361,992,-1014,21,0,57,1398,998,0
"2024-08-14",34,25548,27077,23642,1159,6622,4062,17193,0,14,2455,1359,992,-1015,154,0,23,1397,998,0
"2024-08-14",35,26227,28239,24250,1229,6622,3228,17193,0,15,2631,1358,992,-1015,304,62,-482,1397,999,0
"2024-08-14",36,27108,29155,25088,1298,6622,2613,17193,0,13,2693,1358,992,-1014,308,202,-520,1381,999,0
"2024-08-14",37,27611,30113,25642,1308,6622,2078,17193,0,2,2998,1362,992,-1014,325,139,-986,1111,999,0
"2024-08-14",38,27816,30356,25853,1318,6622,1364,17193,0,5,2991,1362,992,-1014,331,161,-1021,1076,998,0
"2024-08-14",39,28116,30653,26170,1338,6622,748,17193,0,2,2953,1362,992,-1014,255,136,-1021,1156,997,0
"2024-08-14",40,28187,30729,26293,1358,6622,247,17193,0,6,3070,1362,992,-1015,217,216,-1021,1179,996,0
"2024-08-14",41,28324,30864,26496,1424,6622,16,17193,0,6,3063,1358,992,-1013,209,252,-1021,1369,908,0
"2024-08-14",42,28033,30576,26311,1489,6622,0,17193,0,8,2991,1354,986,-1014,61,252,-1021,1397,898,0
"2024-08-14",43,27617,30148,25954,1584,6622,0,17193,0,10,3300,1026,582,-942,-63,252,-1016,1398,699,0
"2024-08-14",44,26375,29051,24794,1679,6622,0,17193,0,10,3266,995,542,-936,-214,252,-1016,1397,680,0
"2024-08-14",45,25058,27860,23518,1736,6622,0,17193,0,10,3100,866,406,-1011,-261,252,-1020,1397,572,0
"2024-08-14",46,23289,26207,22035,1792,6622,0,17193,0,10,2550,860,400,-1013,-374,190,-1021,1397,569,0
"2024-08-14",47,22005,24597,20885,1837,6622,0,17193,0,11,2414,1319,888,-1015,-378,104,-688,1399,963,0
"2024-08-14",48,20890,23380,19871,1882,6622,0,17193,0,12,2410,1358,933,-1014,-300,104,-664,1399,998,0
"2024-08-15",1,20045,22777,19113,1998,6622,0,17193,0,13,2365,1256,929,-1021,-300,104,-898,1399,999,0
"2024-08-15",2,19641,22395,18768,2114,6622,0,17193,0,26,2550,1246,927,-1013,-300,103,-915,1384,998,0
"2024-08-15",3,18875,22077,18105,2191,6622,0,17193,0,414,2921,993,778,-1014,-300,104,-974,1154,953,0
"2024-08-15",4,18573,22052,17878,2267,6622,0,17193,0,687,3021,972,763,-1014,-300,103,-978,1097,949,0
"2024-08-15",5,18006,21706,17411,2302,6622,0,17193,0,874,3317,841,701,-1014,-300,103,-1012,725,904,0
"2024-08-15",6,17547,21384,16967,2337,6622,0,17193,0,1008,3615,830,696,-1014,-300,104,-1015,647,901,0
"2024-08-15",7,17535,21250,16926,2364,6622,0,17193,0,881,3555,868,707,-1014,-300,104,-1020,277,901,0
"2024-08-15",8,17228,21061,16573,2390,6622,0,17193,0,999,3190,862,706,-1014,-300,103,-1020,214,901,0
"2024-08-15",9,17045,20877,16394,2410,6622,0,17193,0,996,3065,211,607,-1015,-300,104,-1021,71,901,0
"2024-08-15",10,16866,20691,16189,2430,6622,0,17193,0,990,3280,158,596,-1014,-300,103,-1021,73,900,0
"2024-08-15",11,17388,21095,16642,2414,6622,0,17193,0,888,3325,606,499,-1015,-300,104,-1004,444,811,0
"2024-08-15",12,17628,21276,16873,2397,6622,0,17193,0,832,3236,652,497,-1014,-300,104,-1002,523,804,0
"2024-08-15",13,19212,22761,18282,2418,6622,79,17193,0,798,3169,1181,928,-1014,-300,60,-937,893,908,0
"2024-08-15",14,20347,23442,19251,2438,6622,357,17193,0,392,3071,1229,969,-1014,-314,0,-875,971,919,0
"2024-08-15",15,22216,24334,20837,2513,6622,816,17193,0,178,2654,1241,971,-1014,-426,0,486,1342,992,0
"2024-08-15",16,23032,25006,21494,2587,6622,1431,17193,0,18,2408,1242,972,-1004,-452,0,647,1397,998,0
"2024-08-15",17,24092,25354,22307,2698,6622,2074,17193,0,142,2194,1352,990,-181,-439,0,975,1397,999,0
"2024-08-15",18,24246,25640,22332,2808,6622,2864,17193,0,309,2077,1359,992,-104,-451,-30,999,1397,999,0
"2024-08-15",19,24125,25520,22141,2933,6622,3331,17193,0,304,1732,1359,992,89,-451,-140,1018,1397,998,0
"2024-08-15",20,24047,25931,21991,3058,6622,4017,17193,0,641,1989,1359,992,107,-452,-291,1019,1395,999,0
"2024-08-15",21,23930,26245,21868,3155,6622,4335,17193,0,922,1748,1358,992,875,-452,-441,1019,1365,1000,0
"2024-08-15",22,23881,26273,21843,3251,6622,4427,17193,0,912,1121,1355,992,963,-451,-529,1019,1363,1000,0
"2024-08-15",23,23766,26157,21794,3310,6622,4660,17193,0,910,1171,1080,992,1000,-452,-529,1019,1393,1000,0
"2024-08-15",24,23907,26291,21967,3369,6622,4961,17193,0,903,1482,1057,991,1002,-451,-530,1019,1397,1000,0
"2024-08-15",25,23787,26161,21910,3404,6622,4947,17193,0,894,1208,1060,991,986,-451,-529,1014,1395,1000,0
"2024-08-15",26,23618,25984,21663,3439,6622,5307,17193,0,886,844,1059,991,985,-451,-529,1014,1372,999,0
"2024-08-15",27,23833,25774,21654,3464,6622,5511,17193,0,463,765,984,991,1000,-451,-527,1019,1001,954,0
"2024-08-15",28,23576,25956,21373,3488,6622,5973,17193,0,900,866,977,991,1003,-451,-529,1019,951,950,0
"2024-08-15",29,23229,25609,21260,3474,6622,5712,17193,0,899,1390,866,991,602,-451,-530,1001,1014,996,0
"2024-08-15",30,23034,25398,21254,3460,6622,5403,17193,0,883,1439,855,991,571,-451,-530,999,1021,1000,0
"2024-08-15",31,23243,25481,21590,3438,6622,5268,17193,0,757,2037,539,992,408,-451,-530,999,982,1000,0
"2024-08-15",32,24002,26131,22372,3416,6622,4188,17193,0,649,2060,513,992,396,-451,-529,999,995,999,0
"2024-08-15",33,25079,27116,23436,3321,6622,3638,17193,0,556,2167,647,992,304,-452,-529,999,1289,954,0
"2024-08-15",34,25688,27523,24025,3226,6622,2554,17193,0,355,2269,664,992,296,-451,-529,999,1335,950,0
"2024-08-15",35,26674,28458,24851,3097,6622,1919,17193,0,13,2663,1022,992,-292,-452,-527,999,1390,950,0
"2024-08-15",36,27572,29402,25754,2967,6622,1223,17193,0,8,3094,1056,992,-344,-451,-527,999,1397,951,0
"2024-08-15",37,27842,30150,26016,2710,6622,786,17193,0,7,3229,1145,992,-822,-452,-527,999,1397,995,0
"2024-08-15",38,28130,30474,26283,2453,6622,488,17193,0,7,3040,1154,992,-859,-451,-527,998,1397,998,0
"2024-08-15",39,28283,30778,26339,2240,6622,304,17193,0,2,2889,1292,992,-1015,-451,-527,557,1397,953,0
"2024-08-15",40,27978,30475,26006,2026,6622,161,17193,0,5,2733,1303,992,-1014,-451,-527,524,1397,948,0
"2024-08-15",41,27694,30075,25751,1881,6622,16,17193,0,6,2733,1299,992,-896,-451,-528,684,1397,858,0
"2024-08-15",42,27407,29769,25502,1736,6622,0,17193,0,4,2729,1295,992,-880,-451,-527,695,1397,852,0
"2024-08-15",43,27004,29096,25157,1645,6622,0,17193,0,0,2591,975,970,-613,-452,-527,460,1397,987,0
"2024-08-15",44,25940,28031,24201,1554,6622,0,17193,0,4,2600,947,967,-608,-452,-527,442,1397,995,0
"2024-08-15",45,24428,26624,22737,1486,6622,0,17193,0,1,2493,883,897,-717,-451,-527,390,1397,784,0
"2024-08-15",46,23405,25614,21754,1418,6622,0,17193,0,3,2440,878,892,-726,-452,-528,385,1398,769,0
"2024-08-15",47,22363,24478,20802,1356,6622,0,17193,0,9,2291,899,961,-691,-388,-527,332,1399,979,0
"2024-08-15",48,21443,23469,19973,1294,6622,0,17193,0,10,2243,901,966,-687,-302,-527,328,1398,997,0
"2024-08-16",1,20829,22972,19400,1253,6622,0,17193,0,9,2228,970,894,-804,-302,-528,188,1398,990,0
"2024-08-16",2,20451,22602,19080,1212,6622,0,17193,0,9,2390,976,888,-813,-301,-528,178,1398,990,0
"2024-08-16",3,20021,22382,18689,1204,6622,0,17193,0,13,2483,1009,958,-1007,-302,-529,-10,1398,997,0
"2024-08-16",4,19777,22156,18487,1196,6622,0,17193,0,10,2440,1014,963,-1014,-302,-528,-25,1398,999,0
"2024-08-16",5,19235,21949,17945,1183,6622,0,17193,0,13,2516,1275,824,-1014,-301,-528,-358,1398,991,0
"2024-08-16",6,18893,21625,17665,1170,6622,0,17193,0,9,2448,1293,813,-1014,-301,-527,-381,1382,991,0
"2024-08-16",7,18627,21202,17420,1157,6622,0,17193,0,9,2376,981,933,-1014,-302,-528,-222,1133,992,0
"2024-08-16",8,18611,21181,17413,1144,6622,0,17193,0,14,2591,960,944,-1015,-302,-528,-211,1111,992,0
"2024-08-16",9,18467,21498,17272,1143,6622,0,17193,0,14,2558,1326,988,-1014,-302,-528,-673,1361,993,0
"2024-08-16",10,18310,21367,17203,1141,6622,0,17193,0,13,2682,1360,992,-1014,-302,-528,-700,1397,992,0
"2024-08-16",11,18651,20935,17545,1123,6622,0,17193,0,13,2735,1361,992,-1014,-301,-456,51,1397,998,0
"2024-08-16",12,19205,21363,18064,1105,6622,0,17193,0,12,2517,1360,992,-1014,-302,-330,112,1397,998,0
"2024-08-16",13,20545,22827,19269,1083,6622,61,17193,0,10,2595,1359,992,-1014,-338,-420,310,1397,998,0
"2024-08-16",14,21687,24070,20241,1061,6622,459,17193,0,15,2489,1359,992,-1013,-415,-440,325,1397,998,0
"2024-08-16",15,22995,25496,21359,1072,6622,1177,17193,0,11,2363,1359,992,-1015,-452,-523,536,1397,998,0
"2024-08-16",16,23750,26256,21988,1083,6622,2067,17193,0,10,2431,1358,992,-1015,-452,-529,551,1397,998,0
"2024-08-16",17,24278,26475,22414,1176,6622,3071,17193,0,8,2352,1355,992,-709,-451,-529,905,1397,998,0
"2024-08-16",18,24264,26415,22406,1268,6622,4097,17193,0,6,2512,1355,992,-664,-451,-530,930,1397,998,0
"2024-08-16",19,23821,25627,21994,1370,6622,5158,17193,0,5,2509,1356,991,-320,-451,-530,980,1397,997,0
"2024-08-16",20,22756,24509,21041,1471,6622,6159,17193,0,6,2880,1357,992,-266,-451,-530,984,1397,998,0
"2024-08-16",21,21898,24127,20253,1553,6622,6751,17193,0,6,3087,1354,992,-742,-451,-530,901,1397,998,0
"2024-08-16",22,21503,23735,19858,1634,6622,7332,17193,0,7,3251,1354,991,-746,-451,-528,895,1397,997,0
"2024-08-16",23,21435,23033,19786,1713,6622,7989,17193,0,6,2966,1357,992,-113,-451,-528,871,1397,998,0
"2024-08-16",24,21002,22594,19407,1792,6622,8525,17193,0,9,3139,1356,989,-104,-451,-528,869,1397,997,0
"2024-08-16",25,20547,22470,18988,1882,6622,9082,17193,0,439,3242,1304,836,-6,-451,-527,761,1397,998,0
"2024-08-16",26,20385,22438,18845,1972,6622,9774,17193,0,574,3277,1300,824,0,-451,-528,753,1391,994,0
"2024-08-16",27,19902,21732,18370,2061,6622,9863,17193,0,117,3320,1352,962,-235,-451,-527,258,1303,752,0
"2024-08-16",28,19436,21193,17986,2150,6622,9619,17193,0,15,3433,1356,975,-264,-451,-527,220,1282,733,0
"2024-08-16",29,19244,20983,17845,2210,6622,9384,17193,0,15,3465,1356,968,-246,-451,-527,278,1153,902,0
"2024-08-16",30,19156,20893,17787,2270,6622,9105,17193,0,15,3247,1355,965,-250,-451,-521,282,1131,918,0
"2024-08-16",31,19118,21619,17782,2333,6622,8500,17193,0,11,3358,1224,798,-953,-451,-416,-170,1090,935,0
"2024-08-16",32,19769,22218,18375,2395,6622,7874,17193,0,15,3526,1214,785,-1014,-451,-266,-203,1101,937,0
"2024-08-16",33,20515,22879,19016,2381,6622,6795,17193,0,12,3130,1271,930,-1015,-451,-242,-144,1359,991,0
"2024-08-16",34,21420,23734,19850,2366,6622,5970,17193,0,13,3176,1277,944,-1014,-451,-195,-141,1397,997,0
"2024-08-16",35,22567,25150,20829,2297,6622,4922,17193,0,14,3301,1355,988,-1013,-396,-64,-596,1397,998,0
"2024-08-16",36,23979,26659,22115,2227,6622,3681,17193,0,8,3152,1360,989,-1014,-406,-123,-629,1397,994,0
"2024-08-16",37,24982,27930,23145,2077,6622,2875,17193,0,11,3397,1090,815,-1014,-401,-28,-994,1397,773,0
"2024-08-16",38,26066,29129,24201,1926,6622,1884,17193,0,11,3412,1068,792,-1014,-436,-82,-1020,1397,746,0
"2024-08-16",39,26253,29482,24506,1824,6622,995,17193,0,11,3629,958,395,-1014,-452,-232,-1020,1397,362,0
"2024-08-16",40,26343,29686,24636,1721,6622,318,17193,0,11,3354,949,359,-1014,-452,-345,-1021,1397,329,0
"2024-08-16",41,26426,29890,24689,1692,6622,22,17193,0,11,3172,711,416,-1014,-451,-467,-1021,1397,312,0
"2024-08-16",42,26710,30234,24983,1662,6622,0,17193,0,11,3194,690,415,-1014,-451,-527,-1021,1397,307,0
"2024-08-16",43,26067,29397,24400,1678,6622,0,17193,0,11,3136,517,38,-1014,-451,-526,-828,1397,96,0
"2024-08-16",44,25470,28786,23778,1693,6622,0,17193,0,11,3088,500,0,-1014,-451,-526,-814,1397,73,0
"2024-08-16",45,24607,28285,22987,1685,6622,0,17193,0,15,3105,414,-117,-1014,-452,-527,-814,1398,-239,0
"2024-08-16",46,23546,27256,22093,1677,6622,0,17193,0,15,2998,401,-126,-1014,-451,-526,-814,1397,-264,0
"2024-08-16",47,21999,25528,20661,1651,6622,0,17193,0,14,3014,33,52,-1013,-392,-526,-1007,1397,-77,0
"2024-08-16",48,20871,24241,19673,1625,6622,0,17193,0,14,3451,5,70,-1014,-266,-496,-1021,1397,-59,0
"2024-08-17",1,20164,23489,18998,1593,6622,0,17193,0,12,3295,450,171,-1015,-252,-526,-1020,1397,109,0
"2024-08-17",2,19658,22978,18486,1561,6622,0,17193,0,7,3233,487,183,-1014,-252,-527,-1020,1397,126,0
"2024-08-17",3,19259,22579,18090,1554,6622,0,17193,0,6,3093,870,273,-1015,-251,-527,-1021,1397,252,0
"2024-08-17",4,18757,22056,17709,1546,6622,0,17193,0,6,3070,901,284,-1015,-251,-506,-1021,1397,266,0
"2024-08-17",5,18403,21723,17464,1510,6622,0,17193,0,6,3069,1094,393,-1015,-251,-527,-1021,1397,392,0
"2024-08-17",6,17874,21194,16949,1474,6622,0,17193,0,6,2950,1109,404,-1014,-251,-528,-1021,1397,406,0
"2024-08-17",7,17292,20520,16330,1436,6622,0,17193,0,6,2837,1206,446,-1014,-251,-527,-930,1397,561,0
"2024-08-17",8,17279,20502,16294,1398,6622,0,17193,0,6,2668,1215,449,-1015,-251,-527,-924,1397,575,0
"2024-08-17",9,17122,20346,16234,1355,6622,0,17193,0,6,2821,1228,441,-1015,-251,-527,-925,1397,582,0
"2024-08-17",10,17064,20288,16199,1312,6622,0,17193,0,6,3122,1228,440,-1015,-251,-527,-925,1397,584,0
"2024-08-17",11,17209,20420,16255,1279,6622,0,17193,0,6,2922,1161,408,-1014,-251,-527,-913,1397,660,0
"2024-08-17",12,17145,20357,16240,1245,6622,0,17193,0,6,2861,1160,407,-1015,-251,-527,-913,1397,670,0
"2024-08-17",13,17703,20739,16723,1227,6622,59,17193,0,6,2860,1606,505,-1014,-251,-527,-738,1397,868,0
"2024-08-17",14,18283,21307,17204,1209,6622,424,17193,0,6,2760,1644,519,-1014,-251,-527,-726,1397,887,0
"2024-08-17",15,18994,21667,17821,1221,6622,1009,17193,0,7,2752,1701,823,-946,-251,-526,-443,1397,943,0
"2024-08-17",16,19275,21927,17936,1233,6622,1808,17193,0,11,2633,1707,852,-937,-256,-527,-421,1397,949,0
"2024-08-17",17,20211,22247,18675,1330,6622,2671,17193,0,6,2301,1871,962,-639,-364,-527,145,1397,992,0
"2024-08-17",18,20150,22261,18551,1426,6622,3677,17193,0,2,2370,1885,971,-632,-450,-527,187,1397,995,0
"2024-08-17",19,19986,21655,18358,1499,6622,4747,17193,0,8,2592,1776,885,-148,-451,-527,-35,1397,895,0
"2024-08-17",20,19347,21007,17694,1572,6622,5873,17193,0,12,2573,1762,873,-118,-452,-527,-51,1397,881,0
"2024-08-17",21,18738,20230,17129,1627,6622,6799,17193,0,13,2297,1281,672,541,-452,-527,404,1397,583,0
"2024-08-17",22,18519,20007,16937,1682,6622,7177,17193,0,10,2256,1239,653,670,-451,-527,437,1397,557,0
"2024-08-17",23,18569,20096,16917,1705,6622,7386,17193,0,48,2186,1129,618,792,-452,-527,778,1397,535,0
"2024-08-17",24,18420,20206,16778,1728,6622,7406,17193,0,307,2137,1125,616,797,-452,-527,802,1397,535,0
"2024-08-17",25,18469,20699,16873,1756,6622,7533,17193,0,752,2142,1556,683,876,-451,-527,843,1397,665,0
"2024-08-17",26,18420,20588,16879,1784,6622,7608,17193,0,691,2055,1592,693,878,-451,-526,846,1397,674,0
"2024-08-17",27,18406,20226,16918,1796,6622,7458,17193,0,343,1825,1788,966,998,-451,-526,1007,1397,519,0
"2024-08-17",28,18252,20096,16699,1808,6622,7147,17193,0,367,1574,1797,992,1003,-451,-526,1019,1394,504,0
"2024-08-17",29,18119,20274,16612,1825,6622,6809,17193,0,676,1843,1332,992,934,-452,-527,1001,1348,460,0
"2024-08-17",30,18311,20304,16622,1841,6622,6475,17193,0,516,1851,1298,989,916,-451,-526,999,1337,456,0
"2024-08-17",31,18626,20562,16706,1843,6622,5982,17193,0,457,2143,1809,813,194,-452,-527,783,1280,461,0
"2024-08-17",32,19083,20633,17239,1844,6622,5354,17193,0,71,1879,1855,799,145,-452,-527,767,1277,468,0
"2024-08-17",33,20127,21900,18216,1775,6622,4598,17193,0,8,2035,1967,886,-295,-452,-518,536,1382,842,0
"2024-08-17",34,21158,22890,19119,1705,6622,3786,17193,0,15,2211,1975,896,-345,-451,-421,519,1397,876,0
"2024-08-17",35,22616,24737,20485,1646,6622,3028,17193,0,12,2022,2003,984,-691,-451,-467,337,1397,983,0
"2024-08-17",36,23994,26163,21801,1587,6622,2309,17193,0,14,1926,2005,992,-717,-452,-486,299,1397,988,0
"2024-08-17",37,24662,27732,22479,1484,6622,1607,17193,0,17,2109,2007,986,-992,-451,-352,-758,1397,681,0
"2024-08-17",38,25474,28738,23336,1380,6622,954,17193,0,17,2149,2004,984,-1015,-451,-419,-862,1397,651,0
"2024-08-17",39,25389,28687,23354,1313,6622,441,17193,0,14,2372,1591,835,-1014,-451,-476,-843,1397,481,0
"2024-08-17",40,25272,28445,23282,1246,6622,112,17193,0,12,2352,1530,818,-1015,-452,-352,-842,1397,465,0
"2024-08-17",41,24780,28027,22884,1244,6622,3,17193,0,12,2517,455,582,-1014,-451,-434,-836,1397,398,0
"2024-08-17",42,24922,28189,23041,1242,6622,0,17193,0,6,2396,331,555,-1015,-451,-459,-836,1397,390,0
"2024-08-17",43,24785,27925,22937,1261,6622,0,17193,0,2,2462,803,306,-843,-452,-526,-817,1397,256,0
"2024-08-17",44,24117,27243,22344,1279,6622,0,17193,0,2,2459,844,281,-830,-452,-527,-815,1397,237,0
"2024-08-17",45,23313,26966,21534,1286,6622,0,17193,0,5,2394,783,191,-998,-452,-527,-925,1397,-246,0
"2024-08-17",46,22110,25804,20501,1293,6622,0,17193,0,7,2561,791,186,-1004,-451,-527,-925,1397,-280,0
"2024-08-17",47,21097,23627,19567,1312,6622,0,17193,0,8,2644,1355,402,-1005,-396,-486,-135,1397,286,0
"2024-08-17",48,19857,22138,18398,1330,6622,0,17193,0,12,2532,1404,423,-1005,-351,-343,-70,1397,340,0
"2024-08-18",1,19171,21837,17819,1350,6622,0,17193,0,9,2514,1574,447,-1006,-346,-362,-443,1397,626,0
"2024-08-18",2,18641,21306,17384,1369,6622,0,17193,0,11,2547,1589,454,-1005,-302,-378,-469,1397,652,0
"2024-08-18",3,18090,21174,16937,1416,6622,0,17193,0,11,2480,1542,768,-1010,-294,-378,-891,1397,709,0
"2024-08-18",4,17835,20944,16711,1463,6622,0,17193,0,57,2596,1535,798,-1011,-242,-378,-921,1397,715,0
"2024-08-18",5,17501,20923,16420,1488,6622,0,17193,0,334,2735,1230,839,-1014,-242,-378,-954,1397,747,0
"2024-08-18",6,17147,20829,16026,1513,6622,0,17193,0,591,2590,1205,844,-1014,-242,-378,-957,1386,751,0
"2024-08-18",7,16700,20128,15600,1542,6622,0,17193,0,324,2196,1356,886,-1014,-242,-378,-970,1208,818,0
"2024-08-18",8,16336,19739,15267,1570,6622,0,17193,0,298,2011,1369,891,-1014,-242,-378,-971,1162,825,0
"2024-08-18",9,16027,19650,15008,1566,6622,0,17193,0,502,2194,1318,926,-1013,-242,-378,-988,851,870,0
"2024-08-18",10,15975,19577,14980,1561,6622,0,17193,0,479,2460,1313,927,-1013,-242,-378,-990,819,869,0
"2024-08-18",11,16104,19142,15084,1543,6622,0,17193,0,144,2208,1184,736,-1015,-242,-378,-759,1042,567,0
"2024-08-18",12,16039,19220,15016,1524,6622,0,17193,0,304,2304,1176,719,-1014,-242,-378,-743,1064,540,0
"2024-08-18",13,16343,19462,15258,1514,6622,22,17193,0,303,2425,1340,750,-1015,-242,-378,-681,880,523,0
"2024-08-18",14,16630,19745,15539,1504,6622,274,17193,0,304,2501,1355,754,-1014,-242,-378,-677,855,528,0
"2024-08-18",15,17306,20915,16100,1613,6622,729,17193,0,718,2711,1564,862,-1014,-242,-378,-757,890,901,0
"2024-08-18",16,17579,20999,16318,1722,6622,1236,17193,0,516,2852,1582,874,-1015,-250,-378,-761,872,933,0
"2024-08-18",17,18173,21024,16814,1914,6622,2068,17193,0,402,2900,1968,981,-1015,-307,-378,-249,501,885,0
"2024-08-18",18,18166,21264,16727,2105,6622,2978,17193,0,578,3167,1998,992,-1010,-357,-442,-211,423,882,0
"2024-08-18",19,18396,21172,16840,2243,6622,3866,17193,0,634,3228,1959,992,-710,-406,-526,249,51,943,0
"2024-08-18",20,18147,20916,16565,2381,6622,5040,17193,0,578,3210,1955,992,-703,-451,-528,283,-9,949,0
"2024-08-18",21,18201,20547,16629,2417,6622,5726,17193,0,576,3037,1955,992,-220,-452,-527,457,-71,948,0
"2024-08-18",22,17916,20343,16457,2452,6622,5799,17193,0,681,3040,1955,992,-182,-452,-527,469,-85,946,0
"2024-08-18",23,17699,20215,16256,2489,6622,6474,17193,0,885,3181,2002,992,346,-452,-527,184,-152,876,0
"2024-08-18",24,17537,20061,16157,2525,6622,7232,17193,0,918,3379,2005,991,410,-393,-527,164,-186,870,0
"2024-08-18",25,17199,20057,15810,2576,6622,8188,17193,0,917,2986,2004,948,540,-351,-527,588,-563,870,0
"2024-08-18",26,16816,19734,15431,2626,6622,8597,17193,0,920,2841,2003,943,545,-351,-528,619,-619,872,0
"2024-08-18",27,16572,19396,15303,2683,6622,8850,17193,0,821,2762,1798,914,670,-351,-527,356,-625,986,0
"2024-08-18",28,16131,19036,14795,2740,6622,8599,17193,0,914,2634,1782,907,643,-351,-527,338,-613,997,0
"2024-08-18",29,15545,18481,14275,2769,6622,8459,17193,0,783,2765,1702,654,-350,-351,-527,-27,-398,997,0
"2024-08-18",30,15365,18391,14169,2797,6622,7987,17193,0,807,2484,1696,634,-418,-377,-527,-54,-343,997,0
"2024-08-18",31,16026,19295,14739,2808,6622,7469,17193,0,821,2817,1904,866,-970,-451,-527,118,33,996,0
"2024-08-18",32,16594,19654,15322,2818,6622,6879,17193,0,569,2803,1921,889,-1014,-451,-526,133,112,997,0
"2024-08-18",33,18190,20782,16818,2729,6622,5837,17193,0,98,2790,1996,984,-1015,-452,-527,707,483,996,0
"2024-08-18",34,19386,21906,17839,2640,6622,4835,17193,0,17,2751,2003,992,-1015,-452,-526,750,561,996,-10
"2024-08-18",35,20727,23725,19053,2497,6622,3983,17193,0,15,2601,2003,992,-768,-452,-527,982,932,996,-736
"2024-08-18",36,22257,25290,20491,2353,6622,2975,17193,0,11,2627,2003,992,-735,-452,-526,997,1008,996,-809
"2024-08-18",37,23372,26834,21472,2051,6622,2135,17193,0,9,2170,2004,992,-905,-452,-527,455,1347,996,-1069
"2024-08-18",38,24486,27983,22566,1748,6622,1349,17193,0,10,1989,2004,992,-912,-452,-527,414,1398,996,-1096
"2024-08-18",39,24951,28326,22996,1503,6622,677,17193,0,9,1974,2004,992,-789,-452,-527,426,1399,996,-1098
"2024-08-18",40,24863,28215,22886,1258,6622,215,17193,0,12,1820,2002,992,-778,-452,-526,426,1398,997,-1084
"2024-08-18",41,25051,27698,23037,1184,6622,9,17193,0,8,1588,1913,980,-984,-452,-527,198,1399,984,-176
"2024-08-18",42,25158,27724,23063,1110,6622,0,17193,0,10,1766,1905,978,-986,-452,-527,182,1399,979,-91
"2024-08-18",43,25248,27631,23096,1071,6622,0,17193,0,4,1796,1905,875,-769,-452,-527,168,1399,747,-131
"2024-08-18",44,24518,26880,22466,1032,6622,0,17193,0,7,1770,1902,866,-741,-452,-527,166,1399,726,-135
"2024-08-18",45,23164,25639,21229,992,6622,0,17193,0,11,1445,1721,910,-844,-452,-527,211,1399,649,-141
"2024-08-18",46,22102,24564,20307,951,6622,0,17193,0,9,1477,1706,915,-848,-439,-527,214,1398,646,-139
"2024-08-18",47,20703,22851,18998,930,6622,0,17193,0,5,1354,1981,985,-712,-405,-526,578,1399,968,79
"2024-08-18",48,20170,22287,18559,909,6622,0,17193,0,3,1361,2003,992,-697,-390,-527,604,1399,996,96
"2024-08-19",1,19381,21620,17848,870,6622,0,17193,0,7,1023,2003,992,-632,-393,-527,662,1399,997,-180
"2024-08-19",2,19097,21315,17566,831,6622,0,17193,0,8,1033,2003,992,-627,-369,-508,666,1399,996,-206
"2024-08-19",3,18824,20924,17321,825,6622,0,17193,0,8,1293,2003,992,-637,-343,-382,645,1399,996,-230
"2024-08-19",4,18750,20787,17323,818,6622,0,17193,0,11,1674,2003,992,-637,-323,-334,643,1399,996,-232
"2024-08-19",5,18215,20213,16803,832,6622,0,17193,0,13,1694,2004,992,-569,-316,-478,479,1399,996,-122
"2024-08-19",6,17975,20015,16550,845,6622,0,17193,0,85,1752,2003,992,-564,-313,-459,467,1399,995,-119
"2024-08-19",7,17486,19988,16065,865,6622,0,17193,0,39,1717,1939,992,-732,-297,-312,526,1398,997,-622
"2024-08-19",8,17753,20221,16302,884,6622,0,17193,0,14,1668,1934,992,-739,-291,-250,530,1398,996,-674
"2024-08-19",9,17660,20546,16202,970,6622,0,17193,0,14,1831,1992,992,-891,-287,-161,271,1398,997,-1033
"2024-08-19",10,17798,20702,16346,1056,6622,0,17193,0,14,1680,1996,992,-902,-282,-140,228,1397,996,-1066
"2024-08-19",11,18129,22047,16654,1133,6622,0,17193,0,204,2030,2000,992,-1016,-258,-16,-834,1397,997,-1090
"2024-08-19",12,18700,22537,17241,1210,6622,0,17193,0,15,2257,1999,991,-1014,-274,0,-939,1397,997,-1095
"2024-08-19",13,20216,24169,18685,1266,6622,44,17193,0,11,2527,1764,954,-1015,-317,0,-1015,1397,988,-1095
"2024-08-19",14,21218,25185,19578,1321,6622,344,17193,0,8,2629,1745,950,-1014,-278,-64,-1008,1397,987,-1095
"2024-08-19",15,22779,26132,20879,1371,6622,806,17193,0,7,2331,1633,962,-985,-411,-215,-143,1397,995,-1092
"2024-08-19",16,23689,26978,21661,1420,6622,1267,17193,0,8,2173,1624,963,-886,-383,-366,-61,1397,996,-1085
"2024-08-19",17,25288,27409,23130,1557,6622,1820,17193,0,11,2083,1723,981,161,-445,-504,705,1397,997,-661
"2024-08-19",18,25822,27932,23639,1693,6622,2360,17193,0,14,2025,1731,983,191,-452,-530,769,1397,995,-614
"2024-08-19",19,26102,27741,23874,1890,6622,2770,17193,0,10,1750,1753,991,446,-452,-530,706,1397,886,-147
"2024-08-19",20,25567,27162,23373,2087,6622,3283,17193,0,15,1924,1754,992,450,-452,-530,701,1397,877,-98
"2024-08-19",21,25204,26700,23040,2275,6622,3689,17193,0,15,2042,1775,991,610,-451,-530,885,1397,942,263
"2024-08-19",22,25063,26487,22890,2463,6622,3729,17193,0,14,2194,1777,991,622,-451,-459,898,1397,949,302
"2024-08-19",23,25175,26458,23037,2631,6622,3848,17193,0,17,2484,1894,991,995,-388,-378,919,1397,949,644
"2024-08-19",24,25262,26316,23142,2799,6622,3909,17193,0,17,2714,1902,991,1003,-239,-298,921,1397,950,676
"2024-08-19",25,25445,26305,23325,2930,6622,4002,17193,0,20,2745,1761,978,1003,-125,-215,952,1397,988,696
"2024-08-19",26,25503,26585,23390,3061,6622,3960,17193,0,20,2713,1750,977,1004,-236,-326,954,1397,992,674
"2024-08-19",27,24985,26520,22924,3173,6622,3844,17193,0,79,2620,1800,990,1003,-275,-320,750,1397,952,-361
"2024-08-19",28,24909,26689,22869,3285,6622,3848,17193,0,75,2714,1807,991,1003,-370,-359,735,1397,949,-476
"2024-08-19",29,24815,26763,22738,3331,6622,3813,17193,0,19,2574,1988,991,1003,-288,-283,543,1397,993,-858
"2024-08-19",30,24684,26825,22702,3376,6622,3254,17193,0,110,2453,2004,991,1003,-334,-300,528,1397,997,-897
"2024-08-19",31,24728,27167,22841,3431,6622,3111,17193,0,310,3044,2005,991,547,-336,-226,467,1397,997,-1067
"2024-08-19",32,25103,27452,23166,3485,6622,2858,17193,0,240,3192,2004,991,496,-281,-245,461,1397,996,-1083
"2024-08-19",33,25238,27626,23219,3530,6622,2411,17193,0,15,3192,2006,992,-217,-132,-353,-81,1397,997,-1090
"2024-08-19",34,26135,28567,23985,3574,6622,2243,17193,0,13,3091,2006,991,-258,-68,-378,-124,1397,995,-1091
"2024-08-19",35,26474,30074,24221,3637,6622,1769,17193,0,9,2853,2005,970,-942,-114,-232,-712,1397,884,-1091
"2024-08-19",36,27062,30820,24795,3700,6622,1279,17193,0,18,2632,2003,966,-1001,-177,-215,-756,1397,867,-1091
"2024-08-19",37,27064,30888,24870,3757,6622,1038,17193,0,14,2809,1774,803,-1014,-116,-86,-1003,1397,472,-1091
"2024-08-19",38,27181,31005,25110,3813,6622,524,17193,0,12,2907,1755,779,-1014,-94,-92,-1021,1397,434,-1091
"2024-08-19",39,26645,30397,24775,3882,6622,301,17193,0,9,2730,1684,195,-1021,-93,-11,-1021,1397,250,-1097
"2024-08-19",40,26360,30087,24633,3950,6622,66,17193,0,12,2611,1677,141,-1015,-82,0,-1021,1397,237,-1097
"2024-08-19",41,25709,29327,24086,3963,6622,1,17193,0,12,2428,1481,165,-832,-148,-27,-1021,1397,414,-1078
"2024-08-19",42,25365,29036,23839,3975,6622,0,17193,0,8,2476,1459,164,-810,-145,-113,-1021,1397,418,-1074
"2024-08-19",43,24407,28458,22946,3966,6622,0,17193,0,3,2405,821,-75,-975,-253,-265,-749,1397,-288,-943
"2024-08-19",44,23691,27819,22278,3957,6622,0,17193,0,8,2499,770,-96,-981,-197,-331,-730,1397,-352,-933
"2024-08-19",45,22467,26797,21177,3877,6622,0,17193,0,12,2152,1092,-10,-916,-278,-200,-983,1397,-360,-1071
"2024-08-19",46,21189,25656,19985,3796,6622,0,17193,0,8,1780,1077,-4,-910,-331,-268,-1001,1397,-361,-1084
"2024-08-19",47,19825,24793,18790,3731,6622,0,17193,0,11,1701,-146,-117,-1021,-331,-397,-1020,1398,-334,-1091
"2024-08-19",48,18729,23939,17695,3666,6622,0,17193,0,14,1507,-313,-125,-1025,-331,-461,-1021,1385,-328,-1092
"2024-08-20",1,18645,23341,17610,3454,6622,0,17193,0,14,1542,-55,65,-1021,-331,-524,-1021,1179,-138,-1092
"2024-08-20",2,18306,22970,17275,3242,6622,0,17193,0,14,1736,-40,85,-1021,-331,-527,-1021,1143,-119,-1091
"2024-08-20",3,18088,22380,17138,3122,6622,0,17193,0,14,2217,228,200,-1001,-331,-527,-864,1068,-19,-1036
"2024-08-20",4,17969,22493,17044,3002,6622,0,17193,0,271,2452,281,212,-1000,-331,-527,-854,1060,-10,-1031
"2024-08-20",5,17840,22941,16941,2904,6622,0,17193,0,618,2412,1087,286,-1017,-331,-527,-974,1103,-48,-1086
"2024-08-20",6,17551,22976,16674,2806,6622,0,17193,0,923,2349,1156,295,-1018,-331,-527,-983,1091,-51,-1092
"2024-08-20",7,17690,23154,16775,2721,6622,0,17193,0,925,2713,1015,379,-1019,-331,-527,-1019,802,-51,-1092
"2024-08-20",8,17674,23146,16692,2636,6622,0,17193,0,931,3129,992,381,-1018,-331,-527,-1021,773,-52,-1092
"2024-08-20",9,17268,22753,16353,2541,6622,0,17193,0,916,3159,286,10,-1019,-331,-527,-1022,996,-78,-1092
"2024-08-20",10,17245,22556,16294,2445,6622,0,17193,0,716,2732,223,-23,-1019,-331,-528,-1021,1049,-81,-1092
"2024-08-20",11,17799,22710,16722,2372,6622,0,17193,0,405,2381,416,58,-1017,-331,-515,-985,1353,-66,-1092
"2024-08-20",12,18560,23045,17332,2298,6622,0,17193,0,60,2206,438,68,-1016,-331,-460,-982,1398,-57,-1079
"2024-08-20",13,20270,23628,18810,2232,6622,16,17193,0,9,1888,950,271,-1018,-331,-401,-924,1398,408,-175
"2024-08-20",14,21267,24621,19665,2165,6622,286,17193,0,9,1707,1009,297,-1018,-382,-440,-915,1398,451,-90
"2024-08-20",15,23034,25534,21213,2231,6622,735,17193,0,3,1600,1878,716,-755,-451,-525,-260,1397,584,-6
"2024-08-20",16,23339,25704,21410,2296,6622,1485,17193,0,3,1430,1955,756,-678,-451,-528,-205,1398,596,8
"2024-08-20",17,24785,26270,22780,2461,6622,2267,17193,0,7,1373,1876,823,334,-451,-527,452,1398,534,556
"2024-08-20",18,24859,26342,22821,2626,6622,3007,17193,0,5,1618,1871,831,398,-451,-527,504,1397,529,612
"2024-08-20",19,25125,26592,23098,2782,6622,3850,17193,0,11,1834,1963,956,871,-451,-505,983,1397,564,955
"2024-08-20",20,24772,26147,22822,2938,6622,4545,17193,0,11,2021,1962,964,901,-451,-413,1019,1397,565,987
"2024-08-20",21,23864,25239,22036,3069,6622,5139,17193,0,7,2335,1284,754,522,-451,-417,824,1397,423,743
"2024-08-20",22,23415,24774,21640,3200,6622,5806,17193,0,11,2432,1221,731,499,-451,-397,809,1397,413,649
"2024-08-20",23,22710,24398,20971,3322,6622,6617,17193,0,11,2839,1067,546,-434,-451,-292,806,1397,599,143
"2024-08-20",24,22253,23909,20553,3444,6622,7138,17193,0,10,2991,1059,532,-509,-451,-186,805,1397,613,96
"2024-08-20",25,22167,23909,20523,3580,6622,7406,17193,0,525,2926,1409,751,106,-451,-266,910,1397,508,219
"2024-08-20",26,21476,23380,19869,3716,6622,8181,17193,0,594,2763,1440,769,125,-451,-359,916,1374,501,228
"2024-08-20",27,20331,22741,18832,3826,6622,8874,17193,0,590,2860,1388,618,-635,-451,-234,443,1003,673,24
"2024-08-20",28,19560,22060,18140,3935,6622,9268,17193,0,587,2785,1371,605,-807,-447,-159,408,924,692,0
"2024-08-20",29,18883,21205,17498,4018,6622,9144,17193,0,383,2994,501,702,-959,-451,-29,28,554,973,0
"2024-08-20",30,18882,21395,17531,4101,6622,8760,17193,0,578,3327,428,709,-964,-431,-17,-15,510,998,-8
"2024-08-20",31,18735,22244,17462,4145,6622,8179,17193,0,370,3688,1027,576,-1018,-298,34,-938,682,995,-385
"2024-08-20",32,18912,22371,17642,4189,6622,7419,17193,0,325,3388,1082,566,-1020,-166,0,-1021,730,996,-427
"2024-08-20",33,19726,23471,18318,4187,6622,6671,17193,0,142,3140,1542,736,-1018,-28,0,-1021,1101,997,-1036
"2024-08-20",34,20424,24101,18988,4185,6622,5713,17193,0,45,2972,1584,756,-1018,12,0,-1021,1169,997,-1093
"2024-08-20",35,22080,25613,20577,4110,6622,4679,17193,0,13,2826,1977,972,-1018,-54,0,-855,1368,996,-1093
"2024-08-20",36,23221,26720,21654,4035,6622,3521,17193,0,8,2743,2008,992,-1017,-13,-26,-843,1397,996,-1092
"2024-08-20",37,24315,27688,22790,3850,6622,2561,17193,0,6,2904,2007,992,-1017,62,0,-760,1397,996,-1090
"2024-08-20",38,25125,28492,23665,3665,6622,1582,17193,0,5,3087,2007,992,-1018,47,0,-754,1397,996,-1090
"2024-08-20",39,25520,28859,24084,3490,6622,820,17193,0,5,3040,2007,992,-1017,-63,0,-664,1397,996,-1090
"2024-08-20",40,25847,29291,24436,3314,6622,222,17193,0,5,3156,2007,992,-1018,-214,-3,-657,1397,996,-1047
"2024-08-20",41,25738,29080,24314,3253,6622,4,17193,0,4,2978,2006,992,-984,-365,-107,-390,1397,996,-992
"2024-08-20",42,25816,29306,24432,3191,6622,0,17193,0,0,3105,2002,988,-980,-407,-247,-371,1397,996,-985
"2024-08-20",43,25110,29172,23784,3196,6622,0,17193,0,0,3020,1550,712,-1014,-448,-397,-636,1397,996,-1067
"2024-08-20",44,24381,28597,23205,3200,6622,0,17193,0,0,3236,1509,677,-1018,-450,-517,-655,1397,988,-1076
"2024-08-20",45,23222,27512,22050,3212,6622,0,17193,0,4,3148,1335,115,-1017,-450,-526,-702,1397,472,-1091
"2024-08-20",46,22153,26454,20977,3224,6622,0,17193,0,7,2882,1296,67,-1018,-450,-527,-705,1374,425,-1094
"2024-08-20",47,20347,25005,19412,3212,6622,0,17193,0,125,3142,266,394,-1024,-388,-527,-1000,1004,274,-1094
"2024-08-20",48,19514,24419,18666,3199,6622,0,17193,0,409,3272,159,423,-1024,-330,-527,-1021,926,261,-1094
"2024-08-21",1,18745,24382,17999,3214,6622,0,17193,0,871,3385,-273,328,-1020,-330,-527,-1021,554,337,-1095
"2024-08-21",2,18157,23849,17465,3229,6622,0,17193,0,877,2710,-326,317,-1019,-330,-527,-1021,476,341,-1092
"2024-08-21",3,17561,23518,16956,3193,6622,0,17193,0,872,2542,-596,123,-1019,-330,-527,-1021,105,127,-1092
"2024-08-21",4,17528,23498,16929,3156,6622,0,17193,0,872,2756,-609,109,-1019,-330,-527,-1021,26,108,-1092
"2024-08-21",5,17266,22969,16596,3066,6622,0,17193,0,865,2645,67,423,-1019,-330,-527,-1021,-349,158,-1092
"2024-08-21",6,17026,22807,16320,2975,6622,0,17193,0,865,2525,143,451,-1019,-330,-527,-1021,-427,162,-1092
"2024-08-21",7,16914,23035,16170,2865,6622,0,17193,0,856,2650,142,368,-1020,-330,-527,-1021,-775,175,-1092
"2024-08-21",8,16980,23132,16141,2755,6622,0,17193,0,860,2845,143,357,-1019,-330,-527,-1021,-803,174,-1092
"2024-08-21",9,16902,22662,16036,2609,6622,0,17193,0,849,2712,216,196,-1019,-330,-528,-1021,-421,106,-1092
"2024-08-21",10,16953,22628,16054,2463,6622,0,17193,0,849,2559,223,184,-1018,-330,-527,-1021,-341,100,-1089
"2024-08-21",11,17809,22328,16790,2347,6622,0,17193,0,297,2308,205,351,-1019,-330,-527,-945,34,84,-901
"2024-08-21",12,18195,22352,17108,2230,6622,0,17193,0,14,2164,208,369,-1018,-330,-528,-939,115,83,-828
"2024-08-21",13,19774,23098,18576,2148,6622,34,17193,0,9,1963,641,570,-946,-330,-527,-1012,485,168,437
"2024-08-21",14,21048,24411,19707,2065,6622,426,17193,0,5,2146,677,585,-921,-393,-528,-1016,563,175,600
"2024-08-21",15,22637,24782,21067,2177,6622,1191,17193,0,7,2122,883,319,-161,-450,-528,-499,934,138,988
"2024-08-21",16,23521,25585,21739,2289,6622,1991,17193,0,8,2176,899,299,-120,-451,-530,-455,991,141,1031
"2024-08-21",17,24501,25992,22640,2466,6622,2902,17193,0,10,2171,1004,584,629,-451,-530,247,1019,602,1390
"2024-08-21",18,24331,25825,22424,2642,6622,3744,17193,0,13,2168,1012,614,799,-451,-530,304,1001,647,1418
"2024-08-21",19,23756,25500,21822,2781,6622,4565,17193,0,263,2135,1032,801,1005,-452,-529,764,631,968,1018
"2024-08-21",20,22833,24898,20942,2920,6622,5788,17193,0,585,2005,1034,813,1008,-451,-529,798,599,993,972
"2024-08-21",21,22154,24215,20235,3057,6622,6506,17193,0,580,2067,985,414,823,-452,-529,931,969,786,392
"2024-08-21",22,22109,24170,20173,3193,6622,6644,17193,0,579,2500,980,377,810,-452,-530,940,1029,768,335
"2024-08-21",23,22075,24127,20141,3330,6622,6871,17193,0,570,2448,750,393,869,-452,-530,1014,1106,797,171
"2024-08-21",24,21968,24024,20130,3467,6622,7227,17193,0,576,2427,725,390,875,-451,-529,1019,1108,799,157
"2024-08-21",25,21963,23941,20261,3603,6622,6875,17193,0,496,2605,208,99,965,-452,-530,1007,953,772,262
"2024-08-21",26,22284,24198,20621,3739,6622,6247,17193,0,435,2891,154,70,970,-451,-528,1006,928,769,266
"2024-08-21",27,22635,24915,20992,3857,6622,6103,17193,0,183,3110,-371,-29,784,-452,-528,849,896,779,-217
"2024-08-21",28,22772,25400,21218,3974,6622,5206,17193,0,417,3161,-438,-37,777,-451,-528,837,881,779,-257
"2024-08-21",29,22815,24859,21356,4039,6622,4683,17193,0,63,2990,-501,24,935,-452,-528,605,725,734,41
"2024-08-21",30,22738,24726,21382,4104,6622,4129,17193,0,14,3224,-496,28,947,-451,-527,588,691,731,79
"2024-08-21",31,23494,25491,22128,4154,6622,3463,17193,0,442,3419,282,-77,1003,-451,-527,444,524,793,701
"2024-08-21",32,24015,26149,22634,4203,6622,3298,17193,0,573,3595,368,-85,1007,-452,-524,434,523,788,763
"2024-08-21",33,24496,26464,23077,4205,6622,3102,17193,0,628,3564,445,38,911,-415,-425,403,893,66,977
"2024-08-21",34,25463,26962,23934,4207,6622,2532,17193,0,176,3560,451,53,826,-413,-404,400,971,-6,1000
"2024-08-21",35,26203,27740,24639,4186,6622,2104,17193,0,16,3542,483,232,9,-314,-265,28,1342,-442,1177
"2024-08-21",36,26867,28362,25268,4165,6622,1647,17193,0,6,3261,485,249,0,-400,-113,0,1397,-476,1196
"2024-08-21",37,27048,28831,25523,4109,6622,971,17193,0,9,3320,533,230,-536,-307,-5,-279,1397,-147,1351
"2024-08-21",38,27220,28996,25739,4053,6622,543,17193,0,8,3373,538,224,-656,-193,0,-300,1397,-119,1366
"2024-08-21",39,26948,29398,25539,4043,6622,204,17193,0,4,3363,781,2,-933,-55,0,-819,1397,-139,1306
"2024-08-21",40,26454,28971,25092,4033,6622,37,17193,0,8,3108,799,-21,-937,-50,0,-857,1397,-144,1297
"2024-08-21",41,25970,28691,24682,3997,6622,0,17193,0,7,3324,652,-74,-1016,63,0,-825,1397,-299,1099
"2024-08-21",42,25709,28460,24438,3960,6622,0,17193,0,6,3317,637,-81,-1019,84,0,-822,1397,-323,1077
"2024-08-21",43,25013,28565,23738,3971,6622,0,17193,0,6,3196,324,-240,-968,-21,-3,-851,1397,-963,911
"2024-08-21",44,23832,27507,22622,3981,6622,0,17193,0,7,3106,290,-258,-962,-18,-57,-853,1395,-1020,882
"2024-08-21",45,22258,26284,21191,4001,6622,0,17193,0,9,3143,-329,-491,-830,63,14,-893,1373,-974,75
"2024-08-21",46,21403,25542,20464,4021,6622,0,17193,0,11,3200,-421,-516,-816,120,1,-896,1346,-968,-11
"2024-08-21",47,19855,26342,19063,4046,6622,0,17193,0,246,3303,-1433,-740,-1008,72,-10,-1013,975,-821,-716
"2024-08-21",48,19133,26064,18406,4070,6622,0,17193,0,339,3296,-1533,-763,-1015,-36,-134,-1021,897,-808,-782
"2024-08-22",1,18191,25720,17523,4116,6622,0,17193,0,706,3508,-1766,-557,-1014,44,-286,-1021,526,-861,-818
"2024-08-22",2,17543,24662,17001,4162,6622,0,17193,0,676,3597,-1785,-2,-1014,84,-436,-1021,447,-864,-821
"2024-08-22",3,16938,24233,16475,4290,6622,0,17193,0,650,3529,-1919,-2,-1025,-48,-517,-1021,77,-768,-845
"2024-08-22",4,16509,23931,16070,4418,6622,0,17193,0,900,3809,-1933,-2,-1024,-6,-428,-1022,-2,-757,-848
"2024-08-22",5,16102,24051,15733,4529,6622,0,17193,0,887,3986,-2004,-2,-1022,-84,-512,-1022,-378,-608,-930
"2024-08-22",6,15937,23995,15547,4639,6622,0,17193,0,742,3835,-2011,-2,-1023,-236,-530,-1022,-458,-595,-939
"2024-08-22",7,15584,24247,15189,4737,6622,0,17193,0,883,3898,-1957,-2,-1021,-260,-530,-1021,-840,-627,-1022
"2024-08-22",8,15452,24217,15043,4834,6622,0,17193,0,875,4267,-1956,-2,-1020,-280,-529,-1022,-922,-630,-1029
"2024-08-22",9,15096,24304,14703,4909,6622,0,17193,0,864,4225,-2044,-2,-1022,-267,-530,-1021,-1312,-617,-1029
"2024-08-22",10,15071,24344,14668,4984,6622,0,17193,0,862,4248,-2052,-1,-1021,-279,-530,-1021,-1358,-620,-1029
"2024-08-22",11,15385,24408,14973,4990,6622,0,17193,0,609,4269,-2053,-2,-1021,-243,-517,-1021,-1169,-875,-1013
"2024-08-22",12,15934,24532,15479,4996,6622,0,17193,0,291,4101,-2051,-1,-1020,-285,-417,-1021,-1116,-889,-1007
"2024-08-22",13,17632,24445,17015,4976,6622,4,17193,0,72,3962,-1629,-1,-1020,-334,-503,-876,-730,-395,-753
"2024-08-22",14,18942,25580,18162,4955,6622,51,17193,0,10,3945,-1563,-2,-1020,-425,-530,-863,-649,-347,-729
"2024-08-22",15,21145,25094,20109,4936,6622,211,17193,0,12,3866,-427,-1,-718,-450,-529,-241,-270,-93,-708
"2024-08-22",16,22177,25765,21007,4917,6622,428,17193,0,8,3766,-307,-2,-639,-451,-530,-184,-197,-67,-703
"2024-08-22",17,24028,26128,22673,4879,6622,707,17193,0,8,3897,-139,-2,86,-452,-529,616,79,135,-470
"2024-08-22",18,24647,26691,23316,4840,6622,1185,17193,0,4,4166,-118,-1,113,-451,-528,684,96,157,-442
"2024-08-22",19,25321,27149,24032,4801,6622,1356,17193,0,24,4241,222,-2,932,-452,-530,820,-279,393,-41
"2024-08-22",20,25246,27074,23962,4761,6622,1974,17193,0,6,4113,275,-2,1009,-452,-529,829,-333,412,-6
"2024-08-22",21,24861,26932,23515,4691,6622,2587,17193,0,9,3898,744,-1,1008,-452,-530,1007,-308,320,-271
"2024-08-22",22,24628,26711,23300,4621,6622,2825,17193,0,10,4057,781,-1,1008,-451,-530,1019,-302,311,-289
"2024-08-22",23,24507,26275,23260,4535,6622,3245,17193,0,11,4017,384,-1,1057,-452,-530,1019,-274,356,49
"2024-08-22",24,24494,26264,23234,4448,6622,3376,17193,0,9,3742,371,-1,1061,-451,-530,1019,-279,360,82
"2024-08-22",25,24526,26450,23229,4357,6622,4029,17193,0,12,3543,1348,-1,698,-452,-529,1018,-419,355,-11
"2024-08-22",26,24498,26443,23218,4266,6622,4045,17193,0,13,3670,1443,-1,683,-452,-529,1018,-431,354,-19
"2024-08-22",27,24211,26308,22979,4225,6622,4115,17193,0,266,3724,1590,-1,591,-451,-529,654,-279,344,-71
"2024-08-22",28,23945,25869,22655,4184,6622,4381,17193,0,133,3575,1556,-1,584,-451,-529,627,-241,341,-69
"2024-08-22",29,23628,25119,22348,4134,6622,4453,17193,0,8,3162,283,-2,921,-452,-529,568,11,218,258
"2024-08-22",30,23424,24911,22132,4084,6622,4500,17193,0,8,3059,137,-1,947,-451,-527,563,73,210,297
"2024-08-22",31,23661,25156,22327,3989,6622,4237,17193,0,13,2942,274,-1,1004,-452,-529,894,444,379,806
"2024-08-22",32,23866,25586,22513,3893,6622,4194,17193,0,239,2927,285,-1,1008,-451,-529,918,523,394,862
"2024-08-22",33,24479,26237,22911,3716,6622,3659,17193,0,276,2472,400,-1,816,-452,-529,715,893,412,1375
"2024-08-22",34,25267,26784,23489,3538,6622,3080,17193,0,33,2128,419,-2,745,-452,-530,700,971,414,1424
"2024-08-22",35,26065,27553,24196,3289,6622,2473,17193,0,7,1892,1111,-1,9,-451,-529,233,1343,432,1424
"2024-08-22",36,26800,28286,24775,3039,6622,2059,17193,0,2,1632,1174,-2,0,-452,-530,198,1398,433,1424
"2024-08-22",37,27001,29194,24897,2692,6622,1318,17193,0,0,1539,1266,-2,-711,-452,-528,13,1398,425,1424
"2024-08-22",38,26929,29325,24847,2344,6622,713,17193,0,0,1635,1276,-1,-916,-451,-528,0,1398,425,1423
"2024-08-22",39,27000,29358,24917,2169,6622,301,17193,0,0,1341,1532,-2,-839,-452,-527,-38,1399,532,1424
"2024-08-22",40,26817,29111,24780,1993,6622,68,17193,0,0,1254,1555,-1,-773,-451,-528,-41,1398,547,1424
"2024-08-22",41,27322,29118,25244,1956,6622,0,17193,0,0,1414,1972,-1,85,-452,-527,-316,1398,920,1422
"2024-08-22",42,27117,28925,25049,1919,6622,0,17193,0,0,1600,1997,-1,103,-451,-527,-329,1399,954,1422
"2024-08-22",43,26678,28162,24765,1943,6622,0,17193,0,2,1754,1325,-2,227,-452,-528,388,1399,972,1422
"2024-08-22",44,25701,27185,23883,1967,6622,0,17193,0,4,1756,1265,-1,232,-451,-528,446,1399,971,1422
"2024-08-22",45,24172,25642,22421,2009,6622,0,17193,0,8,1797,1234,-2,7,-452,-508,431,1399,856,1422
"2024-08-22",46,22601,23938,20931,2051,6622,0,17193,0,9,1793,1225,-2,0,-391,-435,429,1399,847,1422
"2024-08-22",47,21371,22648,19805,2056,6622,0,17193,0,12,2015,613,-1,355,-309,-455,551,1399,908,1363
"2024-08-22",48,20481,21833,18916,2061,6622,0,17193,0,15,1794,561,-1,395,-309,-527,559,1375,915,1352
"2024-08-23",1,19825,21177,18257,2110,6622,0,17193,0,14,1376,552,-2,632,-309,-527,337,1004,985,1089
"2024-08-23",2,19498,20852,17854,2158,6622,0,17193,0,17,997,551,-1,621,-309,-527,321,926,990,1057
"2024-08-23",3,18918,20378,17296,2283,6622,0,17193,0,19,1026,495,-2,-103,-309,-527,573,554,889,648
"2024-08-23",4,18700,20168,17050,2408,6622,0,17193,0,15,764,490,-2,-115,-309,-527,591,507,879,599
"2024-08-23",5,18036,19714,16422,2546,6622,0,17193,0,159,714,385,-1,-104,-309,-527,390,628,820,-78
"2024-08-23",6,17627,19576,15954,2683,6622,0,17193,0,368,503,380,-1,-104,-309,-527,375,625,814,-140
"2024-08-23",7,17256,19237,15574,2827,6622,0,17193,0,428,-4,667,-1,-201,-309,-527,57,288,751,-15
"2024-08-23",8,17227,19414,15484,2970,6622,0,17193,0,634,-133,690,-1,-210,-309,-525,34,228,747,-8
"2024-08-23",9,17068,19972,15366,3114,6622,0,17193,0,584,209,688,-1,-351,-309,-437,-276,52,868,-446
"2024-08-23",10,16977,20132,15289,3257,6622,0,17193,0,793,120,685,-1,-362,-309,-404,-299,26,879,-487
"2024-08-23",11,16866,20166,15175,3389,6622,0,17193,0,183,46,285,-2,-860,-309,-518,-296,20,895,-632
"2024-08-23",12,17322,20575,15679,3521,6622,0,17193,0,77,203,252,-2,-900,-309,-527,-296,42,898,-642
"2024-08-23",13,18556,21487,16881,3637,6622,2,17193,0,77,420,371,-1,-802,-309,-527,-366,397,932,-349
"2024-08-23",14,19666,22502,17964,3752,6622,137,17193,0,77,790,402,-1,-738,-309,-528,-362,461,933,-321
"2024-08-23",15,21463,23314,19541,3906,6622,618,17193,0,124,589,1417,-2,-9,-369,-529,435,647,812,-318
"2024-08-23",16,22239,24476,20246,4059,6622,1426,17193,0,445,817,1517,-1,0,-451,-529,502,688,802,-311
"2024-08-23",17,23010,25180,21008,4177,6622,2414,17193,0,686,1283,1639,-2,504,-452,-530,818,916,846,140
"2024-08-23",18,22854,25197,20983,4294,6622,3627,17193,0,861,1917,1637,-1,609,-451,-530,841,926,846,176
"2024-08-23",19,21840,24352,20152,4399,6622,4706,17193,0,859,2318,780,-2,772,-452,-529,977,556,543,-170
"2024-08-23",20,20758,23207,19264,4504,6622,6037,17193,0,775,2454,705,-1,791,-451,-529,986,507,515,-193
"2024-08-23",21,19853,22087,18426,4515,6622,7028,17193,0,753,2264,844,-1,909,-452,-528,1017,598,458,548
"2024-08-23",22,19187,21516,17801,4525,6622,7869,17193,0,847,2038,855,-1,917,-452,-529,1019,598,450,613
"2024-08-23",23,18504,20825,17155,4479,6622,8618,17193,0,841,3072,742,-1,374,-451,-528,706,381,220,271
"2024-08-23",24,17915,20186,16644,4433,6622,9067,17193,0,790,3181,736,-1,314,-452,-528,683,353,201,236
"2024-08-23",25,17673,19937,16356,4347,6622,9534,17193,0,663,3097,889,-1,-122,-451,-527,555,418,226,91
"2024-08-23",26,17551,20041,16283,4261,6622,9911,17193,0,885,3262,895,-1,-125,-452,-527,546,423,227,82
"2024-08-23",27,17509,19869,16248,4185,6622,9933,17193,0,880,3223,116,-1,711,-452,-527,304,341,150,464
"2024-08-23",28,17324,19683,16047,4108,6622,9792,17193,0,878,3122,65,-2,927,-452,-527,287,329,138,506
"2024-08-23",29,17360,19736,16151,4012,6622,9299,17193,0,786,3213,130,-1,1018,-451,-527,343,326,-111,879
"2024-08-23",30,17442,19786,16189,3916,6622,8625,17193,0,740,3139,141,-1,1024,-451,-527,347,348,-125,914
"2024-08-23",31,17979,20257,16669,3817,6622,7509,17193,0,797,2913,644,-2,435,-452,-527,644,696,302,862
"2024-08-23",32,19062,21340,17636,3717,6622,6924,17193,0,799,2765,687,-1,384,-451,-527,665,758,336,857
"2024-08-23",33,20050,22147,18501,3561,6622,6169,17193,0,616,2524,413,-2,186,-452,-527,471,923,60,919
"2024-08-23",34,20975,22726,19350,3405,6622,4785,17193,0,272,2526,397,-1,183,-451,-527,456,972,41,932
"2024-08-23",35,22632,24133,20877,3169,6622,3964,17193,0,20,2264,1006,-2,7,-452,-527,1,1343,380,1380
"2024-08-23",36,23954,25490,22102,2933,6622,2879,17193,0,11,2358,1061,-1,0,-451,-526,-47,1397,411,1422
"2024-08-23",37,24596,27068,22719,2607,6622,1718,17193,0,4,2327,1473,-2,-106,-452,-466,-942,1398,441,1422
"2024-08-23",38,25221,27828,23330,2280,6622,960,17193,0,2,2360,1508,-2,-116,-451,-521,-1015,1398,448,1422
"2024-08-23",39,25507,28130,23615,2140,6622,445,17193,0,2,2447,1659,-2,-844,-451,-527,-297,1397,697,1422
"2024-08-23",40,25893,28557,23967,1999,6622,105,17193,0,1,2255,1672,-2,-942,-452,-527,-240,1398,719,1422
"2024-08-23",41,25831,28123,23916,1979,6622,0,17193,0,1,2161,1464,-2,-811,-451,-527,68,1398,655,1422
"2024-08-23",42,25795,28075,23903,1959,6622,0,17193,0,1,2321,1446,-2,-799,-451,-527,91,1398,645,1420
"2024-08-23",43,25129,27305,23177,1947,6622,0,17193,0,1,2296,1071,-2,-695,-451,-527,21,1398,395,1276
"2024-08-23",44,24390,26560,22475,1934,6622,0,17193,0,1,2168,1040,-2,-687,-452,-528,16,1398,371,1258
"2024-08-23",45,23448,25834,21623,1926,6622,0,17193,0,1,2238,797,-2,-688,-451,-527,-217,1398,298,1013
"2024-08-23",46,22555,24907,20835,1918,6622,0,17193,0,1,2251,785,-2,-693,-391,-527,-238,1398,294,978
"2024-08-23",47,20907,24128,19325,1900,6622,0,17193,0,6,2199,1279,-2,-1032,-309,-466,-906,1398,486,188
"2024-08-23",48,20304,23497,18826,1881,6622,0,17193,0,10,1908,1329,-2,-1039,-308,-375,-959,1399,505,78
"2024-08-24",1,19663,23646,18235,1844,6622,0,17193,0,12,1905,1938,-2,-1064,-308,-496,-623,1399,647,-978
"2024-08-24",2,19110,23219,17711,1807,6622,0,17193,0,11,1906,1986,-2,-1063,-309,-527,-599,1399,660,-1098
"2024-08-24",3,18595,22796,17244,1801,6622,0,17193,0,11,1848,1864,-2,-1068,-309,-527,-686,1399,698,-1098
"2024-08-24",4,18395,22630,17067,1794,6622,0,17193,0,50,1957,1854,-2,-1068,-309,-519,-692,1399,706,-1095
"2024-08-24",5,18172,22095,16891,1739,6622,0,17193,0,14,1927,1894,-2,-1068,-309,-527,-409,1398,973,-1094
"2024-08-24",6,17898,21996,16604,1683,6622,0,17193,0,208,1947,1898,-2,-1068,-309,-527,-389,1398,997,-1095
"2024-08-24",7,17561,21518,16281,1652,6622,0,17193,0,147,2063,2000,-2,-1068,-309,-527,-312,1398,996,-1092
"2024-08-24",8,17219,21305,15950,1621,6622,0,17193,0,284,2069,2007,-1,-1068,-309,-528,-306,1398,996,-1090
"2024-08-24",9,17107,21000,15837,1554,6622,0,17193,0,399,2118,2006,-2,-1065,-309,-528,49,1398,996,-1090
"2024-08-24",10,17015,20914,15807,1487,6622,0,17193,0,408,2170,2005,-2,-1064,-309,-527,79,1397,997,-1089
"2024-08-24",11,17120,20739,15928,1442,6622,0,17193,0,261,2187,2003,-1,-1017,-309,-528,743,1397,997,-1003
"2024-08-24",12,17249,20607,16077,1397,6622,0,17193,0,14,2179,2004,-2,-1013,-309,-527,796,1397,997,-993
"2024-08-24",13,17644,20859,16461,1385,6622,1,17193,0,11,2183,2004,-1,-966,-309,-528,931,1397,997,-900
"2024-08-24",14,18259,21360,17070,1373,6622,39,17193,0,10,2294,2003,-2,-873,-309,-528,940,1397,997,-879
"2024-08-24",15,19680,21166,18346,1387,6622,150,17193,0,11,2243,1866,-1,565,-368,-528,983,1397,997,-78
"2024-08-24",16,20540,22132,19143,1401,6622,317,17193,0,110,2179,1855,-2,709,-452,-528,986,1397,995,18
"2024-08-24",17,22201,23695,20660,1471,6622,515,17193,0,11,2258,1902,-2,808,-452,-529,950,1397,913,896
"2024-08-24",18,22901,24393,21305,1541,6622,801,17193,0,9,2344,1904,-2,816,-452,-529,947,1397,906,988
"2024-08-24",19,23357,24845,21795,1641,6622,1154,17193,0,4,2343,1815,-3,223,-452,-529,1014,1397,945,988
"2024-08-24",20,23162,24647,21722,1740,6622,1491,17193,0,0,2367,1807,-3,175,-452,-530,1019,1397,949,988
"2024-08-24",21,23119,24603,21704,1866,6622,1987,17193,0,0,2611,1808,-3,702,-452,-529,1019,1397,949,988
"2024-08-24",22,23227,24659,21774,1991,6622,2586,17193,0,0,2783,1808,-3,744,-429,-500,1019,1397,949,988
"2024-08-24",23,22838,24008,21455,2090,6622,3275,17193,0,4,3086,1831,-3,1043,-303,-360,1019,1397,926,988
"2024-08-24",24,22573,23665,21219,2188,6622,3691,17193,0,5,3034,1833,-3,1066,-314,-270,1019,1397,923,988
"2024-08-24",25,21958,23251,20575,2249,6622,4527,17193,0,12,2807,1831,-3,1057,-377,-401,1019,1397,923,988
"2024-08-24",26,21270,22716,19938,2310,6622,4565,17193,0,9,2725,1833,-3,1056,-451,-483,1019,1397,925,988
"2024-08-24",27,20468,21951,19190,2384,6622,5072,17193,0,156,2746,1990,-3,1054,-392,-432,1019,1397,991,988
"2024-08-24",28,19665,21754,18450,2457,6622,5236,17193,0,756,2869,2003,-4,1052,-445,-384,1019,1397,997,987
"2024-08-24",29,19123,21173,18014,2534,6622,5810,17193,0,592,2942,1886,-5,1023,-444,-509,874,1397,996,926
"2024-08-24",30,18685,21008,17604,2610,6622,5999,17193,0,881,3130,1870,-5,1008,-410,-527,863,1397,997,919
"2024-08-24",31,18257,20279,17106,2696,6622,5997,17193,0,575,3130,1384,-5,621,-415,-527,598,1397,997,867
"2024-08-24",32,18087,20400,16903,2782,6622,5515,17193,0,873,3216,1342,-5,594,-410,-525,578,1397,997,860
"2024-08-24",33,18348,20511,17162,2877,6622,5549,17193,0,504,3209,1588,-5,-177,-451,-526,266,1397,997,975
"2024-08-24",34,19272,21277,17984,2971,6622,4606,17193,0,316,3316,1605,-5,-206,-451,-527,243,1397,996,964
"2024-08-24",35,20399,21909,19038,2975,6622,3802,17193,0,18,3206,1454,-5,-8,-452,-527,66,1397,996,2
"2024-08-24",36,21542,23103,20135,2979,6622,3021,17193,0,9,3234,1439,-5,0,-432,-509,53,1397,997,-106
"2024-08-24",37,22435,24606,21029,2834,6622,2343,17193,0,4,3507,1257,-5,-395,-334,-386,73,1397,997,-547
"2024-08-24",38,22931,25364,21531,2689,6622,1463,17193,0,1,3431,1238,-5,-470,-428,-447,74,1398,996,-582
"2024-08-24",39,23590,25648,22207,2584,6622,643,17193,0,0,3349,1054,-5,-393,-452,-527,143,1398,996,-181
"2024-08-24",40,23594,25598,22196,2479,6622,129,17193,0,4,3251,1028,-5,-386,-452,-528,147,1398,991,-129
"2024-08-24",41,23997,25819,22550,2443,6622,0,17193,0,4,3370,232,-5,-332,-452,-529,188,1398,659,725
"2024-08-24",42,24319,26137,22852,2406,6622,0,17193,0,6,3459,163,-5,-327,-452,-528,191,1398,629,805
"2024-08-24",43,23669,25450,22230,2409,6622,0,17193,0,11,3359,197,-5,-286,-452,-527,498,1398,562,746
"2024-08-24",44,22841,24621,21430,2411,6622,0,17193,0,11,3194,197,-5,-284,-452,-528,519,1398,552,726
"2024-08-24",45,21630,23977,20349,2420,6622,0,17193,0,4,3292,107,-5,-857,-452,-529,10,1398,243,152
"2024-08-24",46,20947,23318,19742,2429,6622,0,17193,0,7,3471,93,-15,-904,-388,-528,-29,1374,208,84
"2024-08-24",47,19490,23836,18362,2423,6622,0,17193,0,9,3674,-394,-662,-757,-302,-528,-220,1003,-278,-696
"2024-08-24",48,18864,23451,17822,2417,6622,0,17193,0,15,3660,-455,-721,-742,-302,-529,-233,925,-321,-769
"2024-08-25",1,18139,23004,17151,2359,6622,0,17193,0,15,3678,-546,-578,-965,-301,-529,-445,554,-253,-733
"2024-08-25",2,17980,22996,17073,2301,6622,0,17193,0,168,3804,-557,-564,-968,-302,-527,-460,476,-246,-724
"2024-08-25",3,17538,22737,16665,2294,6622,0,17193,0,569,3851,-856,-539,-870,-301,-527,-448,105,-199,-390
"2024-08-25",4,17025,22047,16227,2286,6622,0,17193,0,433,3862,-872,-530,-861,-302,-529,-447,25,-192,-356
"2024-08-25",5,16652,20643,15884,2278,6622,0,17193,0,820,3713,-199,-64,-563,-301,-527,-427,-350,-21,-219
"2024-08-25",6,16243,20189,15500,2270,6622,0,17193,0,886,3696,-147,-23,-542,-302,-497,-426,-411,-6,-206
"2024-08-25",7,15951,20683,15296,2261,6622,0,17193,0,799,3936,-645,-189,-753,-301,-355,-376,-501,-61,-252
"2024-08-25",8,15867,20606,15212,2252,6622,0,17193,0,874,4039,-691,-209,-756,-302,-203,-372,-513,-64,-255
"2024-08-25",9,15468,20842,14795,2228,6622,0,17193,0,876,4078,-1088,-509,-889,-302,-72,-487,-492,-10,-149
"2024-08-25",10,15219,20575,14518,2203,6622,0,17193,0,871,4001,-1120,-534,-893,-301,-17,-495,-486,-3,-136
"2024-08-25",11,15433,20440,14693,2211,6622,0,17193,0,866,4011,-999,-371,-958,-286,-125,-463,-439,93,33
"2024-08-25",12,15211,20077,14472,2219,6622,0,17193,0,835,3969,-989,-352,-959,-158,-195,-460,-418,100,50
"2024-08-25",13,15659,19727,14897,2272,6622,12,17193,0,769,4002,-776,-121,-883,-22,-341,-449,-207,46,171
"2024-08-25",14,15652,19665,14819,2325,6622,305,17193,0,805,3920,-752,-106,-874,63,-373,-448,-155,39,179
"2024-08-25",15,16362,19680,15481,2497,6622,990,17193,0,856,3884,-209,-513,-384,121,-499,-240,172,-57,-60
"2024-08-25",16,16456,19749,15595,2669,6622,2015,17193,0,853,4107,-155,-544,-346,101,-530,-221,218,-65,-79
"2024-08-25",17,17098,19257,16136,2908,6622,3121,17193,0,846,4062,399,-44,-239,86,-530,440,175,12,124
"2024-08-25",18,16318,18439,15229,3146,6622,4145,17193,0,855,3912,454,9,-227,-9,-530,492,180,25,139
"2024-08-25",19,16324,18551,15196,3418,6622,5148,17193,0,850,4047,16,399,392,-128,-531,590,347,260,-218
"2024-08-25",20,16202,18572,15024,3689,6622,6111,17193,0,846,4138,-13,434,470,-234,-530,597,349,282,-247
"2024-08-25",21,15762,18174,14569,3866,6622,6727,17193,0,773,3585,-336,337,857,-243,-515,975,-25,305,-20
"2024-08-25",22,15532,18238,14402,4043,6622,6901,17193,0,841,3840,-368,327,886,-391,-529,1002,-77,307,0
"2024-08-25",23,15494,18403,14426,4170,6622,6929,17193,0,757,3700,-677,277,953,-451,-481,945,-15,302,-28
"2024-08-25",24,15797,18711,14732,4296,6622,6557,17193,0,707,3674,-698,275,955,-451,-523,941,0,301,-35
"2024-08-25",25,16476,18890,15326,4394,6622,6346,17193,0,780,3300,-110,423,953,-452,-530,965,83,301,-42
"2024-08-25",26,16956,19370,15765,4491,6622,6048,17193,0,825,3419,-63,437,953,-452,-530,967,86,303,-44
"2024-08-25",27,16962,19533,15785,4540,6622,5244,17193,0,813,3427,0,486,816,-452,-529,838,-55,453,-222
"2024-08-25",28,17189,19509,16015,4589,6622,4750,17193,0,525,3521,-3,486,805,-451,-517,828,-82,465,-242
"2024-08-25",29,16931,20166,15835,4583,6622,4848,17193,0,788,4388,-453,250,325,-451,-416,737,-168,347,-459
"2024-08-25",30,16961,20333,15859,4577,6622,4349,17193,0,800,4500,-509,224,287,-451,-467,730,-165,336,-480
"2024-08-25",31,17128,20548,16015,4565,6622,3845,17193,0,703,4475,-977,-26,364,-387,-347,620,75,248,-480
"2024-08-25",32,18300,21631,17092,4553,6622,3171,17193,0,615,4128,-1002,-58,365,-445,-231,611,134,230,-480
"2024-08-25",33,19424,22862,18100,4497,6622,2853,17193,0,113,4025,-62,-621,-444,-452,-319,145,505,-409,-518
"2024-08-25",34,20448,23938,19031,4440,6622,2507,17193,0,14,4061,1,-671,-556,-452,-332,109,584,-455,-510
"2024-08-25",35,21897,25024,20394,4320,6622,2007,17193,0,14,4028,104,-482,-1018,-383,-311,-419,954,245,267
"2024-08-25",36,22673,25877,21136,4200,6622,1426,17193,0,15,3916,115,-461,-1024,-420,-325,-459,1030,307,342
"2024-08-25",37,22931,26220,21402,4054,6622,888,17193,0,17,3616,528,-229,-1021,-387,-410,-725,1350,286,536
"2024-08-25",38,22869,26119,21256,3907,6622,534,17193,0,13,3282,562,-209,-1022,-426,-336,-744,1397,276,557
"2024-08-25",39,22947,25931,21295,3772,6622,258,17193,0,6,3293,461,-302,-1003,-345,-239,-334,1397,-255,717
"2024-08-25",40,23148,26210,21467,3636,6622,53,17193,0,8,3353,453,-314,-1003,-260,-366,-305,1397,-306,738
"2024-08-25",41,22875,26814,21175,3473,6622,0,17193,0,4,3241,216,-523,-971,-362,-504,-497,1397,-578,1077
"2024-08-25",42,22578,26685,20917,3310,6622,0,17193,0,0,2817,195,-547,-967,-450,-529,-510,1397,-604,1106
"2024-08-25",43,22199,26365,20623,3157,6622,0,17193,0,0,2702,33,-801,-924,-451,-529,-280,1398,-681,994
"2024-08-25",44,21543,25725,20075,3004,6622,0,17193,0,0,2510,20,-825,-921,-451,-529,-264,1398,-692,984
"2024-08-25",45,20529,25380,19160,2893,6622,0,17193,0,1,2695,132,-840,-1017,-451,-530,-624,1398,-888,1144
"2024-08-25",46,19937,24818,18643,2782,6622,0,17193,0,3,2759,144,-839,-1020,-450,-529,-649,1398,-891,1148
"2024-08-25",47,18983,23401,17815,2640,6622,0,17193,0,5,2676,-383,-666,-951,-387,-530,-996,1398,1,474
"2024-08-25",48,18233,23097,17058,2497,6622,0,17193,0,6,2487,-909,-652,-946,-301,-529,-1021,1376,74,419
"2024-08-26",1,17626,23079,16398,2340,6622,0,17193,0,15,2303,-969,-777,-1043,-300,-529,-1021,1024,-299,1037
"2024-08-26",2,17322,23070,16028,2183,6622,0,17193,0,255,2244,-976,-790,-1046,-300,-528,-1021,967,-332,1085
"2024-08-26",3,17030,22846,15716,2119,6622,0,17193,0,436,2208,-1146,-869,-731,-300,-528,-1021,893,-285,407
"2024-08-26",4,17013,22797,15682,2055,6622,0,17193,0,415,2117,-1161,-872,-707,-300,-530,-1021,872,-278,345
"2024-08-26",5,16961,22159,15576,1985,6622,0,17193,0,564,1962,-919,-545,-737,-300,-529,-981,715,-123,510
"2024-08-26",6,16781,21918,15412,1915,6622,0,17193,0,565,2025,-900,-518,-738,-300,-530,-978,691,-108,527
"2024-08-26",7,16792,21788,15382,1868,6622,0,17193,0,445,1861,-821,-729,-612,-300,-529,-1018,669,-42,576
"2024-08-26",8,16499,21619,15078,1820,6622,0,17193,0,562,1763,-815,-749,-607,-300,-529,-1021,680,-37,578
"2024-08-26",9,16346,21836,14918,1738,6622,0,17193,0,557,1795,-1025,-723,-731,-300,-529,-1021,908,-104,431
"2024-08-26",10,16109,21570,14717,1656,6622,0,17193,0,499,1720,-1039,-716,-748,-300,-528,-1021,965,-110,414
"2024-08-26",11,16490,21410,15029,1604,6622,0,17193,0,328,1728,-655,-388,-1058,-300,-528,-1021,1336,-142,295
"2024-08-26",12,16689,21299,15205,1551,6622,0,17193,0,96,1794,-613,-351,-1061,-300,-527,-1021,1391,-141,306
"2024-08-26",13,18030,21467,16337,1501,6622,4,17193,0,31,1537,88,67,-1058,-300,-527,-1021,1398,80,1265
"2024-08-26",14,18545,22085,16737,1450,6622,212,17193,0,134,1333,169,107,-1058,-300,-527,-1021,1399,99,1365
"2024-08-26",15,19130,22552,17158,1452,6622,794,17193,0,52,1145,284,176,-1022,-300,-527,-1021,1398,46,1417
"2024-08-26",16,19282,22657,17113,1454,6622,1526,17193,0,17,902,294,182,-1019,-296,-527,-1016,1399,45,1423
"2024-08-26",17,19973,22598,17693,1526,6622,2509,17193,0,16,911,425,188,-1019,-251,-528,-311,1398,244,1422
"2024-08-26",18,19784,22247,17468,1597,6622,3372,17193,0,16,948,432,184,-913,-251,-528,-255,1398,264,1422
"2024-08-26",19,20097,21540,17733,1682,6622,4394,17193,0,83,844,-10,-61,-9,-252,-528,206,1397,338,1396
"2024-08-26",20,19874,21289,17589,1766,6622,5254,17193,0,17,1173,-36,-81,0,-252,-529,239,1397,343,1393
"2024-08-26",21,19725,21022,17410,1782,6622,5704,17193,0,17,1140,27,95,766,-252,-528,408,1397,216,1419
"2024-08-26",22,19666,20963,17380,1797,6622,6110,17193,0,17,1238,24,112,1008,-252,-528,420,1397,205,1421
"2024-08-26",23,19487,21043,17138,1814,6622,6223,17193,0,18,1237,-259,142,1054,-251,-528,743,1398,286,1421
"2024-08-26",24,19402,20960,17073,1830,6622,6665,17193,0,22,1185,-256,149,1055,-252,-528,766,1398,296,1421
"2024-08-26",25,20016,21405,17707,1833,6622,7200,17193,0,110,920,933,454,1053,-252,-527,888,1398,492,1421
"2024-08-26",26,19597,21453,17319,1835,6622,7395,17193,0,577,1127,1088,485,1052,-252,-527,896,1398,508,1422
"2024-08-26",27,19272,20610,17020,1851,6622,7360,17193,0,59,940,1077,653,1051,-252,-527,476,1398,431,1421
"2024-08-26",28,18839,20366,16666,1867,6622,7119,17193,0,248,1043,1065,669,1049,-252,-527,446,1399,424,1422
"2024-08-26",29,18317,19646,16154,1872,6622,6668,17193,0,50,1081,346,631,527,-252,-527,338,1399,401,1421
"2024-08-26",30,18508,19806,16330,1877,6622,6577,17193,0,19,933,296,630,472,-252,-527,330,1399,402,1421
"2024-08-26",31,19293,21100,17072,1868,6622,6105,17193,0,441,978,1228,767,-87,-252,-527,255,1399,644,1422
"2024-08-26",32,19947,21708,17679,1859,6622,5649,17193,0,403,898,1321,782,-104,-243,-511,249,1399,669,1371
"2024-08-26",33,20401,21997,18069,1776,6622,4813,17193,0,110,771,1810,930,-422,-158,-383,-23,1399,842,156
"2024-08-26",34,21898,23412,19523,1693,6622,4048,17193,0,11,676,1852,943,-471,-239,-242,-45,1399,851,-6
"2024-08-26",35,23092,25685,20674,1616,6622,3263,17193,0,10,1004,1913,897,-581,-250,-186,-597,1399,416,-469
"2024-08-26",36,24637,27317,22206,1538,6622,2305,17193,0,4,1402,1909,890,-600,-230,-188,-638,1399,374,-520
"2024-08-26",37,25293,28586,22907,1452,6622,1402,17193,0,8,1801,1128,718,-1016,-97,-43,-583,1399,172,-1046
"2024-08-26",38,25988,29213,23633,1366,6622,729,17193,0,7,2050,1059,696,-1018,57,-26,-579,1399,158,-1095
"2024-08-26",39,26032,29638,23760,1388,6622,290,17193,0,1,2449,899,245,-1019,201,11,-991,1399,422,-1095
"2024-08-26",40,26008,29645,23808,1409,6622,40,17193,0,0,2717,886,204,-1019,244,12,-1021,1399,444,-1097
"2024-08-26",41,26481,30116,24303,1487,6622,0,17193,0,0,2978,1110,249,-1019,242,107,-1021,1399,353,-1095
"2024-08-26",42,26034,29667,23846,1564,6622,0,17193,0,0,3040,1123,250,-1018,171,33,-1021,1399,340,-1094
"2024-08-26",43,25171,28485,23078,1634,6622,0,17193,0,0,2975,533,21,-1019,102,113,-701,1399,10,-1094
"2024-08-26",44,24008,27337,22068,1704,6622,0,17193,0,5,3214,477,1,-1019,-12,25,-678,1399,-21,-1094
"2024-08-26",45,22833,26499,21103,1813,6622,0,17193,0,8,3382,-43,88,-1019,70,0,-998,1399,-21,-1077
"2024-08-26",46,21789,25509,20243,1922,6622,0,17193,0,9,3679,-85,97,-1018,97,0,-1020,1399,-15,-1073
"2024-08-26",47,20449,23885,19022,2042,6622,0,17193,0,8,3715,357,185,-1014,169,18,-825,1399,306,-1089
"2024-08-26",48,19516,22938,18199,2161,6622,0,17193,0,8,3731,408,189,-1012,244,148,-811,1399,328,-1091
"2024-08-27",1,18823,22329,17626,2303,6622,0,17193,0,8,3785,76,-44,-1076,244,234,-787,1399,7,-1091
"2024-08-27",2,18409,21971,17275,2444,6622,0,17193,0,12,3688,54,-68,-1079,244,303,-786,1399,-26,-1091
"2024-08-27",3,18110,22259,17015,2547,6622,0,17193,0,13,3666,6,-258,-1078,243,166,-1005,1399,-204,-1091
"2024-08-27",4,17894,22232,16981,2650,6622,0,17193,0,153,3645,1,-276,-1078,244,165,-1021,1375,-219,-1091
"2024-08-27",5,17124,22129,16336,2728,6622,0,17193,0,651,3567,-223,-285,-1069,244,159,-1021,1004,-165,-1091
"2024-08-27",6,16785,22010,16052,2806,6622,0,17193,0,858,3774,-243,-285,-1067,244,209,-1021,932,-160,-1091
"2024-08-27",7,16295,21719,15667,2910,6622,0,17193,0,843,4033,-506,-231,-1064,244,167,-1021,661,-168,-1091
"2024-08-27",8,16151,21373,15530,3013,6622,0,17193,0,619,4089,-530,-227,-1064,244,175,-1021,614,-170,-1091
"2024-08-27",9,16063,21412,15551,3095,6622,0,17193,0,370,3997,-826,-297,-1061,244,171,-1021,497,-183,-1091
"2024-08-27",10,16056,21384,15565,3177,6622,0,17193,0,315,3876,-853,-304,-1061,233,120,-1021,503,-183,-1091
"2024-08-27",11,16513,22334,16021,3230,6622,0,17193,0,639,3845,-1034,-294,-1059,243,258,-1021,874,-183,-1091
"2024-08-27",12,17047,23068,16521,3283,6622,0,17193,0,834,3695,-1042,-293,-1058,244,222,-1021,953,-182,-1091
"2024-08-27",13,18777,23903,18149,3357,6622,3,17193,0,607,3435,-492,-247,-1058,168,77,-1021,1324,-110,-1091
"2024-08-27",14,19951,24443,19219,3430,6622,203,17193,0,40,3252,-442,-238,-1058,35,0,-1021,1380,-102,-1091
"2024-08-27",15,21439,25137,20476,3542,6622,653,17193,0,18,3025,-241,68,-1020,-73,-58,-680,1396,-17,-1091
"2024-08-27",16,22318,26130,21216,3653,6622,1295,17193,0,18,3212,-222,96,-1018,-97,-201,-655,1397,-9,-1092
"2024-08-27",17,23556,26621,22312,3780,6622,1923,17193,0,13,3209,61,107,-771,-219,-351,-120,1397,24,-1091
"2024-08-27",18,23664,26751,22386,3906,6622,2350,17193,0,19,3386,92,107,-738,-251,-410,-81,1397,31,-1088
"2024-08-27",19,23990,26979,22613,4020,6622,3076,17193,0,16,3352,-442,18,-389,-250,-512,126,1397,84,-880
"2024-08-27",20,23811,26755,22383,4133,6622,3805,17193,0,16,3399,-508,6,-316,-251,-528,142,1397,89,-825
"2024-08-27",21,23748,25772,22265,4142,6622,3988,17193,0,357,3389,-237,-153,147,-250,-527,379,1397,33,261
"2024-08-27",22,23383,25515,21879,4150,6622,4618,17193,0,477,3419,-211,-165,151,-251,-528,397,1397,32,389
"2024-08-27",23,23758,25453,22155,4120,6622,4623,17193,0,417,3507,206,7,199,-251,-527,841,1397,301,600
"2024-08-27",24,23410,25389,21760,4090,6622,4982,17193,0,700,3491,255,26,201,-251,-528,873,1397,323,620
"2024-08-27",25,23643,25750,22026,4009,6622,5383,17193,0,829,3592,447,223,474,-250,-528,753,1397,200,676
"2024-08-27",26,23521,25492,21921,3927,6622,5435,17193,0,692,3599,462,241,495,-251,-528,744,1397,188,682
"2024-08-27",27,23177,24943,21568,3806,6622,5756,17193,0,487,3479,352,248,472,-251,-528,811,1397,137,748
"2024-08-27",28,23099,24969,21506,3685,6622,5564,17193,0,592,3351,342,243,468,-250,-528,815,1397,131,751
"2024-08-27",29,22683,24850,21110,3528,6622,5710,17193,0,776,3242,219,-113,248,-250,-528,606,1397,96,521
"2024-08-27",30,22631,24867,21050,3370,6622,5510,17193,0,817,3197,217,-141,245,-250,-528,591,1397,95,492
"2024-08-27",31,22834,24247,21266,3213,6622,5048,17193,0,135,3171,746,233,8,-250,-528,466,1397,199,44
"2024-08-27",32,23095,24401,21487,3056,6622,4820,17193,0,15,3058,793,268,0,-251,-528,456,1397,211,-12
"2024-08-27",33,23146,25858,21448,2848,6622,4425,17193,0,12,2968,712,322,-572,-250,-528,302,1397,315,-850
"2024-08-27",34,24692,27611,22825,2639,6622,3638,17193,0,5,2710,708,328,-704,-251,-529,269,1397,324,-930
"2024-08-27",35,26362,30115,24307,2414,6622,2548,17193,0,8,2578,1158,396,-710,-250,-529,-768,1397,212,-988
"2024-08-27",36,27699,31560,25568,2189,6622,1791,17193,0,6,2409,1197,402,-712,-251,-527,-869,1397,199,-996
"2024-08-27",37,28009,32265,25841,2012,6622,1258,17193,0,6,2435,1286,379,-995,-251,-527,-896,1397,20,-1081
"2024-08-27",38,28548,32836,26455,1834,6622,617,17193,0,6,2563,1293,376,-1017,-251,-527,-898,1397,7,-1089
"2024-08-27",39,28082,32491,26088,1775,6622,203,17193,0,12,2509,1174,306,-1017,-251,-527,-1013,1397,194,-1089
"2024-08-27",40,27731,32148,25744,1715,6622,24,17193,0,12,2476,1171,301,-1018,-250,-527,-1021,1398,210,-1089
"2024-08-27",41,27941,31806,25846,1692,6622,0,17193,0,11,2106,1532,339,-944,-250,-528,-599,1398,174,-1033
"2024-08-27",42,27700,31510,25612,1668,6622,0,17193,0,8,1975,1560,341,-937,-250,-527,-568,1399,168,-1020
"2024-08-27",43,27037,29732,24962,1661,6622,0,17193,0,11,2135,1217,285,-658,-250,-527,-160,1399,-29,-560
"2024-08-27",44,25811,28438,23893,1653,6622,0,17193,0,16,2245,1185,276,-637,-250,-528,-131,1399,-48,-517
"2024-08-27",45,24585,27180,22762,1644,6622,0,17193,0,16,2453,908,41,-716,-250,-527,-82,1399,-27,-477
"2024-08-27",46,23368,25949,21661,1635,6622,0,17193,0,15,2617,883,19,-723,-250,-527,-79,1399,-25,-462
"2024-08-27",47,21840,23707,20284,1630,6622,0,17193,0,14,2814,467,36,-692,-196,-465,252,1399,25,241
"2024-08-27",48,20863,22617,19421,1624,6622,0,17193,0,14,2953,434,39,-689,-237,-314,276,1399,28,307
"2024-08-28",1,20285,21850,18937,1580,6622,0,17193,0,13,2941,648,113,-491,-250,-311,187,1399,28,254
"2024-08-28",2,19801,21435,18599,1536,6622,0,17193,0,15,2939,664,122,-475,-250,-394,181,1398,28,246
"2024-08-28",3,19343,21020,18157,1526,6622,0,16398,0,15,2926,702,231,-496,-250,-416,118,1399,41,65
"2024-08-28",4,19215,20809,18036,1516,6622,0,16398,0,15,3140,707,241,-498,-250,-331,114,1399,42,40
"2024-08-28",5,18659,21238,17540,1499,6622,0,16398,0,15,3289,860,202,-1022,-250,-326,62,1398,4,-466
"2024-08-28",6,18234,20883,17157,1482,6622,0,16398,0,15,3101,876,202,-1063,-250,-301,59,1398,6,-520
"2024-08-28",7,18260,21341,17156,1453,6622,0,16398,0,15,3031,1256,405,-1066,-250,-260,-83,1398,437,-907
"2024-08-28",8,18070,21237,16951,1424,6622,0,16398,0,15,3032,1287,424,-1068,-250,-298,-93,1398,474,-943
"2024-08-28",9,17981,21055,16747,1404,6622,0,16398,0,15,2824,1437,411,-1066,-250,-155,-188,1398,335,-900
"2024-08-28",10,18088,21117,16831,1384,6622,0,16398,0,13,2691,1448,412,-1066,-250,-109,-195,1398,324,-896
"2024-08-28",11,18470,21684,17191,1357,6622,0,16398,0,12,2711,1309,494,-1063,-194,-12,-471,1398,437,-962
"2024-08-28",12,19227,22458,17870,1330,6622,0,16398,0,12,2848,1299,504,-1063,-195,-1,-490,1398,451,-970
"2024-08-28",13,20709,24079,19265,1307,6622,1,16398,0,12,2579,1366,618,-1061,-250,-86,-425,1397,719,-1036
"2024-08-28",14,21710,24913,20120,1284,6622,136,16398,0,12,2501,1374,629,-944,-215,-81,-417,1398,738,-1034
"2024-08-28",15,23625,25098,21776,1260,6622,478,16398,0,9,2247,1636,621,140,-250,-213,197,1397,400,-501
"2024-08-28",16,24157,25659,22165,1235,6622,1073,16398,0,4,2198,1660,626,168,-234,-365,245,1398,376,-399
"2024-08-28",17,25951,27210,23793,1260,6622,1485,16398,0,7,2155,1978,960,769,-250,-502,437,1397,735,835
"2024-08-28",18,26475,27764,24259,1285,6622,2073,16398,0,11,2223,2002,991,818,-251,-527,451,1398,771,987
"2024-08-28",19,26598,27884,24340,1341,6622,2583,16398,0,9,2191,1690,148,996,-250,-527,933,1397,978,987
"2024-08-28",20,26609,27903,24377,1397,6622,3261,16398,0,16,2308,1656,-1,1009,-250,-527,969,1397,995,993
"2024-08-28",21,26514,27809,24369,1497,6622,4063,16398,0,17,2257,1931,-1,1009,-250,-527,969,1397,908,1388
"2024-08-28",22,26331,27628,24227,1597,6622,4609,16398,0,17,2406,1954,-2,1010,-251,-527,969,1397,901,1424
"2024-08-28",23,26146,27440,24044,1661,6622,4983,16398,0,16,2594,1843,-1,1054,-251,-526,1016,1397,962,1339
"2024-08-28",24,25975,27271,23947,1725,6622,5749,16398,0,16,2703,1835,-2,1056,-251,-527,1019,1398,968,1332
"2024-08-28",25,25662,26937,23669,1785,6622,6075,16398,0,14,2696,1852,-1,1057,-245,-515,973,1397,993,1412
"2024-08-28",26,25419,26685,23525,1844,6622,5997,16398,0,14,2722,1854,-1,1056,-236,-515,969,1397,996,1420
"2024-08-28",27,24994,26181,23122,1892,6622,5885,16398,0,14,2739,1807,-2,1056,-250,-421,1016,1397,997,1372
"2024-08-28",28,24913,26181,23027,1939,6622,5731,16398,0,12,2779,1804,-2,1057,-250,-504,1019,1397,997,1360
"2024-08-28",29,24828,26077,22945,1968,6622,5680,16398,0,14,2614,1826,-2,1056,-250,-483,980,1397,997,1022
"2024-08-28",30,25086,26350,23173,1997,6622,5470,16398,0,14,2636,1829,-2,1056,-250,-498,977,1398,995,987
"2024-08-28",31,25059,26194,23185,2045,6622,4581,16398,0,17,2986,1968,-2,1002,-250,-366,899,1397,893,970
"2024-08-28",32,25385,26471,23577,2092,6622,4062,16398,0,17,3021,1979,-2,896,-250,-317,891,1398,875,915
"2024-08-28",33,25317,26613,23501,2100,6622,3606,16398,0,11,2925,1866,-2,8,-235,-195,293,1398,309,-353
"2024-08-28",34,26795,28320,24839,2108,6622,3298,16398,0,10,2744,1858,-2,0,-250,-243,247,1398,254,-520
"2024-08-28",35,27429,30210,25359,2003,6622,2424,16398,0,8,2281,1627,-2,-733,-250,-146,-101,1398,21,-1041
"2024-08-28",36,28425,31530,26262,1897,6622,1829,16398,0,11,2096,1610,-2,-942,-251,-178,-130,1398,0,-1091
"2024-08-28",37,28809,32709,26673,1746,6622,1272,16398,0,5,2050,1655,-2,-1017,-250,-294,-739,1398,17,-1093
"2024-08-28",38,28740,32707,26587,1595,6622,762,16398,0,9,2071,1653,-2,-1020,-251,-305,-786,1399,25,-1094
"2024-08-28",39,29061,33092,26884,1488,6622,380,16398,0,5,2104,1169,-2,-1019,-250,-376,-785,1399,439,-1094
"2024-08-28",40,28964,33076,26764,1380,6622,50,16398,0,12,2177,1120,-2,-1019,-251,-454,-783,1399,472,-1091
"2024-08-28",41,28785,31962,26556,1299,6622,0,16398,0,5,2075,597,-2,-781,-251,-526,-192,1399,250,-920
"2024-08-28",42,28629,31707,26418,1218,6622,0,16398,0,8,2040,537,-2,-750,-251,-527,-148,1399,227,-892
"2024-08-28",43,27736,30215,25541,1171,6622,0,16398,0,9,1840,-157,-2,-516,-250,-526,-330,1399,49,-189
"2024-08-28",44,26601,29087,24480,1124,6622,0,16398,0,11,1754,-239,-2,-498,-251,-527,-343,1399,33,-115
"2024-08-28",45,25479,27461,23403,1102,6622,0,16398,0,13,1948,-16,-2,-543,-224,-526,-158,1399,6,355
"2024-08-28",46,24176,26032,22223,1079,6622,0,16398,0,14,2093,9,-2,-547,-166,-486,-141,1399,5,408
"2024-08-28",47,22896,24046,21135,1079,6622,0,16398,0,16,2177,942,-2,-170,-70,-392,482,1399,110,907
"2024-08-28",48,21558,22452,19903,1079,6622,0,16398,0,10,2412,1051,-2,-141,50,-241,531,1399,121,949
"2024-08-29",1,20660,21697,19147,1086,6622,0,16396,0,6,2261,927,-2,-382,-15,-132,460,1399,195,725
"2024-08-29",2,20013,21056,18534,1092,6622,0,16396,0,8,1998,918,-2,-401,-118,-14,454,1399,200,700
"2024-08-29",3,19800,20712,18338,1117,6622,0,16396,0,7,2266,1053,-2,-229,-174,0,584,1399,81,512
"2024-08-29",4,19627,20582,18232,1141,6622,0,16396,0,12,2398,1065,-2,-216,-225,0,593,1400,73,494
"2024-08-29",5,19525,20737,18201,1144,6622,0,16396,0,17,2495,1141,-2,-389,-249,-55,467,1399,256,437
"2024-08-29",6,18887,20614,17588,1147,6622,0,16396,0,531,2594,1148,-2,-402,-249,-43,458,1399,274,424
"2024-08-29",7,18581,20101,17340,1146,6622,0,16396,0,73,2526,1227,-2,-624,-249,-11,213,1399,422,-61
"2024-08-29",8,18313,20128,17042,1145,6622,0,16396,0,295,2547,1234,-2,-641,-249,-20,196,1399,433,-108
"2024-08-29",9,18132,19756,16880,1150,6622,0,16396,0,40,2550,1286,-2,-637,-231,-8,-2,1399,394,-204
"2024-08-29",10,18394,19992,17105,1154,6622,0,16396,0,14,2468,1288,-2,-637,-101,-99,-22,1400,390,-223
"2024-08-29",11,18423,21330,17117,1164,6622,0,16396,0,16,2688,1004,-2,-835,12,-18,-701,1399,344,-835
"2024-08-29",12,19104,22162,17766,1173,6622,0,16396,0,15,2686,982,-2,-851,-28,-15,-755,1399,339,-892
"2024-08-29",13,20278,23790,18844,1205,6622,2,16396,0,16,2646,1085,-1,-1015,-145,-130,-900,1399,236,-805
"2024-08-29",14,21393,24775,19821,1237,6622,223,16396,0,11,2502,1092,-2,-1017,-71,-96,-896,1399,225,-789
"2024-08-29",15,23199,24556,21360,1281,6622,898,16396,0,11,2365,1007,-2,-328,-15,-214,5,1398,124,-287
"2024-08-29",16,23993,25378,21989,1325,6622,1705,16396,0,16,2534,1011,-1,-269,-15,-365,88,1398,115,-219
"2024-08-29",17,25236,26263,23097,1449,6622,2603,16396,0,15,2442,1717,-1,444,-8,-503,738,1398,141,666
"2024-08-29",18,25130,26178,22968,1572,6622,3642,16396,0,19,2375,1780,-1,538,0,-528,790,1398,148,761
"2024-08-29",19,24879,25924,22745,1711,6622,4779,16396,0,15,2246,1817,-2,907,0,-528,930,1397,439,946
"2024-08-29",20,23950,25174,21865,1850,6622,5771,16396,0,194,2440,1820,-2,935,0,-528,940,1397,465,963
"2024-08-29",21,23117,24622,21172,1973,6622,6812,16396,0,475,2504,1937,-2,919,0,-528,1014,1397,487,944
"2024-08-29",22,22735,24350,20879,2096,6622,7509,16396,0,586,2868,1946,-1,917,0,-528,1019,1397,496,942
"2024-08-29",23,22264,24152,20295,2185,6622,7890,16396,0,868,2796,1954,-2,986,0,-518,1019,1397,880,981
"2024-08-29",24,21730,23635,19867,2274,6622,8256,16396,0,876,2742,1954,-2,991,0,-527,1019,1398,916,985
"2024-08-29",25,21683,23580,19861,2340,6622,8494,16396,0,868,2817,2001,-2,1012,0,-527,1019,1397,945,985
"2024-08-29",26,21556,23457,19760,2405,6622,8599,16396,0,872,2975,2003,-1,1014,0,-528,1019,1397,947,985
"2024-08-29",27,21137,23028,19425,2438,6622,8535,16396,0,863,2923,1957,-1,671,0,-527,1019,1397,889,966
"2024-08-29",28,20940,22834,19403,2470,6622,8367,16396,0,865,3054,1952,-2,616,0,-527,1019,1397,881,960
"2024-08-29",29,21070,22895,19524,2457,6622,7848,16396,0,856,3170,1564,-2,454,0,-467,729,1398,710,769
"2024-08-29",30,21506,23286,19702,2443,6622,7413,16396,0,815,3232,1528,-2,435,0,-463,707,1398,686,746
"2024-08-29",31,21523,22481,19674,2401,6622,6721,16396,0,69,3369,1061,-1,195,0,-388,602,1397,112,463
"2024-08-29",32,22090,23044,20092,2358,6622,6311,16396,0,13,3182,1011,-2,177,0,-439,593,1397,62,427
"2024-08-29",33,22187,23419,20251,2260,6622,5735,16396,0,10,3245,161,-2,-160,0,-376,59,1398,81,-184
"2024-08-29",34,23781,25234,21774,2161,6622,4740,16396,0,12,3257,79,-2,-216,0,-469,20,1398,81,-254
"2024-08-29",35,24861,27308,22759,2024,6622,3908,16396,0,12,3146,-591,-2,543,0,-381,279,1398,8,-961
"2024-08-29",36,26098,28518,23967,1887,6622,3000,16396,0,10,2975,-455,-2,647,0,-425,274,1398,2,-1028
"2024-08-29",37,27531,31170,25369,1676,6622,2096,16396,0,6,2782,1568,-2,-767,0,-497,-779,1399,52,-1088
"2024-08-29",38,28267,32300,26021,1465,6622,1245,16396,0,8,2739,1999,-2,-1020,0,-526,-883,1399,62,-1094
"2024-08-29",39,28469,32631,26258,1348,6622,490,16396,0,7,2710,1428,-2,-1021,0,-526,-1012,1399,395,-1094
"2024-08-29",40,28400,32574,26274,1230,6622,45,16396,0,8,2744,1366,-2,-1022,0,-527,-1021,1399,425,-1094
"2024-08-29",41,28649,32676,26441,1207,6622,0,16396,0,6,2991,448,-2,-1021,0,-526,-878,1399,472,-1094
"2024-08-29",42,28760,32778,26690,1183,6622,0,16396,0,6,2896,361,-2,-1021,0,-527,-869,1399,473,-1093
"2024-08-29",43,27432,31131,25511,1167,6622,0,16396,0,10,2894,-25,-2,-1001,0,-526,-622,1399,234,-1013
"2024-08-29",44,26424,30128,24616,1151,6622,0,16396,0,16,3013,-55,-2,-999,0,-527,-604,1399,210,-1001
"2024-08-29",45,25265,28557,23606,1137,6622,0,16396,0,12,3127,-224,-2,-885,0,-526,-462,1399,-9,-672
"2024-08-29",46,24005,27256,22432,1122,6622,0,16396,0,13,3210,-212,-2,-876,0,-527,-452,1399,-26,-643
"2024-08-29",47,22570,25501,21103,1109,6622,0,16396,0,14,3205,826,-2,-897,0,-526,-271,1399,152,-721
"2024-08-29",48,21369,24294,19981,1096,6622,0,16396,0,13,3171,950,-2,-898,0,-527,-258,1399,168,-727
"2024-08-30",1,20735,23460,19405,1048,6622,0,16396,0,10,3183,703,-2,-806,0,-527,-324,1399,182,-556
"2024-08-30",2,20292,22997,18998,1000,6622,0,16396,0,6,3122,684,-2,-799,0,-527,-329,1399,183,-542
"2024-08-30",3,19927,22807,18677,989,6622,0,16396,0,9,3180,788,-2,-872,0,-526,-286,1399,178,-685
"2024-08-30",4,19834,22733,18590,977,6622,0,16396,0,8,3143,808,-2,-875,0,-527,-283,1399,181,-704
"2024-08-30",5,19626,23101,18443,957,6622,0,16396,0,212,3127,1532,-1,-910,0,-526,-306,1399,392,-1020
"2024-08-30",6,19349,22942,18096,936,6622,0,16396,0,297,3115,1599,-2,-911,0,-527,-308,1399,412,-1048
"2024-08-30",7,19006,22734,17761,922,6622,0,16396,0,293,2908,1833,-1,-1042,0,-527,-392,1399,507,-973
"2024-08-30",8,19039,22770,17810,908,6622,0,16396,0,290,2934,1851,-2,-1047,0,-527,-398,1399,514,-967
"2024-08-30",9,18787,22485,17563,885,6622,0,16396,0,156,2895,1638,-2,-1033,0,-527,-445,1399,483,-1035
"2024-08-30",10,18630,22465,17359,862,6622,0,16396,0,285,2771,1621,-1,-1031,0,-527,-449,1399,480,-1042
"2024-08-30",11,18959,22992,17628,834,6622,0,16396,0,10,2594,1393,-1,-1008,0,-527,-928,1399,519,-1059
"2024-08-30",12,19711,23754,18314,806,6622,0,16396,0,11,2483,1374,-2,-1007,0,-499,-963,1398,524,-1061
"2024-08-30",13,20891,24895,19346,773,6622,1,16396,0,10,2361,1215,-1,-1042,0,-527,-834,1398,643,-1090
"2024-08-30",14,21922,25913,20227,740,6622,200,16396,0,11,2266,1202,-1,-1044,0,-527,-822,1397,653,-1086
"2024-08-30",15,23853,26321,21910,704,6622,857,16396,0,9,1989,1315,-1,-668,0,-527,-214,1397,617,-549
"2024-08-30",16,24297,26572,22158,668,6622,1816,16396,0,12,1792,1322,-1,-580,0,-528,-167,1397,614,-487
"2024-08-30",17,25366,26408,22968,703,6622,2902,16396,0,13,1694,1195,-1,311,0,-528,96,1397,668,255
"2024-08-30",18,25094,26133,22701,738,6622,4098,16396,0,10,1479,1188,-1,362,0,-528,114,1397,673,332
"2024-08-30",19,24445,25660,22077,761,6622,5231,16396,0,6,1282,1579,-1,-181,0,-527,99,1397,658,859
"2024-08-30",20,23520,24768,21202,783,6622,6319,16396,0,8,1355,1602,-1,-211,0,-528,98,1397,653,907
"2024-08-30",21,22659,23870,20359,783,6622,7252,16396,0,183,1390,1060,-1,433,0,-527,424,1397,406,795
"2024-08-30",22,22060,23382,19650,782,6622,8012,16396,0,294,1377,1008,-1,524,0,-527,447,1397,384,785
"2024-08-30",23,21755,23073,19341,761,6622,8439,16396,0,291,1506,741,228,488,0,-527,726,1397,362,890
"2024-08-30",24,21497,22814,19103,739,6622,8566,16396,0,290,1474,725,254,486,0,-527,746,1397,360,901
"2024-08-30",25,21861,23179,19541,713,6622,8473,16396,0,291,1355,1324,542,615,0,-527,763,1397,382,927
"2024-08-30",26,21923,23209,19672,687,6622,8407,16396,0,259,1340,1377,567,628,0,-527,764,1397,386,930
"2024-08-30",27,21856,23110,19632,669,6622,8450,16396,0,227,1116,1783,455,666,0,-527,920,1398,590,924
"2024-08-30",28,21939,23258,19701,651,6622,8194,16396,0,292,1122,1816,445,668,0,-527,931,1397,608,923
"2024-08-30",29,21691,23009,19493,644,6622,7757,16396,0,291,992,1783,452,577,0,-527,734,1398,582,928
"2024-08-30",30,21600,22917,19437,637,6622,7648,16396,0,290,1002,1781,452,571,0,-527,719,1398,581,922
"2024-08-30",31,21845,22906,19627,636,6622,7280,16396,0,34,962,1906,431,517,0,-527,473,1398,650,386
"2024-08-30",32,22278,23315,20016,635,6622,6647,16396,0,10,805,1917,428,507,0,-527,453,1398,656,331
"2024-08-30",33,22409,23596,20106,655,6622,5719,16396,0,9,728,1883,332,111,0,-527,-151,1398,652,82
"2024-08-30",34,23561,24792,21161,675,6622,4969,16396,0,7,512,1880,324,103,0,-526,-198,1399,649,52
"2024-08-30",35,24799,26486,22305,684,6622,3988,16396,0,7,512,1846,309,-348,0,-527,-44,1399,473,-261
"2024-08-30",36,25706,27481,23155,693,6622,3033,16396,0,10,560,1840,310,-410,0,-527,-33,1399,462,-295
"2024-08-30",37,26408,28316,23846,691,6622,2091,16396,0,8,880,1411,469,-206,0,-527,-56,1399,775,-611
"2024-08-30",38,27112,29042,24526,689,6622,1203,16396,0,9,1014,1378,486,-197,0,-527,-58,1398,805,-639
"2024-08-30",39,27631,29879,25114,689,6622,441,16396,0,9,1161,1553,580,-575,0,-527,-100,1398,913,-537
"2024-08-30",40,27625,29862,25173,688,6622,38,16396,0,9,1034,1568,588,-582,0,-527,-101,1399,920,-518
"2024-08-30",41,27906,29121,25428,681,6622,0,16396,0,9,549,1321,573,-173,0,-527,463,1399,761,-6
"2024-08-30",42,27793,28969,25270,673,6622,0,16396,0,9,576,1303,566,-140,0,-527,506,1399,742,51
"2024-08-30",43,26988,28024,24465,674,6622,0,16396,0,9,715,1434,217,162,0,-527,135,1399,419,634
"2024-08-30",44,25773,26811,23380,675,6622,0,16396,0,11,1023,1440,183,215,0,-527,109,1399,391,684
"2024-08-30",45,24719,25756,22433,690,6622,0,16396,0,11,1148,1113,114,119,0,-526,528,1399,457,401
"2024-08-30",46,23271,24309,21099,705,6622,0,16396,0,11,1168,1085,121,111,0,-527,558,1399,468,368
"2024-08-30",47,21968,23004,19966,719,6622,0,16396,0,9,1071,1313,918,6,0,-527,810,1399,772,14
"2024-08-30",48,21100,22149,19203,732,6622,0,16396,0,8,945,1332,990,0,0,-526,828,1399,799,-15
"2024-08-31",1,20457,21492,18625,733,6622,0,16396,0,8,830,1582,838,0,0,-527,988,1399,709,0
"2024-08-31",2,19857,20844,18043,734,6622,0,16396,0,8,736,1601,821,0,0,-479,999,1399,701,0
"2024-08-31",3,19326,20438,17583,745,6622,0,16396,0,8,740,1486,691,-186,0,-418,994,1399,701,0
"2024-08-31",4,19022,20116,17349,755,6622,0,16396,0,7,819,1478,683,-207,0,-377,993,1399,705,-3
"2024-08-31",5,18646,20022,16987,773,6622,0,16396,0,10,883,1504,965,-109,0,-373,998,1398,972,-384
"2024-08-31",6,18046,19543,16448,790,6622,0,16396,0,82,926,1501,992,-104,0,-392,999,1398,996,-419
"2024-08-31",7,17651,19145,16106,801,6622,0,16396,0,68,891,1139,992,-425,0,-344,999,1398,997,-157
"2024-08-31",8,17411,18950,15874,811,6622,0,16396,0,14,874,1108,991,-475,0,-409,999,1398,996,-141
"2024-08-31",9,17299,19251,15738,864,6622,0,16396,0,14,835,1200,991,-316,0,-444,999,1398,996,-678
"2024-08-31",10,17258,19318,15718,916,6622,0,16396,0,14,747,1208,991,-298,0,-520,999,1397,996,-728
"2024-08-31",11,17397,19517,15858,948,6622,0,16396,0,14,814,973,992,-486,0,-418,998,1397,997,-702
"2024-08-31",12,17470,19580,15939,979,6622,0,16396,0,14,828,955,991,-493,0,-408,998,1397,997,-695
"2024-08-31",13,17991,19859,16442,1014,6622,0,16396,0,10,838,1191,991,-521,0,-402,999,1397,995,-435
"2024-08-31",14,18400,20238,16787,1049,6622,136,16396,0,14,966,1207,984,-507,0,-414,999,1397,995,-403
"2024-08-31",15,19224,20251,17492,1029,6622,678,16396,0,14,1116,811,518,561,0,-513,975,1397,997,115
"2024-08-31",16,19712,20753,17905,1008,6622,1466,16396,0,14,1296,781,478,700,0,-527,973,1397,997,171
"2024-08-31",17,20710,21748,18748,1059,6622,2249,16396,0,11,1019,1049,712,744,0,-527,997,1397,997,666
"2024-08-31",18,20619,21658,18523,1110,6622,3037,16396,0,12,700,1069,733,747,0,-527,999,1397,996,714
"2024-08-31",19,20573,21611,18455,1184,6622,3958,16396,0,11,734,828,622,821,0,-527,1018,1397,997,813
"2024-08-31",20,20622,21660,18470,1258,6622,4846,16396,0,11,800,807,611,824,0,-527,1019,1397,994,824
"2024-08-31",21,20561,21599,18410,1368,6622,5302,16396,0,11,402,665,612,1009,0,-527,1019,1397,818,974
"2024-08-31",22,20435,21473,18326,1477,6622,5788,16396,0,11,388,653,611,1017,0,-527,1019,1397,801,989
"2024-08-31",23,20076,21325,17970,1562,6622,6327,16396,0,222,330,715,573,1050,0,-527,1019,1397,692,989
"2024-08-31",24,19819,21154,17768,1647,6622,6287,16396,0,308,697,720,570,1053,0,-527,1019,1397,686,989
"2024-08-31",25,19747,21224,17750,1723,6622,6501,16396,0,450,714,528,600,1052,0,-527,1019,1397,972,989
"2024-08-31",26,19659,21271,17732,1798,6622,6698,16396,0,585,633,513,604,1052,0,-527,1019,1397,997,989
"2024-08-31",27,19671,21098,17739,1836,6622,6350,16396,0,400,436,459,653,1037,0,-527,1019,1397,997,989
"2024-08-31",28,19612,21030,17729,1873,6622,6017,16396,0,391,524,456,657,1036,0,-527,1019,1397,994,988
"2024-08-31",29,19466,20803,17619,1887,6622,5688,16396,0,311,641,602,642,1035,0,-526,1001,1397,822,916
"2024-08-31",30,19602,21208,17807,1901,6622,4993,16396,0,579,934,619,643,1037,0,-527,999,1398,804,897
"2024-08-31",31,19898,21507,18032,1920,6622,4411,16396,0,582,1368,1213,790,1018,0,-527,999,1397,644,178
"2024-08-31",32,20415,21880,18596,1939,6622,3947,16396,0,457,1528,1264,800,1016,0,-508,999,1398,631,119
"2024-08-31",33,21264,22151,19377,1945,6622,3469,16396,0,11,1582,1291,623,709,0,-376,790,1399,747,707
"2024-08-31",34,22599,23342,20639,1951,6622,2674,16396,0,11,1624,1295,610,646,0,-232,769,1398,760,729
"2024-08-31",35,23605,24737,21581,1889,6622,1978,16396,0,3,1615,1700,875,206,0,-295,107,1399,928,-334
"2024-08-31",36,24535,25888,22441,1826,6622,1367,16396,0,1,1722,1731,900,202,0,-389,54,1399,943,-463
"2024-08-31",37,24784,26997,22667,1757,6622,909,16396,0,1,1925,1645,865,-502,0,-328,4,1399,902,-882
"2024-08-31",38,25014,27467,22889,1687,6622,441,16396,0,6,1916,1635,861,-616,0,-412,0,1399,895,-919
"2024-08-31",39,25006,27400,22956,1725,6622,117,16396,0,7,2047,1459,800,-609,0,-520,115,1399,674,-758
"2024-08-31",40,25271,27640,23181,1762,6622,7,16396,0,3,2100,1443,794,-608,0,-526,122,1399,651,-732
"2024-08-31",41,25851,27310,23785,1811,6622,0,16396,0,3,2167,1484,811,-247,0,-519,-175,1399,490,-15
"2024-08-31",42,25547,26877,23506,1860,6622,0,16396,0,3,2269,1480,808,-187,0,-444,-196,1399,475,50
"2024-08-31",43,24664,25460,22709,1859,6622,0,16396,0,3,2347,957,528,161,0,-293,39,1399,469,0
"2024-08-31",44,23675,24392,21819,1857,6622,0,16396,0,5,2447,910,501,187,0,-212,57,1399,468,0
"2024-08-31",45,22508,23312,20764,1845,6622,0,16396,0,9,2475,674,458,380,0,-295,279,1399,440,139
"2024-08-31",46,21518,22270,19853,1832,6622,0,16396,0,12,2528,659,451,395,0,-240,295,1399,438,148
"2024-08-31",47,20327,22064,18770,1816,6622,0,16396,0,12,2659,1116,303,-580,0,-269,-69,1399,412,-307
"2024-08-31",48,19585,21692,18095,1799,6622,0,16396,0,12,2822,1166,287,-729,0,-419,-96,1399,406,-351
"2024-09-01",1,19115,21468,17640,1732,6622,0,16398,0,12,2930,973,192,-924,0,-523,10,1399,206,-394
"2024-09-01",2,18599,20975,17250,1665,6622,0,16398,0,12,2971,958,180,-931,-5,-527,18,1399,188,-401
"2024-09-01",3,18091,21018,16767,1632,6622,0,16398,0,12,2919,965,-20,-1030,9,-527,-255,1399,211,-583
"2024-09-01",4,18003,20994,16708,1599,6622,0,16398,0,12,2997,963,-36,-1037,16,-526,-274,1399,215,-606
"2024-09-01",5,17772,21388,16492,1597,6622,0,16398,0,18,2862,696,246,-1028,-73,-527,-475,1399,351,-995
"2024-09-01",6,17268,21233,16064,1595,6622,0,16398,0,169,2783,674,269,-1030,-216,-527,-490,1399,366,-1033
"2024-09-01",7,16722,21331,15509,1589,6622,0,16398,0,589,2691,662,109,-1038,-325,-526,-545,1399,517,-1086
"2024-09-01",8,16547,21040,15329,1582,6622,0,16398,0,460,2696,660,98,-1039,-330,-527,-548,1399,531,-1089
"2024-09-01",9,16617,21246,15368,1636,6622,0,16398,0,491,2658,518,322,-1001,-330,-526,-823,1399,530,-958
"2024-09-01",10,16441,21270,15169,1689,6622,0,16398,0,687,2786,512,343,-997,-330,-527,-843,1399,527,-945
"2024-09-01",11,16722,21670,15358,1687,6622,0,16398,0,584,2702,863,355,-1043,-330,-527,-992,1399,310,-972
"2024-09-01",12,16862,21826,15428,1684,6622,0,16398,0,583,2547,893,357,-1044,-330,-527,-1002,1399,290,-978
"2024-09-01",13,17183,21817,15779,1668,6622,0,16398,0,695,2762,748,403,-1044,-330,-527,-736,1398,275,-802
"2024-09-01",14,17387,21853,16029,1651,6622,103,16398,0,576,2993,736,405,-1038,-330,-527,-717,1397,276,-778
"2024-09-01",15,18203,21280,16795,1649,6622,303,16398,0,807,2900,501,231,-311,-330,-527,-310,1397,483,-292
"2024-09-01",16,18711,21346,17258,1646,6622,614,16398,0,575,2887,492,211,-252,-330,-495,-271,1397,501,-212
"2024-09-01",17,20068,23305,18470,1707,6622,1138,16398,0,862,2690,1287,-1,-954,-393,-527,535,1397,502,859
"2024-09-01",18,20423,23780,18747,1768,6622,1739,16398,0,857,2828,1365,-10,-1012,-451,-527,605,1397,505,981
"2024-09-01",19,21703,24435,19891,1811,6622,2382,16398,0,860,2433,1903,650,-393,-452,-527,899,1397,685,1087
"2024-09-01",20,21959,24627,20015,1853,6622,3287,16398,0,852,2352,1953,712,-338,-451,-527,920,1397,706,1096
"2024-09-01",21,21998,24324,20004,1901,6622,3903,16398,0,847,1914,1999,711,312,-452,-527,966,1397,971,1001
"2024-09-01",22,21491,23817,19492,1948,6622,4383,16398,0,848,1777,2002,715,372,-451,-527,969,1397,994,991
"2024-09-01",23,21337,23666,19295,1936,6622,5042,16398,0,851,1608,2003,968,1004,-451,-527,1016,1397,996,991
"2024-09-01",24,21256,23577,19224,1924,6622,5639,16398,0,842,1531,2003,991,1053,-452,-527,1019,1397,996,991
"2024-09-01",25,21212,23523,19138,1902,6622,6198,16398,0,834,1408,2003,991,1047,-451,-526,1019,1397,996,991
"2024-09-01",26,21066,23386,18972,1879,6622,6240,16398,0,841,1323,2003,991,1046,-452,-527,1019,1397,996,991
"2024-09-01",27,21129,23442,19118,1847,6622,5829,16398,0,834,1456,2003,991,1043,-452,-527,1019,1397,996,991
"2024-09-01",28,21215,23518,19203,1814,6622,5811,16398,0,824,1319,2002,991,1043,-452,-527,1019,1397,996,991
"2024-09-01",29,21119,23404,19158,1766,6622,5665,16398,0,808,1447,1863,825,1038,-451,-526,647,1397,996,991
"2024-09-01",30,21438,23720,19490,1718,6622,5047,16398,0,803,1613,1852,805,1038,-452,-527,620,1393,996,997
"2024-09-01",31,22048,24197,20108,1655,6622,4582,16398,0,671,1759,1797,890,912,-451,-527,621,1319,960,1385
"2024-09-01",32,23138,24817,21102,1591,6622,3593,16398,0,200,1971,1792,898,900,-452,-527,621,1313,958,1422
"2024-09-01",33,24336,25826,22213,1540,6622,2969,16398,0,11,1993,1650,952,1000,-452,-527,511,1386,994,1422
"2024-09-01",34,25626,27119,23401,1489,6622,2370,16398,0,14,1671,1640,956,906,-452,-527,503,1397,990,1420
"2024-09-01",35,26708,28375,24438,1406,6622,1782,16398,0,6,1603,1796,888,-184,-451,-526,536,1397,555,1272
"2024-09-01",36,27330,29035,24964,1322,6622,1352,16398,0,11,1491,1804,881,-215,-452,-527,536,1397,511,1249
"2024-09-01",37,27301,28858,24982,1223,6622,895,16398,0,5,2034,1326,795,-8,-451,-526,-67,1397,166,688
"2024-09-01",38,27362,28967,25094,1124,6622,479,16398,0,14,2026,1286,781,0,-451,-526,-114,1398,137,630
"2024-09-01",39,27279,29053,24915,1073,6622,130,16398,0,7,2039,1453,444,-288,-452,-527,2,1398,202,275
"2024-09-01",40,27771,29588,25341,1022,6622,4,16398,0,10,2404,1468,411,-329,-451,-527,12,1398,211,251
"2024-09-01",41,28051,29759,25651,985,6622,0,16398,0,15,2205,1668,319,-178,-452,-527,-36,1398,398,895
"2024-09-01",42,27595,29288,25280,948,6622,0,16398,0,13,2019,1673,308,-161,-452,-527,-40,1398,408,957
"2024-09-01",43,26290,28011,24013,911,6622,0,16398,0,7,1908,963,198,-199,-452,-527,-36,1398,68,1054
"2024-09-01",44,25339,27068,23219,873,6622,0,16398,0,16,1609,898,188,-200,-451,-526,-36,1398,37,1066
"2024-09-01",45,24625,26350,22616,838,6622,0,16398,0,15,1407,906,173,218,-452,-527,-231,1398,23,1066
"2024-09-01",46,23414,25150,21551,803,6622,0,16398,0,14,1509,904,174,293,-451,-526,-245,1398,22,1056
"2024-09-01",47,21972,23387,20232,763,6622,0,16398,0,12,1639,524,278,314,-438,-465,278,1399,61,414
"2024-09-01",48,21015,22290,19299,722,6622,0,16398,0,10,1721,496,287,314,-451,-314,317,1399,68,355
"2024-09-02",1,20231,21325,18525,710,6622,0,16396,0,13,1656,878,311,8,-414,-167,609,1398,245,487
"2024-09-02",2,20010,21033,18319,698,6622,0,16396,0,14,1781,908,313,0,-401,-108,630,1398,261,498
"2024-09-02",3,19792,20797,18130,665,6622,0,16396,0,14,1564,983,290,0,-401,-90,575,1399,223,332
"2024-09-02",4,19804,20730,18189,631,6622,0,16396,0,14,1506,989,291,0,-401,-11,571,1398,223,314
"2024-09-02",5,19555,20415,17974,616,6622,0,16396,0,14,1502,991,493,0,-346,0,443,1398,393,196
"2024-09-02",6,19417,20284,17838,600,6622,0,16396,0,13,1104,993,512,0,-354,0,433,1399,409,184
"2024-09-02",7,19068,20230,17497,573,6622,0,16396,0,14,1242,1256,563,-259,-382,-7,445,1399,427,138
"2024-09-02",8,19020,20277,17408,546,6622,0,16396,0,14,1256,1274,566,-311,-336,-96,446,1399,428,128
"2024-09-02",9,18782,20482,17150,547,6622,0,16396,0,14,1342,948,486,-755,-189,-19,391,1399,409,-223
"2024-09-02",10,18719,20361,17077,547,6622,0,16396,0,13,1324,919,478,-762,-44,-55,385,1398,408,-268
"2024-09-02",11,19135,21853,17435,537,6622,0,16396,0,15,1393,800,481,-1023,64,42,-195,1398,499,-985
"2024-09-02",12,20068,22900,18302,527,6622,0,16396,0,18,1298,787,474,-1027,185,1,-240,1398,502,-1047
"2024-09-02",13,21811,24607,19924,527,6622,0,16396,0,18,1811,346,40,-1019,195,14,-535,1397,189,-724
"2024-09-02",14,22989,25754,20935,526,6622,53,16396,0,16,1813,309,4,-1012,87,115,-553,1397,162,-684
"2024-09-02",15,24766,25702,22451,491,6622,227,16396,0,13,1461,86,256,-284,0,28,69,1397,161,-139
"2024-09-02",16,26200,27069,23703,456,6622,555,16396,0,15,1224,140,283,-220,-58,37,126,1397,170,-76
"2024-09-02",17,28587,29253,25973,474,6622,953,16396,0,15,707,1528,534,522,-104,-47,908,1397,702,630
"2024-09-02",18,29498,30233,26834,491,6622,956,16396,0,12,543,1728,563,646,-212,-11,975,1397,753,697
"2024-09-02",19,29919,30861,27181,508,6622,1127,16396,0,11,43,1571,955,983,-364,-67,1016,1397,976,697
"2024-09-02",20,30069,31038,27278,525,6622,1246,16396,0,11,-129,1557,992,1008,-450,-8,1019,1397,997,697
"2024-09-02",21,29865,30874,27044,556,6622,1430,16396,0,12,-424,1603,992,1008,-451,-46,972,1397,997,697
"2024-09-02",22,30050,31066,27217,587,6622,1623,16396,0,10,-325,1609,992,1008,-452,-54,969,1397,995,697
"2024-09-02",23,30206,31292,27316,614,6622,1682,16396,0,14,37,1697,992,1058,-451,-121,1015,1397,861,697
"2024-09-02",24,30256,31383,27366,641,6622,1743,16396,0,14,110,1705,992,1059,-451,-162,1019,1397,851,697
"2024-09-02",25,30514,31681,27535,667,6622,1797,16396,0,14,75,1660,992,1031,-452,-201,1019,1397,985,697
"2024-09-02",26,30394,31498,27425,692,6622,2021,16396,0,14,171,1656,991,1028,-451,-139,1019,1397,997,697
"2024-09-02",27,30062,31116,27106,710,6622,2435,16396,0,16,147,1655,992,1047,-451,-87,1019,1397,997,697
"2024-09-02",28,29498,30622,26594,727,6622,2292,16396,0,17,54,1654,990,1042,-452,-155,1019,1397,997,697
"2024-09-02",29,29125,30149,26265,759,6622,2206,16396,0,14,121,1620,897,957,-452,-58,1001,1397,986,697
"2024-09-02",30,29017,30121,26176,790,6622,2567,16396,0,14,250,1614,885,951,-452,-138,999,1397,982,703
"2024-09-02",31,28819,29884,26056,836,6622,2472,16396,0,14,248,1290,699,892,-452,-99,837,1398,859,1099
"2024-09-02",32,28853,29975,26105,881,6622,2393,16396,0,14,383,1261,676,812,-451,-157,825,1397,841,1123
"2024-09-02",33,29043,30095,26317,922,6622,2269,16396,0,13,1107,1070,289,-89,-414,-36,433,1398,475,260
"2024-09-02",34,29637,30801,26916,962,6622,1998,16396,0,14,1196,1060,257,-109,-451,-90,404,1397,438,140
"2024-09-02",35,30162,33101,27469,984,6622,1581,16396,0,18,1789,1489,539,-838,-452,-164,231,1397,131,-967
"2024-09-02",36,30828,34009,28177,1006,6622,1017,16396,0,14,2069,1521,560,-937,-452,-186,190,1397,110,-1092
"2024-09-02",37,30596,34719,28108,1029,6622,593,16396,0,13,2629,1084,272,-1014,-452,-140,-909,1397,528,-1095
"2024-09-02",38,30642,34925,28221,1052,6622,314,16396,0,12,2902,1053,244,-1018,-452,-185,-1020,1397,562,-1096
"2024-09-02",39,29990,34423,27820,1087,6622,104,16396,0,12,3184,1404,180,-1017,-452,-335,-1021,1397,419,-1096
"2024-09-02",40,29811,34308,27848,1122,6622,2,16396,0,10,3378,1434,171,-1017,-452,-426,-1021,1397,407,-1071
"2024-09-02",41,30129,33128,28129,1138,6622,0,16396,0,10,3141,1038,10,-872,-452,-522,-632,1397,401,-11
"2024-09-02",42,29464,32424,27445,1154,6622,0,16396,0,14,2888,997,-6,-856,-452,-527,-605,1397,404,108
"2024-09-02",43,28223,30802,26260,1160,6622,0,16396,0,13,2877,186,-69,-681,-452,-527,-337,1398,590,858
"2024-09-02",44,26707,29251,24856,1165,6622,0,16396,0,10,2786,115,-74,-662,-452,-527,-319,1398,604,931
"2024-09-02",45,25100,27965,23323,1140,6622,0,16396,0,7,2672,-1,-11,-873,-452,-527,-494,1397,444,1159
"2024-09-02",46,23949,26839,22263,1115,6622,0,16396,0,10,2496,-15,-3,-876,-452,-527,-507,1398,424,1161
"2024-09-02",47,22259,24805,20690,1096,6622,0,16396,0,7,2510,-96,107,-818,-452,-466,-207,1398,97,284
"2024-09-02",48,21354,23771,19942,1077,6622,0,16396,0,11,2547,-108,117,-813,-452,-347,-186,1399,67,194
"2024-09-03",1,21011,23362,19652,1071,6622,0,16396,0,249,2475,-91,72,-654,-452,-405,58,1399,8,324
"2024-09-03",2,20796,22979,19482,1065,6622,0,16396,0,192,2592,-78,69,-642,-452,-319,77,1399,4,336
"2024-09-03",3,20275,22705,19002,1029,6622,0,16396,0,283,2591,69,181,-802,-452,-393,104,1399,64,247
"2024-09-03",4,20048,22398,18773,992,6622,0,16396,0,163,2439,74,192,-809,-452,-426,107,1399,72,237
"2024-09-03",5,19685,22318,18427,963,6622,0,16396,0,279,2259,400,230,-970,-452,-432,48,1399,224,178
"2024-09-03",6,19478,21929,18191,934,6622,0,16396,0,144,1939,434,232,-976,-452,-379,44,1399,238,164
"2024-09-03",7,19033,22004,17761,888,6622,0,16396,0,278,1969,903,114,-1022,-452,-233,-76,1398,224,-410
"2024-09-03",8,18784,21798,17457,842,6622,0,16396,0,277,1795,944,102,-1024,-452,-207,-85,1398,223,-469
"2024-09-03",9,18804,22047,17407,819,6622,0,16396,0,32,2032,1026,59,-1017,-436,-88,-384,1398,230,-786
"2024-09-03",10,18819,22011,17392,796,6622,0,16396,0,9,2277,1033,57,-1018,-308,-132,-405,1398,232,-820
"2024-09-03",11,19338,22909,17811,772,6622,0,16396,0,9,2426,908,180,-1041,-157,-30,-764,1398,312,-1070
"2024-09-03",12,20015,23470,18441,747,6622,0,16396,0,9,2484,898,192,-1042,-21,0,-789,1398,319,-1094
"2024-09-03",13,21985,25435,20280,727,6622,0,16396,0,9,2400,825,252,-1028,1,0,-819,1398,324,-1094
"2024-09-03",14,23391,26928,21543,706,6622,11,16396,0,7,2292,829,258,-1027,-63,-39,-809,1398,326,-1092
"2024-09-03",15,25649,28373,23541,676,6622,164,16396,0,6,1915,1531,288,-922,-214,-185,44,1397,378,-897
"2024-09-03",16,26702,29438,24530,646,6622,492,16396,0,8,1835,1570,303,-809,-296,-341,122,1397,398,-782
"2024-09-03",17,28214,29636,25893,648,6622,857,16396,0,7,1478,660,707,293,-428,-487,616,1397,890,194
"2024-09-03",18,28530,30017,26162,650,6622,1305,16396,0,8,1352,604,741,331,-451,-528,639,1397,923,239
"2024-09-03",19,29118,30606,26615,672,6622,1835,16396,0,9,1105,769,964,858,-451,-528,895,1397,993,932
"2024-09-03",20,28578,30028,26078,693,6622,2521,16396,0,10,1165,782,971,884,-451,-489,904,1397,998,979
"2024-09-03",21,28141,29496,25687,742,6622,3164,16396,0,9,1137,861,677,847,-451,-395,829,1397,988,938
"2024-09-03",22,28010,29225,25538,791,6622,4081,16396,0,12,1101,865,657,846,-451,-252,826,1397,987,937
"2024-09-03",23,27354,28590,24910,818,6622,4209,16396,0,14,780,898,670,977,-451,-271,1012,1397,960,983
"2024-09-03",24,27147,28332,24698,844,6622,5225,16396,0,12,512,903,667,985,-451,-222,1018,1397,949,987
"2024-09-03",25,26974,28171,24496,872,6622,6217,16396,0,13,472,1298,532,685,-438,-246,1007,1397,608,987
"2024-09-03",26,26482,27594,23991,900,6622,6645,16396,0,13,409,1315,522,672,-417,-182,1006,1397,585,987
"2024-09-03",27,26109,27178,23575,910,6622,6719,16396,0,13,456,1151,502,443,-427,-129,791,1397,550,980
"2024-09-03",28,25950,26950,23433,920,6622,6328,16396,0,12,491,1135,495,432,-432,-56,782,1397,540,970
"2024-09-03",29,25782,26556,23283,942,6622,5846,16396,0,12,1127,839,307,247,-262,0,400,1397,288,662
"2024-09-03",30,25613,26394,23105,963,6622,5570,16396,0,9,1197,823,296,246,-272,0,384,1397,264,608
"2024-09-03",31,25491,26556,23062,976,6622,5039,16396,0,8,1309,884,365,323,-258,16,166,1397,2,-299
"2024-09-03",32,26049,27265,23634,988,6622,4474,16396,0,9,1297,889,376,318,-258,-50,158,1397,-10,-389
"2024-09-03",33,26433,28825,23971,959,6622,3668,16396,0,9,1333,1096,643,-567,-258,-8,5,1397,198,-1050
"2024-09-03",34,27537,30098,24995,930,6622,3174,16396,0,9,1341,1105,663,-681,-258,0,-17,1397,221,-1096
"2024-09-03",35,28261,31977,25621,903,6622,2475,16396,0,9,1314,1058,721,-1048,-258,0,-805,1397,564,-1096
"2024-09-03",36,29151,32914,26551,876,6622,1775,16396,0,7,1313,1058,729,-1051,-258,0,-851,1397,591,-1096
"2024-09-03",37,29639,33562,27077,840,6622,1137,16396,0,7,1277,1194,871,-1047,-258,0,-1015,1397,765,-1096
"2024-09-03",38,30075,34004,27510,804,6622,583,16396,0,7,1229,1203,882,-1047,-258,0,-1021,1398,777,-1096
"2024-09-03",39,30405,34331,27867,769,6622,159,16396,0,7,1276,1400,935,-1045,-258,0,-1020,1398,846,-1096
"2024-09-03",40,30357,34279,27833,733,6622,2,16396,0,7,1376,1402,933,-1045,-254,0,-1020,1398,853,-1096
"2024-09-03",41,30485,33843,27907,712,6622,0,16396,0,7,1437,978,747,-869,-180,0,-706,1398,944,-1096
"2024-09-03",42,29923,33198,27319,690,6622,0,16396,0,8,1405,941,721,-855,-137,0,-685,1398,931,-1090
"2024-09-03",43,28786,30882,26312,668,6622,0,16396,0,6,1620,315,251,-517,-145,0,-34,1398,316,-894
"2024-09-03",44,27373,29436,25044,645,6622,0,16396,0,6,1624,272,216,-502,-168,0,-4,1398,273,-883
"2024-09-03",45,25629,28267,23482,640,6622,0,16396,0,6,1598,-105,122,-564,-29,57,-459,1398,142,-975
"2024-09-03",46,24412,27053,22384,634,6622,0,16396,0,7,1722,-118,124,-566,53,11,-476,1398,135,-974
"2024-09-03",47,22911,24931,21024,626,6622,0,16396,0,10,1715,598,421,-762,48,0,-67,1398,203,-681
"2024-09-03",48,21883,23899,20056,618,6622,0,16396,0,11,1520,664,442,-765,-20,0,-52,1398,205,-668
"2024-09-04",1,21155,23477,19362,593,6622,0,16396,0,8,1241,596,456,-648,-142,0,-83,1398,128,-941
"2024-09-04",2,20557,22979,18816,567,6622,0,16396,0,9,1128,594,452,-648,-221,0,-84,1399,134,-960
"2024-09-04",3,20152,23125,18396,566,6622,0,16396,0,244,988,717,251,-875,-221,0,-153,1399,507,-980
"2024-09-04",4,20007,22979,18279,564,6622,0,16396,0,284,1049,724,245,-876,-172,0,-156,1399,531,-984
"2024-09-04",5,19827,22846,18108,566,6622,0,16396,0,284,1037,922,535,-903,-148,0,-115,1399,522,-1069
"2024-09-04",6,19551,22533,17808,567,6622,0,16396,0,287,929,936,553,-905,-102,0,-113,1399,526,-1075
"2024-09-04",7,19319,22485,17589,566,6622,0,16396,0,284,720,1117,494,-1000,-136,0,-171,1399,693,-1075
"2024-09-04",8,19242,22408,17500,565,6622,0,16396,0,284,633,1125,488,-1001,-132,0,-174,1399,696,-1075
"2024-09-04",9,19108,22480,17363,558,6622,0,16396,0,283,1091,979,408,-1021,-13,0,-466,1399,421,-1089
"2024-09-04",10,19064,22469,17312,551,6622,0,16396,0,285,1217,970,402,-1022,-26,0,-482,1399,398,-1090
"2024-09-04",11,19418,23070,17644,549,6622,0,16396,0,22,1299,866,394,-1043,68,0,-997,1399,218,-1090
"2024-09-04",12,20426,24087,18537,546,6622,0,16396,0,10,1268,859,391,-1042,77,0,-1019,1399,209,-1090
"2024-09-04",13,22201,25854,20170,538,6622,0,16396,0,10,1386,734,324,-1032,13,0,-1018,1398,281,-1093
"2024-09-04",14,23880,27521,21679,530,6622,41,16396,0,10,1514,735,326,-1031,0,22,-1012,1398,293,-1088
"2024-09-04",15,26025,28826,23571,505,6622,362,16396,0,10,1160,1142,562,-922,-68,-58,-454,1398,505,-789
"2024-09-04",16,26833,29618,24201,479,6622,969,16396,0,7,1217,1160,582,-811,-219,-90,-427,1397,518,-731
"2024-09-04",17,27985,29110,25243,497,6622,1881,16396,0,8,649,986,721,341,-371,-229,-17,1397,523,258
"2024-09-04",18,27900,29093,25151,514,6622,2801,16396,0,8,693,974,732,373,-451,-234,0,1397,520,341
"2024-09-04",19,27713,28759,24922,530,6622,3525,16396,0,8,549,1003,780,114,-452,-86,190,1397,390,569
"2024-09-04",20,26974,28037,24223,546,6622,3955,16396,0,8,505,1002,777,113,-452,-103,197,1397,382,575
"2024-09-04",21,26263,27267,23544,547,6622,4962,16396,0,8,533,768,537,183,-452,-44,194,1397,411,194
"2024-09-04",22,25791,26753,23116,548,6622,5873,16396,0,8,573,754,518,188,-452,-2,194,1397,412,166
"2024-09-04",23,25835,26725,23104,554,6622,5465,16396,0,6,457,533,419,381,-384,0,232,1397,326,116
"2024-09-04",24,25989,26843,23254,559,6622,5607,16396,0,4,599,523,412,388,-333,-17,234,1397,320,114
"2024-09-04",25,25891,26723,23317,564,6622,5670,16396,0,9,637,596,417,146,-323,0,209,1397,320,154
"2024-09-04",26,26001,26881,23463,569,6622,5368,16396,0,5,746,598,422,148,-375,0,210,1397,324,153
"2024-09-04",27,26425,27199,23911,587,6622,5549,16396,0,6,873,507,571,507,-268,0,546,1397,467,10
"2024-09-04",28,26289,26973,23810,604,6622,5162,16396,0,6,902,706,580,495,-178,0,560,1397,477,0
"2024-09-04",29,25971,26783,23527,616,6622,4569,16396,0,10,891,838,557,-268,-34,41,394,1397,530,76
"2024-09-04",30,25998,26803,23538,627,6622,4612,16396,0,8,960,846,562,-297,35,1,389,1397,531,74
"2024-09-04",31,26168,27325,23719,648,6622,4234,16396,0,9,1083,953,777,-451,162,0,278,1397,453,-197
"2024-09-04",32,26581,27779,24137,668,6622,3990,16396,0,9,956,959,795,-457,83,22,273,1397,460,-232
"2024-09-04",33,26810,29183,24312,683,6622,3212,16396,0,10,1002,1007,930,-992,0,146,-68,1397,873,-803
"2024-09-04",34,27639,30106,25064,697,6622,2926,16396,0,17,1051,1009,941,-1019,0,86,-86,1397,895,-845
"2024-09-04",35,28308,31393,25642,702,6622,2163,16396,0,16,1237,1011,979,-1006,0,110,-573,1397,714,-990
"2024-09-04",36,29241,32350,26582,706,6622,1488,16396,0,9,1525,1040,981,-1006,0,135,-594,1397,698,-1000
"2024-09-04",37,29542,32582,26897,689,6622,965,16396,0,5,1651,1954,992,-798,0,37,-822,1397,518,-915
"2024-09-04",38,30027,33007,27376,671,6622,512,16396,0,7,1664,2009,992,-785,-2,2,-829,1397,519,-857
"2024-09-04",39,30858,32630,28229,687,6622,137,16396,0,10,1493,2010,988,-286,-101,-32,-843,1397,967,231
"2024-09-04",40,30667,32496,28053,703,6622,1,16396,0,10,1263,1993,974,-258,-235,47,-826,1397,980,320
"2024-09-04",41,30697,31637,28040,731,6622,0,16396,0,7,1206,1219,498,-3,-386,3,-44,1397,418,20
"2024-09-04",42,29614,30565,27001,758,6622,0,16396,0,13,1148,1172,466,0,-383,-49,0,1397,378,-6
"2024-09-04",43,28066,30121,25620,789,6622,0,16396,0,15,1500,1125,500,-681,-344,-171,-102,1397,263,-242
"2024-09-04",44,26747,29021,24468,820,6622,0,16396,0,11,1635,1115,496,-823,-301,-286,-106,1397,254,-247
"2024-09-04",45,25366,26796,23249,853,6622,0,16396,0,11,1726,780,276,-529,-215,-175,34,1397,162,190
"2024-09-04",46,23755,25053,21756,885,6622,0,16396,0,10,1885,776,275,-516,-239,-33,39,1397,167,233
"2024-09-04",47,22456,23341,20566,928,6622,0,16396,0,11,1841,1438,751,-178,-185,-11,181,1398,541,687
"2024-09-04",48,21030,21718,19255,970,6622,0,16396,0,13,2008,1483,782,-140,-35,3,186,1398,570,722
"2024-09-05",1,20442,20979,18754,1000,6622,0,16396,0,16,1736,1651,710,-2,-19,0,418,1399,730,789
"2024-09-05",2,19989,20657,18385,1029,6622,0,16396,0,18,1164,1663,705,0,-150,0,426,1399,735,797
"2024-09-05",3,19641,21127,18124,1096,6622,0,16396,0,284,1633,1727,700,-499,-203,0,411,1399,546,906
"2024-09-05",4,19364,21120,17912,1162,6622,0,16396,0,355,1894,1730,700,-583,-318,0,410,1399,533,914
"2024-09-05",5,18982,21322,17514,1236,6622,0,16396,0,661,1726,1765,688,-811,-368,0,366,1399,505,914
"2024-09-05",6,18594,21167,17156,1309,6622,0,16396,0,853,1694,1764,687,-812,-368,-40,363,1398,508,909
"2024-09-05",7,18206,21153,16725,1385,6622,0,16396,0,854,1601,1633,672,-1039,-368,-186,52,1399,670,712
"2024-09-05",8,18061,21048,16608,1460,6622,0,16396,0,846,1567,1619,669,-1048,-368,-225,41,1398,678,703
"2024-09-05",9,17930,20959,16479,1548,6622,0,16396,0,780,1694,1316,574,-1046,-368,-185,-150,1399,621,912
"2024-09-05",10,17953,21100,16496,1635,6622,0,16396,0,850,2010,1301,567,-1045,-368,-227,-157,1398,617,922
"2024-09-05",11,18320,21474,16884,1699,6622,0,16396,0,804,1936,1426,529,-1020,-369,-88,-373,1398,590,714
"2024-09-05",12,18941,21999,17445,1763,6622,0,16396,0,790,2000,1436,525,-1018,-369,-1,-380,1398,589,707
"2024-09-05",13,20792,23234,19157,1816,6622,0,16396,0,451,2073,1694,475,-983,-372,-79,-57,1397,613,1017
"2024-09-05",14,22814,24779,21002,1869,6622,7,16396,0,23,2210,1690,467,-860,-338,-199,-45,1397,615,1048
"2024-09-05",15,25324,26615,23235,1940,6622,106,16396,0,14,2083,1015,303,199,-429,-348,241,1397,598,1398
"2024-09-05",16,26208,27638,24006,2010,6622,321,16396,0,12,2121,995,306,231,-451,-467,264,1397,602,1422
"2024-09-05",17,27681,29172,25334,2143,6622,499,16396,0,12,1667,1845,801,959,-451,-528,961,1397,775,1422
"2024-09-05",18,28122,29614,25820,2276,6622,643,16396,0,12,1993,1897,838,1003,-451,-529,999,1397,792,1422
"2024-09-05",19,28876,30365,26559,2424,6622,765,16396,0,10,2188,1835,982,1008,-451,-528,900,1397,984,1422
"2024-09-05",20,28828,30318,26575,2572,6622,1114,16396,0,10,2137,1835,992,1008,-452,-528,896,1397,989,1411
"2024-09-05",21,28522,30011,26357,2682,6622,1163,16396,0,10,2217,1994,991,1007,-451,-528,1015,1397,718,1017
"2024-09-05",22,28586,30076,26444,2792,6622,1241,16396,0,10,2295,1997,991,1008,-452,-528,1019,1397,709,990
"2024-09-05",23,28712,30201,26576,2866,6622,1324,16396,0,10,2235,1674,991,1047,-451,-528,1019,1397,979,990
"2024-09-05",24,28902,30366,26718,2940,6622,1484,16396,0,10,2387,1654,992,1048,-452,-502,1019,1397,997,990
"2024-09-05",25,28851,30186,26816,3030,6622,1415,16396,0,10,2523,1655,991,1047,-451,-374,1019,1397,997,990
"2024-09-05",26,28824,30157,26626,3120,6622,1643,16396,0,9,2310,1656,843,1047,-452,-372,1019,1397,997,989
"2024-09-05",27,28583,29898,26388,3186,6622,1579,16396,0,14,2242,1655,-1,1047,-452,-348,1019,1397,997,986
"2024-09-05",28,28157,29475,25988,3252,6622,1604,16396,0,12,2035,1657,-1,1047,-451,-324,1019,1397,997,986
"2024-09-05",29,28114,29483,25892,3311,6622,1408,16396,0,13,2158,1749,-1,1047,-452,-403,1000,1397,997,986
"2024-09-05",30,28183,29585,25906,3369,6622,1423,16396,0,14,2300,1756,-1,1046,-452,-435,999,1397,997,986
"2024-09-05",31,28014,29343,25699,3435,6622,1243,16396,0,14,2288,1756,-1,1047,-451,-363,999,1397,997,986
"2024-09-05",32,28452,29629,26173,3501,6622,1062,16396,0,12,2514,1759,-1,1046,-451,-213,994,1397,997,997
"2024-09-05",33,28676,29864,26331,3499,6622,859,16396,0,14,2468,1850,-1,1040,-452,-221,469,1397,997,1395
"2024-09-05",34,29214,30368,26820,3496,6622,736,16396,0,14,2570,1853,-1,1031,-450,-189,443,1397,987,1423
"2024-09-05",35,29683,30616,27277,3467,6622,582,16396,0,14,3143,1608,-1,764,-374,-44,18,1397,639,1423
"2024-09-05",36,30072,30980,27628,3437,6622,409,16396,0,10,3434,1566,-1,764,-374,-23,0,1397,615,1423
"2024-09-05",37,29839,30581,27495,3358,6622,241,16396,0,7,3395,598,-1,440,-234,18,0,1397,570,1423
"2024-09-05",38,29422,30014,27143,3279,6622,98,16396,0,8,3376,538,-1,396,-83,0,0,1397,558,1423
"2024-09-05",39,29183,29691,26945,3193,6622,21,16396,0,7,3361,863,-1,130,29,6,81,1397,265,1423
"2024-09-05",40,28741,29249,26558,3106,6622,0,16396,0,7,3330,907,-1,99,162,0,83,1397,254,1423
"2024-09-05",41,28569,29435,26435,2991,6622,0,16396,0,9,3189,1786,-1,-356,148,0,162,1397,523,1423
"2024-09-05",42,27787,28654,25710,2876,6622,0,16396,0,9,3119,1834,-1,-357,79,0,164,1397,536,1423
"2024-09-05",43,27015,27871,25038,2775,6622,0,16396,0,5,3108,1492,-1,-350,205,0,278,1397,371,1423
"2024-09-05",44,25513,26377,23715,2674,6622,0,16396,0,13,3071,1481,-1,-350,194,0,281,1397,361,1423
"2024-09-05",45,24282,25211,22601,2578,6622,0,16396,0,10,2890,1835,-1,-418,147,0,139,1397,379,1423
"2024-09-05",46,23002,23947,21454,2481,6622,0,16396,0,17,2977,1860,-1,-427,86,0,131,1397,379,1423
"2024-09-05",47,21303,23327,19874,2377,6622,0,16396,0,166,2813,2001,-1,-1035,12,67,-322,1397,303,1423
"2024-09-05",48,20726,23028,19316,2272,6622,0,16396,0,363,2645,2007,-1,-1064,-33,221,-341,1397,298,1423
"2024-09-06",1,20263,22592,18899,2153,6622,0,16396,0,730,2641,1872,-1,-560,-11,305,-527,1397,280,1417
"2024-09-06",2,19826,22087,18466,2034,6622,0,16396,0,639,2484,1865,-1,-536,-51,306,-534,1397,280,1416
"2024-09-06",3,19583,21867,18237,1961,6622,0,16396,0,795,2390,1796,-1,-361,-148,305,-479,1397,317,1422
"2024-09-06",4,19475,21709,18176,1887,6622,0,16396,0,728,2369,1794,-1,-355,-174,304,-476,1397,320,1423
"2024-09-06",5,19207,21339,17946,1852,6622,0,16396,0,842,2319,1903,-1,-374,-298,305,-117,1397,324,1423
"2024-09-06",6,18967,21123,17721,1817,6622,0,16396,0,838,2491,1907,-1,-382,-351,305,-84,1397,325,1423
"2024-09-06",7,18848,21131,17565,1782,6622,0,16396,0,833,1918,1709,-1,-609,-340,306,736,1397,341,1423
"2024-09-06",8,18841,21083,17523,1747,6622,0,16396,0,823,1455,1694,-1,-602,-316,306,767,1397,335,1423
"2024-09-06",9,18523,20423,17213,1731,6622,0,16396,0,810,1762,1392,-1,-380,-181,306,-28,1397,112,1423
"2024-09-06",10,18374,19937,17035,1714,6622,0,16396,0,422,1725,1368,-1,-403,-159,237,-78,1397,106,1423
"2024-09-06",11,18615,20759,17216,1688,6622,0,16396,0,364,1450,950,-1,-797,-31,85,-451,1397,403,1423
"2024-09-06",12,19656,21582,18126,1662,6622,0,16396,0,156,703,934,-1,-798,-6,0,-465,1397,424,1423
"2024-09-06",13,21879,23676,20243,1627,6622,0,16396,0,15,1163,1328,-1,-755,-59,0,-467,1397,537,1423
"2024-09-06",14,23482,25153,21696,1591,6622,26,16396,0,19,1689,1348,-1,-685,0,0,-466,1397,551,1423
"2024-09-06",15,25957,26694,23908,1559,6622,245,16396,0,15,1623,1232,-1,275,-26,0,-195,1397,788,1422
"2024-09-06",16,26913,27830,24730,1527,6622,652,16396,0,15,1817,1247,-1,315,-165,-70,-166,1397,809,1423
"2024-09-06",17,27896,28952,25549,1538,6622,1193,16396,0,18,1580,1960,-1,972,-316,-221,649,1397,985,1423
"2024-09-06",18,28023,29295,25675,1548,6622,1761,16396,0,18,1604,2006,-1,1007,-440,-313,698,1397,997,1423
"2024-09-06",19,28177,29539,25814,1557,6622,2357,16396,0,17,1811,2007,-2,878,-451,-392,578,1397,998,1423
"2024-09-06",20,27794,29226,25434,1565,6622,3027,16396,0,17,1847,2007,-2,877,-451,-462,573,1397,998,1423
"2024-09-06",21,27490,28782,25165,1625,6622,3684,16396,0,17,1760,2008,-1,1001,-451,-323,230,1397,997,1423
"2024-09-06",22,27098,28378,24760,1685,6622,4291,16396,0,17,1603,2009,-1,1003,-451,-311,218,1397,997,1423
"2024-09-06",23,26795,28168,24490,1690,6622,4895,16396,0,12,1218,2007,-2,1055,-451,-408,563,1397,997,1423
"2024-09-06",24,26535,28019,24254,1695,6622,5602,16396,0,12,1247,2007,-1,1056,-451,-520,576,1397,998,1423
"2024-09-06",25,26157,27590,23901,1717,6622,6007,16396,0,12,966,2007,-2,943,-451,-468,737,1397,998,1423
"2024-09-06",26,25682,27136,23473,1738,6622,6228,16396,0,12,752,2007,-1,929,-451,-490,742,1397,998,1422
"2024-09-06",27,25274,26642,23059,1758,6622,6383,16396,0,12,731,2007,-2,375,-451,-403,820,1397,998,1423
"2024-09-06",28,24867,26233,22721,1778,6622,6172,16396,0,12,760,2006,-1,357,-451,-402,819,1397,998,1423
"2024-09-06",29,24615,25839,22474,1768,6622,5831,16396,0,12,684,2008,-1,664,-451,-260,372,1397,998,1423
"2024-09-06",30,24769,26014,22680,1758,6622,5334,16396,0,12,754,2006,-2,665,-451,-280,343,1397,998,1423
"2024-09-06",31,24665,26198,22623,1738,6622,4909,16396,0,12,660,1874,-2,884,-451,-269,-299,1397,998,1417
"2024-09-06",32,25481,26953,23376,1718,6622,3890,16396,0,15,506,1867,-1,801,-451,-174,-331,1398,998,1414
"2024-09-06",33,25807,27389,23618,1673,6622,3030,16396,0,16,534,1881,-1,-162,-435,-260,-208,1398,998,1421
"2024-09-06",34,27121,28907,24812,1627,6622,2394,16396,0,17,421,1882,-1,-203,-451,-411,-203,1399,998,1422
"2024-09-06",35,28188,30272,25791,1539,6622,1813,16396,0,13,503,1911,-1,-598,-451,-521,80,1398,998,1421
"2024-09-06",36,28647,30728,26192,1451,6622,1203,16396,0,11,531,1916,-1,-598,-452,-519,91,1399,998,1421
"2024-09-06",37,29152,31248,26698,1392,6622,701,16396,0,8,716,2003,-1,-712,-452,-423,95,1399,993,1422
"2024-09-06",38,29420,31567,26980,1332,6622,308,16396,0,12,812,2003,-1,-718,-451,-465,94,1399,993,1421
"2024-09-06",39,29197,31391,26863,1309,6622,60,16396,0,10,1081,1692,-1,-576,-451,-358,-298,1398,997,1421
"2024-09-06",40,29054,31144,26740,1285,6622,0,16396,0,13,1184,1676,-1,-533,-452,-288,-303,1398,996,1421
"2024-09-06",41,29767,31156,27406,1256,6622,0,16396,0,11,1010,1914,-1,473,-451,-426,352,1398,905,1381
"2024-09-06",42,28781,30271,26471,1226,6622,0,16396,0,12,957,1904,-1,545,-452,-525,387,1399,899,1379
"2024-09-06",43,27130,28624,24959,1177,6622,0,16396,0,15,1018,1057,-1,445,-451,-527,270,1399,868,1416
"2024-09-06",44,26120,27614,24030,1127,6622,0,16396,0,14,884,1005,-1,427,-452,-527,266,1399,859,1416
"2024-09-06",45,24981,26472,22990,1078,6622,0,16396,0,13,1026,992,-1,2,-451,-526,35,1399,606,1292
"2024-09-06",46,23849,25343,22001,1028,6622,0,16396,0,14,1098,1013,-1,0,-452,-527,32,1399,601,1280
"2024-09-06",47,22722,24545,20915,981,6622,0,16396,0,14,1069,1851,-1,-391,-390,-527,561,1399,973,1187
"2024-09-06",48,21999,23831,20264,933,6622,0,16396,0,14,1112,1904,-1,-439,-351,-527,585,1399,997,1175
"2024-09-07",1,21317,22966,19643,909,6622,0,16396,0,11,1077,1876,-1,-258,-352,-527,634,1399,998,993
"2024-09-07",2,20759,22391,19127,885,6622,0,16396,0,9,997,1855,-1,-244,-352,-526,636,1399,994,979
"2024-09-07",3,20208,21775,18642,852,6622,0,16396,0,9,908,1132,-1,-180,-351,-526,669,1399,874,942
"2024-09-07",4,20032,21609,18535,819,6622,0,16396,0,9,952,1102,-1,-189,-352,-526,671,1399,867,932
"2024-09-07",5,19794,21715,18278,782,6622,0,16396,0,9,921,1859,-1,-533,-351,-527,975,1399,894,654
"2024-09-07",6,19419,21353,17928,745,6622,0,16396,0,9,875,1906,-1,-546,-351,-527,987,1399,898,628
"2024-09-07",7,19051,21314,17560,702,6622,0,16396,0,9,833,1998,-1,-875,-351,-527,903,1399,991,368
"2024-09-07",8,18800,21066,17296,658,6622,0,16396,0,9,779,2006,-1,-877,-352,-527,900,1399,998,354
"2024-09-07",9,18620,21030,17124,667,6622,0,16396,0,9,857,2005,-1,-1023,-351,-526,925,1399,997,501
"2024-09-07",10,18560,20970,17037,675,6622,0,16396,0,9,796,2005,-1,-1023,-351,-526,926,1399,997,497
"2024-09-07",11,18707,20975,17176,663,6622,0,16396,0,9,674,2005,-1,-824,-351,-527,859,1399,998,-56
"2024-09-07",12,18879,21164,17325,650,6622,0,16396,0,9,617,2005,-1,-815,-351,-527,857,1399,998,-82
"2024-09-07",13,19765,21978,18148,648,6622,0,16396,0,9,616,2000,-1,-824,-352,-527,878,1399,997,445
"2024-09-07",14,20239,22435,18601,646,6622,26,16396,0,9,671,1995,-1,-778,-381,-527,879,1399,997,489
"2024-09-07",15,21488,23093,19720,596,6622,200,16396,0,13,485,1814,-1,-111,-452,-528,719,1399,998,738
"2024-09-07",16,22440,24038,20539,545,6622,435,16396,0,14,278,1803,-1,-104,-452,-527,714,1399,997,761
"2024-09-07",17,23983,25477,21945,543,6622,638,16396,0,14,238,1996,-1,799,-452,-527,988,1399,996,971
"2024-09-07",18,24514,26005,22375,540,6622,931,16396,0,10,184,2005,-1,1012,-452,-528,999,1399,997,985
"2024-09-07",19,24887,26378,22680,540,6622,1313,16396,0,11,18,2005,-1,1008,-452,-527,1018,1399,997,985
"2024-09-07",20,25107,26599,22867,539,6622,1714,16396,0,11,-19,2005,-1,1008,-452,-528,1019,1399,997,985
"2024-09-07",21,25191,26682,22902,574,6622,2043,16396,0,11,-29,2005,-1,1008,-452,-527,1019,1399,997,985
"2024-09-07",22,24911,26403,22608,609,6622,2427,16396,0,12,-94,2000,-1,1008,-452,-527,1019,1399,998,985
"2024-09-07",23,24982,26474,22679,620,6622,2695,16396,0,12,-20,1820,-1,1054,-452,-527,1019,1399,997,985
"2024-09-07",24,25034,26526,22713,631,6622,2703,16396,0,12,-131,1808,-1,1054,-452,-527,1019,1399,998,985
"2024-09-07",25,25202,26693,22900,628,6622,3086,16396,0,12,-242,1809,-1,1054,-452,-526,1019,1399,997,985
"2024-09-07",26,24944,26436,22688,624,6622,3211,16396,0,12,-234,1809,-1,1055,-452,-527,1019,1399,998,985
"2024-09-07",27,24847,26339,22659,621,6622,3340,16396,0,12,-49,1808,-1,1052,-452,-527,1019,1399,997,985
"2024-09-07",28,24699,26192,22551,617,6622,3240,16396,0,13,-105,1809,-1,1053,-452,-527,1019,1399,997,985
"2024-09-07",29,24679,26171,22567,615,6622,3066,16396,0,13,-167,1808,-1,1045,-452,-526,1000,1399,997,985
"2024-09-07",30,24694,26185,22562,612,6622,3079,16396,0,11,-257,1811,-1,1046,-452,-527,999,1399,997,985
"2024-09-07",31,24681,26172,22521,618,6622,2493,16396,0,11,-208,1949,-1,1009,-452,-527,857,1399,997,985
"2024-09-07",32,25122,26613,22950,624,6622,1989,16396,0,11,-287,1957,-1,1008,-452,-527,852,1399,997,985
"2024-09-07",33,25832,27326,23648,632,6622,1534,16396,0,15,-242,2003,-1,874,-452,-526,804,1399,997,989
"2024-09-07",34,26814,28312,24543,639,6622,1204,16396,0,18,-191,2006,-1,774,-452,-527,802,1399,997,967
"2024-09-07",35,27266,29127,24914,630,6622,799,16396,0,6,408,2005,-1,-376,-452,-526,992,1399,997,177
"2024-09-07",36,27536,29474,25101,621,6622,465,16396,0,7,207,2005,-1,-451,-452,-527,989,1399,997,98
"2024-09-07",37,27253,30328,24842,616,6622,250,16396,0,2,417,2006,-1,-850,-452,-527,338,1399,997,-743
"2024-09-07",38,27215,30319,24735,611,6622,107,16396,0,7,302,2006,-2,-851,-452,-527,304,1399,997,-765
"2024-09-07",39,27520,29529,25018,614,6622,11,16396,0,5,271,1959,-1,-524,-452,-527,277,1399,997,141
"2024-09-07",40,27754,29705,25228,617,6622,0,16396,0,6,200,1958,-1,-465,-452,-527,284,1399,998,228
"2024-09-07",41,28184,29671,25649,611,6622,0,16396,0,8,-206,2003,-1,198,-452,-526,882,1399,997,823
"2024-09-07",42,27377,28869,24905,605,6622,0,16396,0,12,-510,1995,-1,215,-452,-527,912,1399,994,865
"2024-09-07",43,26090,27678,23712,584,6622,0,16396,0,11,-441,1626,-1,-97,-452,-527,915,1399,872,926
"2024-09-07",44,25343,26936,23056,563,6622,0,16396,0,9,-322,1606,-1,-104,-452,-527,915,1399,868,926
"2024-09-07",45,24331,25818,22137,551,6622,0,16396,0,8,-258,1890,-1,105,-452,-526,890,1399,988,765
"2024-09-07",46,23293,24781,21190,539,6622,0,16396,0,8,-280,1908,-1,135,-452,-527,889,1399,997,759
"2024-09-07",47,22308,23796,20296,525,6622,0,16396,0,8,-352,1999,-1,985,-452,-527,995,1399,997,972
"2024-09-07",48,21490,22976,19565,510,6622,0,16396,0,6,-255,2005,-1,1042,-452,-527,999,1399,997,987
"2024-09-08",1,20609,22025,18780,463,6622,0,16396,0,6,-141,2005,-1,1021,-383,-526,904,1399,997,987
"2024-09-08",2,20092,21428,18345,416,6622,0,16396,0,6,166,2005,-1,1021,-302,-527,900,1399,998,987
"2024-09-08",3,19835,21130,18097,407,6622,0,16396,0,6,153,2005,-1,1004,-302,-486,899,1399,997,987
"2024-09-08",4,19545,20790,17853,398,6622,0,16396,0,6,167,2006,-1,993,-302,-436,900,1399,997,987
"2024-09-08",5,19190,20396,17528,403,6622,0,16396,0,10,197,2005,-1,309,-301,-394,800,1399,997,944
"2024-09-08",6,18795,19963,17147,407,6622,0,16396,0,10,125,2006,-2,247,-302,-354,796,1399,997,940
"2024-09-08",7,18399,19606,16785,405,6622,0,16396,0,7,181,2006,-1,-183,-302,-214,495,1399,997,893
"2024-09-08",8,18024,19288,16433,403,6622,0,16396,0,6,309,2005,-1,-184,-302,-271,483,1399,997,872
"2024-09-08",9,17913,18962,16319,406,6622,0,16396,0,6,338,1934,-1,-3,-301,-238,624,1399,997,209
"2024-09-08",10,17830,18942,16235,409,6622,0,16396,0,6,326,1931,-1,0,-302,-303,629,1399,997,166
"2024-09-08",11,17893,19153,16320,418,6622,0,16396,0,6,308,1907,-1,-168,-301,-284,885,1399,997,307
"2024-09-08",12,17914,19163,16312,426,6622,0,16396,0,6,178,1908,-1,-187,-302,-253,895,1399,997,328
"2024-09-08",13,18567,19905,16940,440,6622,0,16396,0,6,56,1999,-1,-223,-302,-306,900,1399,997,714
"2024-09-08",14,18777,19988,17125,453,6622,22,16396,0,6,-10,2005,-1,-223,-302,-179,900,1399,997,747
"2024-09-08",15,19621,20628,17909,448,6622,191,16396,0,9,85,2005,-1,170,-301,-196,869,1399,997,971
"2024-09-08",16,20329,21221,18504,443,6622,410,16396,0,10,45,2005,-1,245,-302,-79,868,1399,997,987
"2024-09-08",17,21689,22501,19757,468,6622,787,16396,0,10,83,2005,-1,970,-301,0,772,1398,996,986
"2024-09-08",18,22417,23227,20347,493,6622,1126,16396,0,10,-143,2004,-1,1015,-299,0,769,1399,997,987
"2024-09-08",19,23241,24020,21113,526,6622,1587,16396,0,10,120,1901,-1,1012,-268,0,891,1398,997,986
"2024-09-08",20,23704,24431,21488,559,6622,2066,16396,0,10,168,1894,-1,1010,-216,0,895,1398,994,986
"2024-09-08",21,23945,24711,21664,602,6622,2895,16396,0,10,214,1810,-1,1010,-255,0,967,1398,921,987
"2024-09-08",22,24032,24741,21728,644,6622,3483,16396,0,10,523,1805,-1,1011,-198,0,969,1398,916,986
"2024-09-08",23,24441,25160,22131,675,6622,3923,16396,0,10,630,1783,-1,1051,-208,0,899,1398,917,987
"2024-09-08",24,24520,25197,22206,706,6622,3559,16396,0,14,698,1778,-1,1051,-162,0,896,1398,918,986
"2024-09-08",25,24598,25138,22271,756,6622,3729,16396,0,14,946,1524,-1,1051,-25,0,1015,1398,992,987
"2024-09-08",26,24399,24925,22039,805,6622,4011,16396,0,14,1029,1511,-1,1050,-11,0,1019,1397,998,986
"2024-09-08",27,24246,24869,21889,858,6622,4490,16396,0,14,773,1462,-1,1051,-108,0,1019,1397,997,986
"2024-09-08",28,24106,24738,21790,911,6622,4544,16396,0,9,742,1460,-2,1051,-121,0,1019,1397,998,987
"2024-09-08",29,23877,24508,21583,969,6622,4326,16396,0,9,731,1460,-1,1051,-121,0,1000,1397,998,987
"2024-09-08",30,23923,24587,21659,1027,6622,4215,16396,0,12,832,1472,-1,1051,-121,-30,998,1397,997,986
"2024-09-08",31,24398,25195,22100,1093,6622,3985,16396,0,9,908,1974,-1,1049,-121,-166,623,1397,997,980
"2024-09-08",32,25006,25799,22685,1159,6622,3302,16396,0,13,1115,2005,-1,1048,-119,-160,608,1397,997,930
"2024-09-08",33,25347,26064,23053,1215,6622,2610,16396,0,18,1585,2005,-1,807,-32,-24,653,1397,997,-142
"2024-09-08",34,26572,27416,24231,1270,6622,1952,16396,0,18,1706,2006,-1,711,-66,0,654,1397,997,-259
"2024-09-08",35,27614,29166,25206,1340,6622,1243,16396,0,18,2043,2005,-1,3,-59,0,799,1397,997,-974
"2024-09-08",36,28209,29753,25757,1409,6622,813,16396,0,18,2229,2005,-1,0,22,0,804,1397,997,-1025
"2024-09-08",37,28390,30762,25979,1466,6622,471,16396,0,13,2553,2005,-2,-775,139,0,820,1397,997,-1082
"2024-09-08",38,28533,31092,26045,1522,6622,241,16396,0,13,2651,2005,-1,-968,56,0,820,1397,997,-1077
"2024-09-08",39,28405,30553,26067,1578,6622,20,16396,0,10,2384,2005,-1,-837,-67,0,785,1397,997,-733
"2024-09-08",40,28123,30289,25784,1634,6622,0,16396,0,10,2227,2006,-2,-829,-119,-1,783,1397,997,-705
"2024-09-08",41,27804,29932,25518,1688,6622,0,16396,0,3,2163,2006,-1,-880,-145,-84,734,1397,998,-515
"2024-09-08",42,26809,29126,24641,1742,6622,0,16396,0,6,2233,2006,-1,-881,-296,-131,732,1397,997,-502
"2024-09-08",43,25453,27846,23401,1767,6622,0,16396,0,7,2411,2006,-2,-987,-410,-12,601,1397,997,-475
"2024-09-08",44,24300,26572,22358,1791,6622,0,16396,0,9,2455,2006,-1,-988,-322,0,596,1397,997,-452
"2024-09-08",45,23223,24820,21415,1831,6622,0,16396,0,10,2224,2006,-1,-718,-368,0,672,1397,997,305
"2024-09-08",46,21855,23352,20201,1870,6622,0,16396,0,10,2239,2006,-2,-637,-348,0,676,1397,997,355
"2024-09-08",47,20625,21404,19068,1899,6622,0,16396,0,11,2360,2005,-1,185,-267,0,987,1397,997,273
"2024-09-08",48,19580,20463,18149,1927,6622,0,16396,0,265,2409,2005,-2,200,-116,0,996,1397,997,261
"2024-09-09",1,18774,20146,17391,1927,6622,0,16396,0,87,2801,2006,-1,-668,-116,0,546,1397,997,78
"2024-09-09",2,18435,20103,17079,1926,6622,0,16396,0,91,2780,2006,-2,-808,-267,0,527,1398,997,63
"2024-09-09",3,17983,19952,16727,1965,6622,0,16396,0,533,2741,2007,-2,-647,-287,0,436,1398,997,1
"2024-09-09",4,17800,19523,16584,2003,6622,0,16396,0,265,2466,2006,-1,-641,-302,0,433,1397,997,-14
"2024-09-09",5,17349,19757,16166,2044,6622,0,16396,0,307,2605,2006,-2,-852,-275,0,482,1398,998,-472
"2024-09-09",6,16987,19707,15889,2084,6622,0,16396,0,543,2633,2006,-1,-860,-301,0,487,1397,997,-515
"2024-09-09",7,16927,20126,15700,2118,6622,0,16396,0,476,2447,2005,-2,-968,-301,0,976,1398,997,-952
"2024-09-09",8,16869,20424,15602,2152,6622,0,16396,0,750,2633,2005,-2,-972,-301,-45,994,1398,997,-985
"2024-09-09",9,16861,20636,15571,2181,6622,0,16396,0,694,2704,2005,-1,-1040,-301,-154,515,1398,997,-1085
"2024-09-09",10,16879,20808,15581,2210,6622,0,16396,0,685,2726,2004,-1,-1045,-301,-305,494,1397,997,-1092
"2024-09-09",11,17332,21153,16041,2212,6622,0,16396,0,603,2342,1874,-2,-1041,-301,-282,407,1397,998,-1092
"2024-09-09",12,18702,22162,17216,2214,6622,0,16396,0,359,2660,1845,-1,-1043,-301,-155,392,1397,997,-1101
"2024-09-09",13,20474,24156,18892,2197,6622,0,16396,0,52,3079,980,-1,-1041,-301,-36,-325,1397,998,-1426
"2024-09-09",14,22505,26371,20712,2180,6622,3,16396,0,10,2869,911,-1,-1041,-364,-139,-364,1397,999,-1447
"2024-09-09",15,24729,28545,22737,2167,6622,104,16396,0,1,2527,403,-2,-1019,-451,-291,-105,1397,999,-1447
"2024-09-09",16,26048,29925,23841,2154,6622,359,16396,0,0,2457,384,-1,-1018,-451,-391,-69,1397,998,-1447
"2024-09-09",17,27312,31100,24892,2195,6622,599,16396,0,0,1885,906,-1,-876,-451,-513,848,1397,997,-1447
"2024-09-09",18,27322,31090,24885,2235,6622,920,16396,0,5,2016,940,-1,-838,-451,-530,908,1397,997,-1443
"2024-09-09",19,28081,31243,25582,2309,6622,1358,16396,0,3,2028,996,-1,-415,-452,-530,1012,1397,997,-1261
"2024-09-09",20,28103,31245,25513,2382,6622,1992,16396,0,6,2013,998,-1,-414,-451,-520,1016,1397,993,-1250
"2024-09-09",21,27457,30504,24933,2396,6622,2749,16396,0,11,1632,929,-1,-320,-451,-403,878,1397,838,-1361
"2024-09-09",22,27158,30044,24718,2409,6622,3315,16396,0,8,1868,926,-1,-315,-452,-253,873,1397,829,-1357
"2024-09-09",23,26753,28668,24494,2434,6622,4253,16396,0,8,2099,995,-1,109,-450,-171,783,1397,844,-785
"2024-09-09",24,26307,28023,24135,2458,6622,4558,16396,0,8,2233,989,-1,188,-422,-57,780,1397,848,-728
"2024-09-09",25,26011,27028,23973,2482,6622,4880,16396,0,9,2346,625,-1,414,-342,-115,1011,1397,989,-50
"2024-09-09",26,25356,26343,23309,2506,6622,5018,16396,0,207,2741,603,-1,406,-252,-22,1019,1397,994,-5
"2024-09-09",27,24583,25486,22594,2535,6622,5273,16396,0,23,2629,744,-1,148,-252,0,1019,1397,858,-127
"2024-09-09",28,24045,24976,22100,2563,6622,5912,16396,0,17,2708,755,-1,114,-252,-8,1019,1397,849,-153
"2024-09-09",29,23262,25311,21302,2573,6622,5956,16396,0,16,2589,845,-1,-331,-252,-117,1000,1397,848,-832
"2024-09-09",30,22887,25013,20896,2583,6622,5585,16396,0,13,2486,851,-1,-324,-252,-158,999,1397,848,-878
"2024-09-09",31,22746,24436,20614,2538,6622,5143,16396,0,12,2354,899,-1,406,-252,-43,928,1397,803,-882
"2024-09-09",32,23635,25388,21349,2493,6622,4561,16396,0,8,2172,901,-1,459,-252,-112,925,1397,801,-880
"2024-09-09",33,24891,26445,22449,2362,6622,4046,16396,0,16,2010,948,-1,305,-230,-22,997,1397,846,-785
"2024-09-09",34,25789,27246,23365,2231,6622,3331,16396,0,12,1921,950,-1,304,-182,0,999,1397,853,-762
"2024-09-09",35,27222,28035,24825,2137,6622,2373,16396,0,9,2323,997,-1,164,-37,0,999,1397,988,-266
"2024-09-09",36,28252,28951,25925,2042,6622,1733,16396,0,4,2938,999,-1,159,68,0,988,1397,997,-194
"2024-09-09",37,28909,29410,26707,1951,6622,1159,16396,0,0,3187,999,-1,104,196,0,331,1397,988,815
"2024-09-09",38,29543,30044,27382,1859,6622,472,16396,0,0,3560,1000,-1,102,200,0,297,1397,987,906
"2024-09-09",39,29907,30601,27719,1922,6622,62,16396,0,0,3602,990,-1,-193,82,6,504,1397,996,1346
"2024-09-09",40,30055,30785,28006,1984,6622,0,16396,0,0,3521,990,-1,-210,-19,61,512,1397,997,1377
"2024-09-09",41,29751,30680,27823,2073,6622,0,16396,0,10,3316,999,-1,-208,-152,-58,732,1397,996,1417
"2024-09-09",42,28543,29673,26792,2162,6622,0,16396,0,13,2971,997,-1,-209,-304,-103,740,1397,992,1419
"2024-09-09",43,27042,28446,25402,2239,6622,0,16396,0,12,2830,871,-1,-373,-434,-84,450,1397,867,1419
"2024-09-09",44,25547,26967,24082,2316,6622,0,16396,0,15,3059,867,-1,-374,-451,-79,432,1397,849,1419
"2024-09-09",45,23514,25378,22217,2390,6622,0,16396,0,14,3125,958,-1,-542,-451,-192,-164,1397,484,1419
"2024-09-09",46,22131,23924,20961,2464,6622,0,16396,0,14,2939,949,-1,-555,-452,-77,-194,1397,447,1419
"2024-09-09",47,20415,22622,19376,2557,6622,0,16396,0,14,2936,197,-1,-768,-409,0,-510,1397,-5,1419
"2024-09-09",48,19523,21724,18527,2650,6622,0,16396,0,52,2819,152,-1,-783,-271,-27,-524,1392,-43,1419
"2024-09-10",1,18612,21736,17657,2719,6622,0,16396,0,210,2820,10,-1,-986,-121,0,-943,1316,-363,1419
"2024-09-10",2,18081,21673,17240,2788,6622,0,16396,0,680,2939,5,-2,-987,-63,0,-960,1277,-400,1419
"2024-09-10",3,17686,21951,16992,2899,6622,0,16396,0,815,3201,304,-2,-1027,-114,0,-824,904,-983,1419
"2024-09-10",4,17546,21862,17029,3010,6622,0,16396,0,879,3433,329,-1,-1027,-71,0,-819,828,-1019,1408
"2024-09-10",5,17149,21687,16715,3129,6622,0,16396,0,883,3546,726,-1,-1059,-212,-14,-928,456,-941,995
"2024-09-10",6,16871,21593,16499,3247,6622,0,16396,0,880,3753,745,-1,-1060,-299,-116,-931,380,-935,942
"2024-09-10",7,16406,20796,16035,3389,6622,0,16396,0,707,4089,668,-1,-1055,-176,-46,-975,4,-930,63
"2024-09-10",8,16181,20787,15802,3530,6622,0,16396,0,768,4101,657,-1,-1055,-178,-118,-977,-62,-928,-19
"2024-09-10",9,15904,21002,15558,3608,6622,0,16396,0,533,4331,252,-1,-1050,-48,-22,-1019,-301,-871,-753
"2024-09-10",10,16074,21389,15692,3686,6622,0,16396,0,681,4072,221,-1,-1050,-80,-12,-1021,-301,-869,-800
"2024-09-10",11,16742,21973,16193,3764,6622,0,16396,0,678,4040,-125,-1,-1048,-167,-110,-1021,77,-926,-655
"2024-09-10",12,17670,22705,16964,3841,6622,0,16396,0,709,3857,-147,-1,-1048,-120,-25,-1019,153,-922,-544
"2024-09-10",13,19927,23684,19071,3916,6622,0,16396,0,495,3218,-114,-1,-936,-254,-105,-673,527,-679,916
"2024-09-10",14,21439,25016,20512,3991,6622,12,16396,0,189,3217,-109,-1,-930,-297,-222,-661,603,-668,1084
"2024-09-10",15,23797,27484,22691,4135,6622,112,16396,0,5,3097,128,-1,-965,-426,-371,-639,975,-780,1340
"2024-09-10",16,24818,28649,23607,4278,6622,300,16396,0,4,3407,153,-1,-966,-452,-506,-632,1046,-770,1359
"2024-09-10",17,25939,28409,24632,4423,6622,615,16396,0,2,3344,672,-1,-698,-451,-528,-89,1358,-201,1418
"2024-09-10",18,26279,28659,25033,4567,6622,1032,16396,0,6,3361,707,-1,-672,-452,-529,-65,1397,-155,1423
"2024-09-10",19,26388,28412,25138,4693,6622,1429,16396,0,11,3234,817,-1,-533,-451,-528,164,1397,178,1423
"2024-09-10",20,26004,28017,24729,4819,6622,1992,16396,0,36,3201,820,-1,-496,-452,-528,173,1368,208,1423
"2024-09-10",21,25606,27874,24276,4858,6622,2712,16396,0,787,3037,741,-1,731,-452,-528,387,995,524,1423
"2024-09-10",22,25404,27658,24097,4897,6622,3313,16396,0,773,2933,738,-1,906,-451,-529,392,934,542,1420
"2024-09-10",23,24925,27135,23647,4893,6622,4195,16396,0,694,3272,821,-1,724,-452,-530,-33,756,467,1327
"2024-09-10",24,25093,27299,23832,4889,6622,4374,16396,0,674,3541,828,-1,713,-451,-530,-50,723,461,1315
"2024-09-10",25,25029,27095,23747,4912,6622,4154,16396,0,585,3605,968,-1,210,-451,-529,289,588,432,1122
"2024-09-10",26,24871,27051,23683,4935,6622,4177,16396,0,697,3707,976,-1,184,-452,-530,301,563,441,1111
"2024-09-10",27,24507,27287,23324,4915,6622,4406,16396,0,636,3721,994,-1,-663,-451,-529,283,453,835,1225
"2024-09-10",28,24474,27472,23363,4894,6622,4269,16396,0,715,3626,994,-1,-802,-451,-529,283,435,853,1236
"2024-09-10",29,24308,27261,23202,4839,6622,4064,16396,0,727,3607,886,-1,-744,-452,-529,337,387,625,1336
"2024-09-10",30,24493,27356,23372,4783,6622,3472,16396,0,644,3723,881,-1,-738,-451,-529,339,396,613,1345
"2024-09-10",31,24984,27376,23827,4686,6622,2662,16396,0,612,3749,853,-1,-299,-451,-529,326,586,726,1418
"2024-09-10",32,25270,27604,24092,4588,6622,2395,16396,0,575,3762,852,-1,-277,-451,-530,327,639,740,1423
"2024-09-10",33,26547,28402,25273,4426,6622,2035,16396,0,268,3667,959,-1,-106,-451,-529,723,1012,982,1424
"2024-09-10",34,27258,28840,25885,4263,6622,1822,16396,0,68,3743,964,-1,-104,-403,-506,739,1081,997,1423
"2024-09-10",35,28129,29302,26600,4031,6622,1510,16396,0,16,3769,997,-1,-2,-284,-370,990,1362,996,1424
"2024-09-10",36,28591,29707,27000,3799,6622,1086,16396,0,11,3790,998,-1,0,-383,-221,999,1397,996,1423
"2024-09-10",37,29145,30262,27446,3563,6622,647,16396,0,7,3693,998,-1,0,-452,-157,999,1397,996,1424
"2024-09-10",38,29314,30386,27626,3326,6622,279,16396,0,7,3730,998,-1,0,-402,-162,999,1397,995,1423
"2024-09-10",39,29418,30681,27603,3164,6622,42,16396,0,1,3662,998,-1,0,-449,-312,999,1397,995,1424
"2024-09-10",40,29534,30889,27664,3002,6622,0,16396,0,0,3471,998,-1,0,-452,-402,999,1397,995,1423
"2024-09-10",41,29209,30743,27316,2925,6622,0,16396,0,0,3553,998,-1,-98,-452,-483,999,1397,995,1423
"2024-09-10",42,28227,29813,26358,2848,6622,0,16396,0,0,4023,998,-1,-104,-452,-529,999,1397,996,1424
"2024-09-10",43,26977,28576,25109,2825,6622,0,16396,0,4,3770,998,-1,-113,-451,-530,999,1397,996,1423
"2024-09-10",44,25826,27429,24126,2801,6622,0,16396,0,2,3563,997,-1,-119,-452,-529,988,1397,989,1423
"2024-09-10",45,23667,26032,22092,2810,6622,0,16396,0,4,3715,885,-1,-878,-452,-530,324,1397,722,1423
"2024-09-10",46,22550,25024,21150,2818,6622,0,16396,0,41,3495,880,-1,-950,-452,-530,286,1397,707,1404
"2024-09-10",47,21138,24289,19878,2806,6622,0,16396,0,473,3482,914,-1,-1057,-397,-531,-192,1397,795,709
"2024-09-10",48,20358,23870,19195,2793,6622,0,16396,0,878,3498,915,-1,-1058,-331,-531,-213,1397,799,609
"2024-09-11",1,19547,23193,18417,2812,6622,0,16396,0,505,3420,949,-1,-1061,-332,-483,-238,1397,760,-526
"2024-09-11",2,19195,23093,18080,2831,6622,0,16396,0,733,3374,951,-1,-1062,-331,-389,-239,1397,759,-643
"2024-09-11",3,18710,23426,17691,2862,6622,0,16396,0,751,3686,998,-1,-1058,-332,-404,-480,1397,797,-1190
"2024-09-11",4,18422,23037,17475,2893,6622,0,16396,0,680,3569,1001,-1,-1058,-332,-331,-489,1397,798,-1224
"2024-09-11",5,18255,22930,17271,2881,6622,0,16396,0,862,3409,996,-1,-1054,-331,-453,-426,1397,731,-1048
"2024-09-11",6,17990,22709,16990,2869,6622,0,16396,0,861,3495,984,-1,-1054,-332,-496,-430,1397,730,-1045
"2024-09-11",7,17431,22589,16409,2868,6622,0,16396,0,536,3507,392,-1,-1049,-331,-355,-995,1397,843,-1391
"2024-09-11",8,17454,22594,16323,2867,6622,0,16396,0,574,3370,358,-1,-1048,-332,-249,-1021,1397,849,-1415
"2024-09-11",9,17308,22561,16150,2839,6622,0,16396,0,572,3388,380,-1,-1047,-332,-336,-1020,1397,804,-1445
"2024-09-11",10,17352,22611,16264,2811,6622,0,16396,0,572,3326,391,-1,-1047,-332,-340,-1019,1397,802,-1448
"2024-09-11",11,17860,23011,16713,2818,6622,0,16396,0,568,3156,866,-1,-1045,-332,-236,-1021,1397,810,-1448
"2024-09-11",12,18665,23706,17468,2825,6622,0,16396,0,534,3214,889,-1,-1044,-331,-176,-1014,1397,816,-1441
"2024-09-11",13,20982,24919,19606,2812,6622,0,16396,0,309,3721,615,-1,-1011,-332,-185,-438,1397,986,-1161
"2024-09-11",14,22647,26078,21161,2799,6622,24,16396,0,10,3834,602,-1,-999,-332,-99,-406,1397,997,-1084
"2024-09-11",15,25066,26482,23372,2905,6622,366,16396,0,8,3707,685,-1,-367,-332,-208,141,1397,997,147
"2024-09-11",16,25800,27346,23951,3010,6622,1253,16396,0,10,3728,694,-1,-323,-353,-359,171,1397,994,256
"2024-09-11",17,26392,27836,24400,3221,6622,2445,16396,0,13,3501,954,-1,331,-430,-500,656,1397,904,259
"2024-09-11",18,25485,26981,23496,3432,6622,3817,16396,0,12,3396,968,-1,376,-452,-531,678,1397,894,252
"2024-09-11",19,25086,26733,23107,3605,6622,4754,16396,0,126,2970,997,-1,970,-451,-531,973,1397,730,-38
"2024-09-11",20,24275,26390,22280,3777,6622,5729,16396,0,571,2988,982,-1,1002,-452,-522,984,1397,706,-69
"2024-09-11",21,23550,25838,21633,3786,6622,6010,16396,0,441,3248,314,-1,1008,-451,-441,1018,1397,241,-454
"2024-09-11",22,23130,25478,21299,3795,6622,6649,16396,0,389,3347,288,-1,1010,-452,-522,1019,1397,212,-484
"2024-09-11",23,23001,25423,21161,3800,6622,6930,16396,0,294,2979,838,-1,1054,-451,-530,1019,1397,245,-646
"2024-09-11",24,22795,25474,20903,3804,6622,7316,16396,0,553,3241,876,-1,1057,-452,-531,1019,1397,251,-642
"2024-09-11",25,22774,24883,20932,3810,6622,7101,16396,0,559,3239,993,-1,1047,-451,-519,1019,1397,418,-79
"2024-09-11",26,22828,24707,21013,3815,6622,7727,16396,0,344,3239,994,-1,1046,-452,-531,1019,1397,439,-51
"2024-09-11",27,22383,24618,20625,3835,6622,7935,16396,0,296,3199,824,-1,1042,-451,-531,1019,1397,821,-456
"2024-09-11",28,22263,24520,20591,3854,6622,7973,16396,0,296,3306,818,-1,903,-451,-531,1019,1397,849,-478
"2024-09-11",29,22142,24335,20482,3828,6622,7270,16396,0,305,3620,988,-1,-173,-452,-531,1000,1397,987,-231
"2024-09-11",30,21483,23773,19858,3801,6622,6981,16396,0,412,3574,999,-1,-188,-452,-514,999,1397,996,-223
"2024-09-11",31,21849,24272,20211,3754,6622,5976,16396,0,499,3551,998,-1,772,-452,-396,999,1397,996,-575
"2024-09-11",32,22575,24561,20934,3707,6622,5911,16396,0,35,3478,998,-1,846,-452,-398,999,1397,996,-600
"2024-09-11",33,23734,26108,21929,3580,6622,4893,16396,0,3,3872,999,-1,-491,-445,-314,999,1397,995,-620
"2024-09-11",34,25257,27494,23400,3453,6622,4134,16396,0,10,3739,999,-1,-595,-337,-163,999,1397,995,-631
"2024-09-11",35,26850,29547,24871,3226,6622,2970,16396,0,7,3912,998,-1,-980,-215,-24,999,1397,996,-970
"2024-09-11",36,28294,31163,26323,2998,6622,2063,16396,0,6,3903,998,-1,-981,-316,-81,992,1397,996,-984
"2024-09-11",37,29471,32100,27452,2758,6622,1254,16396,0,7,3822,999,-1,-978,-405,-103,407,1397,996,-635
"2024-09-11",38,29713,32268,27665,2518,6622,435,16396,0,7,3736,999,-1,-968,-336,-149,379,1397,996,-594
"2024-09-11",39,30561,32099,28497,2463,6622,49,16396,0,2,3545,999,-1,-319,-415,-301,463,1397,997,1
"2024-09-11",40,30558,32246,28510,2408,6622,0,16396,0,2,3360,999,-1,-282,-452,-451,466,1397,996,48
"2024-09-11",41,30434,32322,28203,2387,6622,0,16396,0,3,3173,999,-1,-402,-452,-530,450,1397,996,290
"2024-09-11",42,29827,31730,27663,2365,6622,0,16396,0,12,3152,998,-1,-408,-452,-530,446,1397,995,294
"2024-09-11",43,28193,30670,26151,2343,6622,0,16396,0,10,2890,934,-1,-744,-452,-531,-30,1397,948,-209
"2024-09-11",44,26723,29260,24862,2320,6622,0,16396,0,12,3132,931,-1,-759,-451,-531,-50,1397,945,-233
"2024-09-11",45,25247,27379,23578,2302,6622,0,16396,0,10,2932,959,-1,-639,-452,-530,212,1397,991,143
"2024-09-11",46,23754,25845,22195,2284,6622,0,16396,0,10,2899,960,-1,-635,-415,-530,224,1398,994,162
"2024-09-11",47,22403,24732,20942,2272,6622,0,16396,0,14,2916,997,-1,-862,-371,-462,633,1398,996,-119
"2024-09-11",48,21478,23742,20076,2259,6622,0,16396,0,9,2929,999,-1,-871,-371,-365,648,1397,996,-147
"2024-09-12",1,20770,23464,19391,2171,6622,0,16396,0,11,2811,999,-1,-844,-371,-486,324,1398,996,-481
"2024-09-12",2,20264,23032,18852,2083,6622,0,16396,0,16,2585,999,-1,-842,-371,-530,311,1398,996,-508
"2024-09-12",3,19928,22928,18536,2038,6622,0,16396,0,17,2745,947,-1,-915,-371,-531,231,1398,996,-665
"2024-09-12",4,19959,22977,18588,1992,6622,0,16396,0,13,2665,945,-1,-918,-371,-531,228,1398,996,-684
"2024-09-12",5,19659,22899,18345,1935,6622,0,16396,0,69,2625,997,-1,-797,-371,-530,411,1398,996,-972
"2024-09-12",6,19460,22697,18138,1877,6622,0,16396,0,50,2594,999,-1,-788,-371,-530,418,1398,996,-997
"2024-09-12",7,19233,22533,17875,1840,6622,0,16396,0,15,2346,984,-1,-681,-371,-530,648,1397,996,-1202
"2024-09-12",8,19009,22321,17625,1803,6622,0,16396,0,16,2153,984,-1,-678,-371,-531,647,1398,996,-1215
"2024-09-12",9,18831,22229,17501,1720,6622,0,16396,0,14,2448,1000,-1,-817,-371,-530,31,1398,996,-1165
"2024-09-12",10,19059,22472,17666,1637,6622,0,16396,0,17,2504,1000,-1,-823,-371,-530,-3,1397,995,-1168
"2024-09-12",11,19544,23466,18112,1605,6622,0,16396,0,9,2628,970,-1,-712,-371,-456,-442,1398,950,-1431
"2024-09-12",12,20422,24369,18898,1572,6622,0,16396,0,13,2222,965,-1,-708,-371,-449,-459,1397,947,-1446
"2024-09-12",13,22676,26477,20958,1554,6622,0,16396,0,8,2602,729,-1,-699,-371,-320,-548,1397,949,-1354
"2024-09-12",14,24404,28262,22531,1536,6622,19,16396,0,6,2838,719,-1,-699,-408,-371,-550,1397,951,-1323
"2024-09-12",15,26554,28978,24398,1505,6622,375,16396,0,6,2424,798,-1,-314,-452,-507,-204,1397,994,-440
"2024-09-12",16,27169,29434,24820,1474,6622,1199,16396,0,10,2341,807,-1,-261,-452,-531,-156,1397,997,-354
"2024-09-12",17,28529,30018,26060,1554,6622,2381,16396,0,5,1633,987,-1,661,-452,-531,842,1397,997,544
"2024-09-12",18,27795,29289,25315,1633,6622,3686,16396,0,10,1452,999,-1,794,-452,-531,913,1397,996,616
"2024-09-12",19,27034,28533,24540,1698,6622,4988,16396,0,15,1243,999,-1,544,-452,-531,903,1397,965,987
"2024-09-12",20,25973,27469,23587,1763,6622,5893,16396,0,12,1197,999,-1,546,-452,-531,902,1397,963,1014
"2024-09-12",21,25310,26804,22980,1742,6622,6621,16396,0,10,1320,999,-1,936,-452,-531,1014,1397,970,1064
"2024-09-12",22,24889,26383,22580,1721,6622,7025,16396,0,10,1385,999,-1,954,-452,-531,1018,1397,971,1076
"2024-09-12",23,24860,26351,22545,1719,6622,7138,16396,0,14,1566,999,-1,874,-445,-531,1018,1397,995,1375
"2024-09-12",24,24842,26311,22607,1717,6622,7392,16396,0,11,1543,999,-1,872,-431,-526,1018,1397,997,1391
"2024-09-12",25,25023,26419,22749,1736,6622,7374,16396,0,13,1537,999,-1,1051,-452,-430,1019,1397,997,1242
"2024-09-12",26,25096,26477,22882,1754,6622,7087,16396,0,11,1456,999,-1,1057,-452,-417,1019,1398,997,1232
"2024-09-12",27,24772,26263,22577,1793,6622,7241,16396,0,12,1432,999,-1,736,-452,-526,842,1398,997,1232
"2024-09-12",28,24354,25781,22153,1832,6622,6925,16396,0,12,1493,999,-1,722,-384,-530,835,1397,997,1215
"2024-09-12",29,24141,25555,22023,1873,6622,6732,16396,0,11,1657,999,-1,897,-375,-527,933,1397,997,603
"2024-09-12",30,23993,25406,21854,1914,6622,6380,16396,0,10,1678,999,-1,886,-372,-530,936,1397,997,469
"2024-09-12",31,23791,26125,21636,1908,6622,6086,16396,0,11,1579,999,-1,179,-387,-530,982,1397,997,-905
"2024-09-12",32,24640,27163,22449,1902,6622,5784,16396,0,11,1497,999,-1,146,-435,-508,984,1397,997,-1068
"2024-09-12",33,25975,28616,23729,1853,6622,5040,16396,0,11,1586,999,-1,104,-326,-378,959,1397,997,-1425
"2024-09-12",34,27183,29994,24812,1803,6622,4167,16396,0,13,1129,999,-1,103,-410,-437,958,1397,997,-1450
"2024-09-12",35,28602,32167,26108,1646,6622,3134,16396,0,16,1072,999,-1,-614,-452,-530,719,1397,997,-1452
"2024-09-12",36,29552,33239,27066,1488,6622,1925,16396,0,17,1052,999,-1,-733,-452,-531,640,1397,997,-1453
"2024-09-12",37,30021,34482,27569,1312,6622,1166,16396,0,12,1716,1001,-1,-867,-411,-531,-686,1397,997,-1453
"2024-09-12",38,30500,35122,27924,1135,6622,375,16396,0,7,1572,1002,-1,-872,-451,-531,-808,1397,997,-1452
"2024-09-12",39,31335,35074,28708,1093,6622,27,16396,0,8,1336,1001,-1,-355,-452,-531,-486,1397,997,-1406
"2024-09-12",40,31582,35226,28926,1051,6622,264,16396,0,5,1385,1001,-1,-321,-451,-531,-433,1397,997,-1402
"2024-09-12",41,31535,34474,28795,1019,6622,0,16396,0,9,1081,999,-1,120,-452,-531,635,1397,997,-1446
"2024-09-12",42,31059,33996,28346,986,6622,0,16396,0,10,1245,999,-1,130,-451,-531,713,1397,997,-1444
"2024-09-12",43,30056,32791,27438,962,6622,0,16396,0,12,1199,999,-1,3,-452,-531,330,1397,997,-1239
"2024-09-12",44,28520,31224,26063,938,6622,0,16396,0,14,1097,999,-1,0,-451,-531,314,1397,997,-1207
"2024-09-12",45,26931,29385,24593,910,6622,0,16396,0,140,1021,999,-1,-344,-452,-531,376,1398,996,-486
"2024-09-12",46,25324,27636,23129,882,6622,0,16396,0,13,1044,999,-1,-382,-452,-531,384,1399,996,-433
"2024-09-12",47,23644,25839,21591,867,6622,0,16396,0,135,1112,998,-1,-265,-452,-529,930,1399,996,-313
"2024-09-12",48,22545,24606,20561,852,6622,0,16396,0,20,1045,999,-1,-261,-452,-528,956,1399,996,-299
"2024-09-13",1,21883,23990,19991,800,6622,0,16396,0,307,1000,998,-1,-207,-452,-529,997,1398,996,-111
"2024-09-13",2,21784,23872,19907,748,6622,0,16396,0,308,1064,998,-1,-205,-451,-530,998,1398,996,-93
"2024-09-13",3,21331,23399,19459,737,6622,0,16396,0,375,1027,999,-1,-211,-452,-529,996,1398,997,100
"2024-09-13",4,21259,23456,19422,725,6622,0,16396,0,504,1085,999,-1,-211,-452,-529,996,1398,996,118
"2024-09-13",5,20945,23186,19144,721,6622,0,16396,0,653,1157,999,-1,-106,-452,-529,999,1398,997,259
"2024-09-13",6,20675,23052,18870,717,6622,0,16396,0,798,1054,999,-1,-104,-452,-522,999,1398,996,264
"2024-09-13",7,20228,22558,18481,716,6622,0,16396,0,861,1015,999,-1,-2,-451,-515,999,1397,996,103
"2024-09-13",8,20178,22456,18411,714,6622,0,16396,0,863,942,998,-1,0,-452,-462,999,1397,996,82
"2024-09-13",9,20065,22447,18312,734,6622,0,16396,0,700,1009,999,-1,0,-452,-469,996,1397,995,-260
"2024-09-13",10,20118,22437,18395,753,6622,0,16396,0,592,1006,999,-1,0,-439,-479,984,1397,995,-308
"2024-09-13",11,20593,23644,18847,746,6622,0,16396,0,41,1310,999,-1,-625,-346,-331,304,1397,997,-1207
"2024-09-13",12,21603,24765,19771,738,6622,0,16396,0,18,1176,999,-1,-746,-433,-221,267,1397,995,-1243
"2024-09-13",13,23713,26111,21728,741,6622,0,16396,0,17,1292,1000,-1,-809,-448,-294,150,1397,959,-329
"2024-09-13",14,25363,27758,23252,744,6622,15,16396,0,9,1503,1000,-1,-732,-452,-446,146,1397,958,-255
"2024-09-13",15,27380,28873,25092,694,6622,378,16396,0,9,1494,999,-1,94,-452,-531,366,1397,994,262
"2024-09-13",16,27924,29420,25494,643,6622,1266,16396,0,12,1433,999,-1,122,-452,-531,382,1397,997,334
"2024-09-13",17,28833,30329,26208,624,6622,2601,16396,0,13,1117,999,-1,949,-451,-531,971,1397,996,1289
"2024-09-13",18,28259,29751,25604,604,6622,3821,16396,0,8,891,999,-1,1003,-452,-531,999,1397,997,1360
"2024-09-13",19,27718,29211,25051,601,6622,5068,16396,0,9,851,998,-1,962,-452,-531,1018,1397,997,1223
"2024-09-13",20,26632,28127,24008,598,6622,6416,16396,0,11,861,998,-1,960,-452,-531,1019,1397,997,1213
"2024-09-13",21,25327,26822,22826,634,6622,7473,16396,0,11,611,999,-1,1006,-452,-531,1019,1397,996,1204
"2024-09-13",22,24671,26164,22214,670,6622,8413,16396,0,10,614,999,-1,1009,-451,-531,1019,1397,997,1207
"2024-09-13",23,24078,25572,21610,677,6622,8966,16396,0,10,611,999,-1,1060,-452,-531,1019,1397,997,1408
"2024-09-13",24,23606,25099,21178,684,6622,8958,16396,0,10,401,999,-1,1060,-451,-531,1019,1397,997,1421
"2024-09-13",25,23537,25030,21096,696,6622,9003,16396,0,10,490,999,-1,1060,-451,-531,1019,1397,997,1421
"2024-09-13",26,23378,24871,20950,707,6622,8979,16396,0,9,495,999,-1,1060,-452,-531,1019,1397,997,1413
"2024-09-13",27,23254,24745,20835,719,6622,8878,16396,0,8,738,999,-1,1051,-451,-531,1019,1397,997,1106
"2024-09-13",28,22702,24158,20308,730,6622,8157,16396,0,10,595,999,-1,1051,-452,-493,1019,1397,997,1091
"2024-09-13",29,22630,24125,20336,750,6622,8115,16396,0,12,682,999,-1,1042,-451,-531,999,1397,997,1314
"2024-09-13",30,22257,23691,19949,769,6622,7430,16396,0,12,664,999,-1,1043,-452,-469,998,1398,997,1332
"2024-09-13",31,22540,23842,20249,791,6622,7093,16396,0,12,1013,999,-1,1045,-452,-337,999,1397,997,1415
"2024-09-13",32,23557,24832,21254,813,6622,6083,16396,0,10,1361,999,-1,1046,-451,-313,999,1397,997,1411
"2024-09-13",33,24703,25898,22361,819,6622,5188,16396,0,9,1459,999,-1,964,-429,-256,996,1397,997,1019
"2024-09-13",34,26058,27271,23659,825,6622,4241,16396,0,9,1491,999,-1,947,-434,-269,996,1398,997,993
"2024-09-13",35,27380,28493,25001,759,6622,3162,16396,0,9,1711,999,-1,604,-352,-251,999,1397,997,993
"2024-09-13",36,28838,29795,26326,693,6622,2127,16396,0,9,1928,999,-1,601,-254,-193,999,1397,997,993
"2024-09-13",37,29703,30543,27231,660,6622,1085,16396,0,11,2031,999,-1,568,-252,-76,914,1397,998,993
"2024-09-13",38,29830,30609,27371,626,6622,347,16396,0,11,2040,999,-1,568,-252,-15,911,1397,997,993
"2024-09-13",39,30062,30821,27702,681,6622,19,16396,0,10,2140,999,-1,707,-248,0,982,1397,997,993
"2024-09-13",40,30378,31105,28035,736,6622,72,16396,0,9,2676,999,-1,717,-217,0,984,1397,998,993
"2024-09-13",41,30500,31084,28171,798,6622,0,16396,0,9,3014,999,-1,940,-74,16,999,1397,996,993
"2024-09-13",42,29518,30152,27291,859,6622,0,16396,0,9,3070,999,-1,949,-124,0,999,1397,997,993
"2024-09-13",43,28386,29079,26255,922,6622,0,16396,0,10,3212,999,-1,981,-182,0,999,1397,996,993
"2024-09-13",44,27180,27989,25158,985,6622,0,16396,0,11,3167,999,-1,981,-297,0,999,1397,996,995
"2024-09-13",45,25590,26323,23702,1059,6622,0,16396,0,11,3008,999,-1,651,-221,0,999,1397,997,1110
"2024-09-13",46,24121,24952,22409,1132,6622,0,16396,0,16,2633,999,-1,592,-314,0,999,1398,997,1125
"2024-09-13",47,22351,23470,20882,1212,6622,0,16396,0,14,2490,999,-1,-298,-306,0,998,1398,997,1405
"2024-09-13",48,21202,22316,19905,1292,6622,0,16396,0,16,2362,999,-1,-323,-274,0,998,1399,996,1424
"2024-09-14",1,20342,20996,19137,1468,6622,0,16398,0,15,2470,999,-1,233,-138,0,999,1399,997,1424
"2024-09-14",2,19624,20213,18562,1643,6622,0,16398,0,18,2527,999,-1,252,-70,0,999,1399,997,1424
"2024-09-14",3,19296,19923,18306,1711,6622,0,16398,0,18,2444,999,-1,2,-108,0,939,1399,996,1424
"2024-09-14",4,19046,19875,18094,1778,6622,0,16398,0,289,2577,999,-1,0,-39,0,937,1399,996,1420
"2024-09-14",5,18732,20097,17750,1818,6622,0,16398,0,306,2424,999,-1,-397,-161,0,957,1399,997,1261
"2024-09-14",6,18421,19872,17440,1858,6622,0,16398,0,310,2292,999,-1,-448,-192,0,958,1400,997,1250
"2024-09-14",7,17886,19574,16974,1873,6622,0,16398,0,308,2383,1000,-1,-689,-190,0,757,1399,997,1237
"2024-09-14",8,17910,19502,16970,1888,6622,0,16398,0,259,2388,999,-1,-700,-132,0,749,1399,997,1228
"2024-09-14",9,17724,19485,16771,1913,6622,0,16398,0,310,2356,934,-1,-829,-121,0,409,1399,998,948
"2024-09-14",10,17601,19364,16686,1937,6622,0,16398,0,309,2238,931,-1,-832,-121,0,395,1399,998,931
"2024-09-14",11,17697,19614,16710,1932,6622,0,16398,0,311,2355,956,-1,-1011,-94,0,375,1399,997,1027
"2024-09-14",12,17973,19800,16969,1926,6622,0,16398,0,309,2490,956,-1,-1014,-3,0,375,1399,998,1040
"2024-09-14",13,18970,20544,17944,1941,6622,0,16398,0,58,2695,908,-1,-1015,68,57,323,1399,997,1264
"2024-09-14",14,19488,21016,18469,1956,6622,7,16398,0,13,2629,905,-1,-1014,218,11,324,1398,997,1278
"2024-09-14",15,20592,21990,19476,1969,6622,290,16398,0,13,2642,848,-1,-884,244,0,743,1399,997,1215
"2024-09-14",16,21284,22671,20072,1982,6622,1021,16398,0,10,2729,847,-1,-876,229,0,760,1398,997,1211
"2024-09-14",17,21755,22982,20442,2042,6622,2144,16398,0,10,2528,976,-1,-716,163,0,956,1399,995,1277
"2024-09-14",18,21583,23146,20156,2102,6622,3271,16398,0,411,2609,981,-1,-651,154,42,963,1398,996,1282
"2024-09-14",19,21421,22786,19859,2217,6622,4568,16398,0,864,2783,861,-1,327,22,1,712,1399,998,1295
"2024-09-14",20,20679,22160,19059,2332,6622,5670,16398,0,864,2809,843,-1,366,-65,-51,703,1398,997,1295
"2024-09-14",21,19827,21380,18230,2479,6622,6909,16398,0,859,2831,356,-1,375,-184,-9,708,1398,983,1238
"2024-09-14",22,19199,20889,17531,2626,6622,7608,16398,0,858,2725,310,-1,375,-331,0,709,1398,983,1212
"2024-09-14",23,18187,20205,16612,2723,6622,8338,16398,0,856,2912,-238,-1,221,-359,-64,614,1398,995,434
"2024-09-14",24,17875,20004,16387,2820,6622,8729,16398,0,844,2861,-281,-1,220,-299,-204,610,1372,996,369
"2024-09-14",25,17547,20117,16091,2920,6622,9156,16398,0,791,3016,-686,-1,282,-404,-160,523,1050,990,-28
"2024-09-14",26,17283,20021,15830,3019,6622,9491,16398,0,842,3155,-711,-1,281,-411,-215,521,987,975,-58
"2024-09-14",27,17162,20092,15776,3080,6622,9266,16398,0,828,3267,-805,-1,2,-411,-250,553,687,504,-135
"2024-09-14",28,16649,19609,15306,3141,6622,9146,16398,0,839,3374,-812,-1,0,-411,-269,554,640,475,-128
"2024-09-14",29,16217,19293,14952,3174,6622,8628,16398,0,837,3580,-812,-1,-232,-411,-283,455,515,485,301
"2024-09-14",30,15990,19094,14831,3206,6622,7936,16398,0,819,3345,-812,-1,-253,-408,-311,451,529,499,315
"2024-09-14",31,16029,19365,14943,3236,6622,7427,16398,0,623,3228,-811,-1,-448,-333,-341,243,902,949,-279
"2024-09-14",32,16766,20073,15708,3265,6622,6661,16398,0,651,3131,-769,-1,-456,-395,-211,235,979,979,-324
"2024-09-14",33,18010,20997,16949,3207,6622,5719,16398,0,536,2933,323,-1,-1021,-299,-61,-51,1352,997,-518
"2024-09-14",34,19666,22152,18576,3149,6622,4493,16398,0,18,2845,419,-1,-1049,-347,-5,-31,1399,998,-535
"2024-09-14",35,21813,24545,20637,3028,6622,3399,16398,0,17,2849,930,-1,-1021,-448,-110,928,1399,997,-635
"2024-09-14",36,23619,26304,22417,2906,6622,2287,16398,0,13,3065,962,-1,-1019,-362,-165,994,1399,997,-625
"2024-09-14",37,24968,26444,23756,2822,6622,1154,16398,0,5,3052,997,-1,-682,-218,-30,997,1399,996,-40
"2024-09-14",38,25639,27066,24454,2737,6622,312,16398,0,6,2933,999,-1,-644,-270,-6,995,1399,996,16
"2024-09-14",39,26012,27485,24877,2688,6622,9,16398,0,5,3120,981,-1,-456,-392,-119,604,1399,996,600
"2024-09-14",40,26171,27734,24957,2639,6622,0,16398,0,9,3229,980,-1,-442,-341,-270,590,1399,996,644
"2024-09-14",41,25869,27512,24672,2605,6622,0,16398,0,8,3121,998,-1,-273,-440,-421,965,1399,997,794
"2024-09-14",42,25078,26830,23877,2571,6622,0,16398,0,8,3159,998,-1,-267,-452,-524,980,1399,995,793
"2024-09-14",43,24123,26075,22945,2532,6622,0,16398,0,8,3289,998,-1,-463,-452,-528,780,1399,941,330
"2024-09-14",44,23292,25269,22134,2492,6622,0,16398,0,13,3110,998,-1,-483,-452,-528,770,1399,938,290
"2024-09-14",45,22183,24496,21105,2421,6622,0,16398,0,11,3079,940,-1,-822,-452,-527,310,1398,956,16
"2024-09-14",46,21237,23521,20220,2350,6622,0,16398,0,14,2947,939,-1,-831,-393,-528,286,1398,959,-17
"2024-09-14",47,19833,23002,18833,2264,6622,0,16398,0,106,2865,997,-1,-1056,-321,-473,-161,1398,994,-551
"2024-09-14",48,19198,22754,18232,2178,6622,0,16398,0,398,2878,1001,-1,-1057,-321,-517,-181,1398,997,-581
"2024-09-15",1,18984,22270,17997,2099,6622,0,16399,0,416,2760,1000,-1,-1058,-321,-529,-73,1398,997,-388
"2024-09-15",2,18495,21892,17497,2019,6622,0,16399,0,551,2705,1001,-1,-1058,-321,-528,-70,1398,998,-368
"2024-09-15",3,18357,21354,17341,1958,6622,0,16399,0,382,2734,1001,-1,-1036,-321,-527,-116,1398,997,-114
"2024-09-15",4,18131,21282,17063,1896,6622,0,16399,0,553,2790,1002,-1,-1035,-322,-529,-117,1399,998,-94
"2024-09-15",5,17860,20818,16764,1832,6622,0,16399,0,549,2616,1001,-1,-967,-321,-529,-87,1397,997,-4
"2024-09-15",6,17586,20537,16457,1768,6622,0,16399,0,550,2683,1001,-1,-965,-321,-528,-86,1398,998,0
"2024-09-15",7,17125,19899,16028,1695,6622,0,16399,0,433,2658,1001,-1,-956,-321,-528,67,1398,998,-35
"2024-09-15",8,16896,19610,15729,1622,6622,0,16399,0,362,2544,1001,-1,-956,-321,-528,72,1398,998,-46
"2024-09-15",9,16613,19720,15368,1594,6622,0,16399,0,551,2569,1001,-1,-966,-321,-528,-40,1398,997,-200
"2024-09-15",10,16419,19532,15134,1565,6622,0,16399,0,550,2395,1001,-1,-966,-321,-527,-43,1398,997,-205
"2024-09-15",11,16811,19568,15527,1516,6622,0,16399,0,452,2494,1001,-1,-944,-321,-528,363,1398,998,-11
"2024-09-15",12,16949,19384,15587,1466,6622,0,16399,0,159,2280,1001,-1,-944,-321,-510,381,1398,997,6
"2024-09-15",13,17645,19776,16171,1432,6622,0,16399,0,18,2078,1000,-1,-913,-321,-378,712,1398,997,180
"2024-09-15",14,18016,19898,16488,1398,6622,4,16399,0,16,2141,1000,-1,-807,-321,-237,724,1397,997,212
"2024-09-15",15,18869,19810,17289,1354,6622,263,16399,0,16,1387,999,-1,95,-338,-86,851,1398,997,939
"2024-09-15",16,19270,20220,17620,1309,6622,967,16399,0,16,1290,999,-1,124,-418,-15,855,1399,996,989
"2024-09-15",17,20135,21220,18314,1344,6622,1776,16399,0,16,1218,998,-1,972,-452,-116,994,1399,996,989
"2024-09-15",18,20418,21439,18446,1379,6622,2765,16399,0,16,1136,999,-1,1028,-452,-52,999,1399,996,989
"2024-09-15",19,20640,21764,18604,1448,6622,3622,16399,0,16,1074,999,-1,1027,-452,-155,1018,1399,996,989
"2024-09-15",20,20542,21729,18455,1517,6622,4296,16399,0,15,1268,998,-1,1027,-451,-220,1019,1399,996,989
"2024-09-15",21,20698,22024,18597,1600,6622,5138,16399,0,14,1306,998,-1,1025,-452,-359,1019,1398,997,989
"2024-09-15",22,20800,22135,18668,1683,6622,5651,16399,0,14,1531,998,-1,1025,-452,-368,1019,1399,997,989
"2024-09-15",23,20954,22411,18831,1763,6622,5863,16399,0,11,1525,999,-1,1053,-452,-493,1019,1399,997,989
"2024-09-15",24,20996,22396,18915,1843,6622,6162,16399,0,14,1385,998,-1,1053,-452,-433,1019,1399,997,989
"2024-09-15",25,21587,22891,19588,1916,6622,5941,16399,0,11,1648,999,-1,1041,-452,-340,1019,1399,997,989
"2024-09-15",26,22097,23368,20141,1988,6622,5363,16399,0,9,2048,998,-1,1039,-452,-309,1019,1399,997,989
"2024-09-15",27,22034,23159,20142,2019,6622,4697,16399,0,8,2301,999,-1,1044,-452,-164,1019,1399,996,989
"2024-09-15",28,22016,23117,20219,2049,6622,4140,16399,0,8,2423,999,-1,1045,-438,-154,1019,1399,997,989
"2024-09-15",29,22514,23388,20766,2064,6622,3572,16399,0,9,2417,999,-1,1041,-333,-31,1000,1399,997,989
"2024-09-15",30,23343,24223,21648,2078,6622,3231,16399,0,9,2633,999,-1,1040,-370,0,999,1399,997,989
"2024-09-15",31,24156,25096,22479,2088,6622,2857,16399,0,9,2440,998,-1,1031,-403,-27,999,1399,996,989
"2024-09-15",32,25118,26170,23367,2097,6622,2349,16399,0,9,2431,998,-1,1030,-384,-158,999,1399,996,989
"2024-09-15",33,26239,27270,24542,1996,6622,2076,16399,0,9,2500,998,-1,893,-361,-160,999,1399,996,989
"2024-09-15",34,27651,28789,25812,1894,6622,1580,16399,0,9,2502,999,-1,888,-333,-295,999,1399,996,966
"2024-09-15",35,28292,29634,26330,1694,6622,1241,16399,0,9,2480,999,-1,813,-385,-447,930,1399,997,133
"2024-09-15",36,28825,30303,26818,1494,6622,845,16399,0,11,2405,999,-1,810,-451,-515,927,1399,997,77
"2024-09-15",37,28942,30313,26862,1330,6622,477,16399,0,7,2126,999,-1,424,-451,-412,744,1399,997,198
"2024-09-15",38,29131,30547,26916,1165,6622,152,16399,0,6,2039,999,-1,399,-451,-458,732,1399,997,208
"2024-09-15",39,28984,30471,26773,1073,6622,4,16399,0,6,2068,1000,-1,145,-452,-528,227,1399,997,270
"2024-09-15",40,29045,30532,26687,980,6622,0,16399,0,6,1636,1000,-1,144,-452,-528,211,1399,997,280
"2024-09-15",41,28718,30208,26340,941,6622,0,16399,0,10,1474,999,-1,190,-451,-528,789,1399,997,505
"2024-09-15",42,27720,29209,25429,902,6622,0,16399,0,10,1410,999,-1,167,-451,-527,817,1399,997,501
"2024-09-15",43,25990,27931,23847,878,6622,0,16399,0,10,1453,999,-1,-242,-452,-528,964,1399,997,-208
"2024-09-15",44,25090,27069,23010,853,6622,0,16399,0,10,1449,999,-1,-243,-452,-528,969,1399,996,-245
"2024-09-15",45,23894,25651,21918,825,6622,0,16399,0,8,1545,999,-1,-270,-451,-527,998,1399,996,231
"2024-09-15",46,22759,24520,20917,796,6622,0,16399,0,9,1462,999,-1,-272,-452,-527,999,1399,996,263
"2024-09-15",47,21151,22726,19427,770,6622,0,16399,0,12,1407,999,-1,-186,-402,-474,999,1398,996,226
"2024-09-15",48,20579,21967,18912,743,6622,0,16399,0,10,1451,999,-1,-181,-341,-355,999,1399,996,220
"2024-09-16",1,19884,21190,18233,712,6622,0,17194,0,9,1362,999,-1,-2,-341,-453,928,1398,997,111
"2024-09-16",2,19492,20817,17849,681,6622,0,17194,0,9,1230,999,-1,0,-341,-474,925,1398,997,104
"2024-09-16",3,19318,20732,17685,662,6622,0,17194,0,9,1092,999,-1,-99,-341,-464,987,1398,996,104
"2024-09-16",4,19273,20669,17703,642,6622,0,17194,0,9,956,999,-1,-104,-341,-441,989,1398,997,104
"2024-09-16",5,19192,20670,17591,629,6622,0,17194,0,9,1037,999,-1,-104,-341,-523,879,1399,997,83
"2024-09-16",6,18813,20257,17228,615,6622,0,17194,0,9,727,999,-1,-104,-341,-489,875,1399,997,73
"2024-09-16",7,18540,20096,16933,599,6622,0,17194,0,9,523,999,-1,-121,-341,-503,953,1398,997,-81
"2024-09-16",8,18440,19987,16847,583,6622,0,17194,0,9,461,999,-1,-122,-341,-480,954,1398,997,-94
"2024-09-16",9,18311,19993,16716,591,6622,0,17194,0,8,585,999,-1,-270,-341,-428,674,1398,997,-134
"2024-09-16",10,18306,20035,16695,598,6622,0,17194,0,8,428,999,-1,-288,-342,-429,664,1398,997,-161
"2024-09-16",11,18831,22043,17173,590,6622,0,17194,0,8,413,999,-1,-1000,-342,-323,986,1398,997,-1038
"2024-09-16",12,19835,23247,18080,581,6622,0,17194,0,8,315,996,-1,-1042,-342,-422,994,1398,997,-1097
"2024-09-16",13,22166,25531,20252,566,6622,0,17194,0,11,580,854,-1,-1043,-357,-356,508,1398,998,-1097
"2024-09-16",14,23849,27208,21734,550,6622,2,17194,0,12,409,846,-1,-1042,-339,-371,486,1397,998,-1094
"2024-09-16",15,25510,29034,23182,503,6622,212,17194,0,2,180,903,-1,-992,-429,-507,252,1397,998,-1093
"2024-09-16",16,26852,30410,24382,455,6622,905,17194,0,3,36,908,-1,-984,-452,-530,256,1397,998,-1088
"2024-09-16",17,27967,30823,25358,433,6622,1843,17194,0,6,-258,994,-1,-484,-452,-531,961,1397,997,-882
"2024-09-16",18,27352,30129,24727,410,6622,3092,17194,0,6,-424,999,-1,-439,-452,-531,999,1397,997,-848
"2024-09-16",19,27621,29244,24915,395,6622,4423,17194,0,9,-659,999,-1,808,-452,-531,1018,1397,997,-130
"2024-09-16",20,26861,28434,24173,380,6622,5553,17194,0,16,-497,999,-1,1028,-452,-531,1019,1397,997,-73
"2024-09-16",21,25729,27229,23048,374,6622,6733,17194,0,16,-772,999,-1,1026,-452,-531,1019,1397,997,189
"2024-09-16",22,24824,26324,22167,368,6622,7769,17194,0,16,-875,999,-1,1024,-452,-531,1019,1397,997,211
"2024-09-16",23,24096,25590,21456,367,6622,8427,17194,0,11,-974,999,-1,936,-452,-530,953,1397,997,313
"2024-09-16",24,23464,24923,20940,366,6622,9169,17194,0,11,-1075,997,-1,932,-452,-495,950,1397,997,323
"2024-09-16",25,23079,24413,20579,378,6622,9644,17194,0,11,-1040,787,-1,720,-452,-370,811,1397,997,423
"2024-09-16",26,22696,24057,20248,390,6622,9745,17194,0,11,-988,779,-1,711,-452,-397,806,1397,997,416
"2024-09-16",27,22318,23899,19867,406,6622,9799,17194,0,11,-1070,989,-1,831,-452,-519,750,1397,997,-98
"2024-09-16",28,21891,23520,19518,422,6622,9717,17194,0,12,-1026,999,-1,838,-452,-530,747,1397,997,-134
"2024-09-16",29,21832,23417,19519,440,6622,9437,17194,0,11,-919,999,-1,908,-452,-530,681,1397,997,-91
"2024-09-16",30,21879,23475,19555,457,6622,8773,17194,0,21,-903,999,-1,912,-452,-529,679,1397,997,-93
"2024-09-16",31,22165,23986,19856,483,6622,7988,17194,0,12,-852,999,-1,1042,-451,-529,987,1397,997,-328
"2024-09-16",32,23162,25011,20837,508,6622,7172,17194,0,10,-623,999,-1,1047,-452,-530,999,1397,997,-356
"2024-09-16",33,24337,26625,21963,533,6622,6155,17194,0,11,-428,999,-1,958,-452,-529,999,1398,997,-795
"2024-09-16",34,25730,28050,23270,557,6622,4909,17194,0,14,-212,999,-1,947,-452,-528,999,1398,997,-825
"2024-09-16",35,27432,29768,24787,574,6622,3674,17194,0,10,279,998,-1,386,-451,-529,999,1398,996,-845
"2024-09-16",36,29054,31384,26375,590,6622,2284,17194,0,10,783,998,-1,357,-452,-528,999,1398,996,-839
"2024-09-16",37,30166,32200,27482,619,6622,1142,17194,0,10,1281,898,-1,277,-451,-529,938,1398,997,-543
"2024-09-16",38,30616,32624,27877,648,6622,290,17194,0,10,1195,890,-1,276,-451,-528,936,1399,998,-518
"2024-09-16",39,31055,32882,28343,684,6622,5,17194,0,10,1213,741,-1,473,-452,-529,704,1398,997,-335
"2024-09-16",40,31087,32865,28331,719,6622,100,17194,0,10,1132,736,-1,493,-451,-529,695,1398,997,-287
"2024-09-16",41,31132,32623,28431,728,6622,0,17194,0,9,633,986,-1,1010,-452,-529,783,1399,997,658
"2024-09-16",42,30165,31654,27615,736,6622,0,17194,0,9,613,999,-1,1035,-451,-528,785,1399,997,734
"2024-09-16",43,28903,30395,26457,737,6622,0,17194,0,10,761,999,-1,697,-452,-529,459,1399,997,794
"2024-09-16",44,27596,29087,25310,737,6622,0,17194,0,10,942,998,-1,676,-452,-528,447,1399,998,797
"2024-09-16",45,26115,27604,23922,732,6622,0,17194,0,10,870,889,-1,454,-451,-527,450,1399,998,726
"2024-09-16",46,24317,25714,22284,726,6622,0,17194,0,12,1046,885,-1,457,-452,-432,456,1399,998,722
"2024-09-16",47,22838,24066,20925,720,6622,0,17194,0,14,1216,993,-1,915,-409,-304,975,1399,996,882
"2024-09-16",48,21842,22974,19990,713,6622,0,17194,0,28,1245,998,-1,930,-451,-152,999,1399,996,891
